N 1.5850000381469727 0.4830000102519989 -0.08100000023841858
C 0.14100000262260437 0.44999998807907104 0.1860000044107437
C -0.0949999988079071 0.006000000052154064 1.6059999465942383
O 0.6850000023841858 -0.7419999837875366 2.1429998874664307
C -0.5329999327659607 -0.5299997925758362 -0.7739999294281006
S -1.5233769416809082 -1.7197943925857544 0.17183001339435577
O -1.1740000247955322 0.4429999887943268 2.2750000953674316
H 1.9279999732971191 -0.45399999618530273 0.06300000101327896
H 1.6929999589920044 0.6819999814033508 -1.065000057220459
H -0.2770000100135803 1.4459999799728394 0.041999999433755875
H -1.1806721687316895 0.018669018521904945 -1.4579564332962036
H 0.2287520170211792 -1.0621708631515503 -1.3429865837097168
H -2.0139451026916504 -2.466979742050171 -0.8324546217918396
H -1.3259999752044678 0.15800000727176666 3.186000108718872
