N 1.5850000381469727 0.4830000102519989 -0.08100000023841858
C 0.14100000262260437 0.44999998807907104 0.1860000044107437
C -0.0949999988079071 0.006000000052154064 1.6059999465942383
O 0.6850000023841858 -0.7419999837875366 2.1429998874664307
C -0.5329999923706055 -0.5299999713897705 -0.7739999890327454
S -0.2973048686981201 0.036022718995809555 -2.4813716411590576
O -1.1740000247955322 0.4429999887943268 2.2750000953674316
H 1.9279999732971191 -0.45399999618530273 0.06300000101327896
H 1.6929999589920044 0.6819999814033508 -1.065000057220459
H -0.2770000100135803 1.4459999799728394 0.041999999433755875
H -0.08929899334907532 -1.5185670852661133 -0.6549299955368042
H -1.598466157913208 -0.580665111541748 -0.5516645908355713
H -0.38694456219673157 -1.1372947692871094 -3.1316192150115967
H -1.3259999752044678 0.15800000727176666 3.186000108718872
