N 1.5850000381469727 0.4830000102519989 -0.08100000023841858
C 0.14100000262260437 0.44999998807907104 0.1860000044107437
C -0.0949999988079071 0.006000000052154064 1.6059999465942383
O 0.6850000023841858 -0.7419999837875366 2.1429998874664307
C -0.5330000519752502 -0.5299999117851257 -0.7739999294281006
S 0.6242719888687134 -0.9721110463142395 -2.0992588996887207
O -1.1740000247955322 0.4429999887943268 2.2750000953674316
H 1.9279999732971191 -0.45399999618530273 0.06300000101327896
H 1.6929999589920044 0.6819999814033508 -1.065000057220459
H -0.2770000100135803 1.4459999799728394 0.041999999433755875
H -0.8232274651527405 -1.429386019706726 -0.2306898981332779
H -1.418613314628601 -0.0641792044043541 -1.2051820755004883
H -0.14491237699985504 -1.814736008644104 -2.8105039596557617
H -1.3259999752044678 0.15800000727176666 3.186000108718872
