N 1.5850000381469727 0.4830000102519989 -0.08100000023841858
C 0.14100000262260437 0.44999998807907104 0.1860000044107437
C -0.0949999988079071 0.006000000052154064 1.6059999465942383
O 0.6850000023841858 -0.7419999837875366 2.1429998874664307
C -0.5330000519752502 -0.5299999117851257 -0.7739999294281006
S 0.7325747609138489 -1.5212140083312988 -1.6147538423538208
O -1.1740000247955322 0.4429999887943268 2.2750000953674316
H 1.9279999732971191 -0.45399999618530273 0.06300000101327896
H 1.6929999589920044 0.6819999814033508 -1.065000057220459
H -0.2770000100135803 1.4459999799728394 0.041999999433755875
H -1.196994423866272 -1.1886636018753052 -0.2140117734670639
H -1.1101417541503906 0.02510955184698105 -1.5129038095474243
H -0.05027163028717041 -2.2929325103759766 -2.3887906074523926
H -1.3259999752044678 0.15800000727176666 3.186000108718872
