N 1.5850000381469727 0.4830000102519989 -0.08100000023841858
C 0.14100000262260437 0.44999998807907104 0.1860000044107437
C -0.0949999988079071 0.006000000052154064 1.6059999465942383
O 0.6850000023841858 -0.7419999837875366 2.1429998874664307
C -0.5329999923706055 -0.5299999713897705 -0.7739999890327454
S -0.6098025441169739 0.20248059928417206 -2.4318981170654297
O -1.1740000247955322 0.4429999887943268 2.2750000953674316
H 1.9279999732971191 -0.45399999618530273 0.06300000101327896
H 1.6929999589920044 0.6819999814033508 -1.065000057220459
H -0.2770000100135803 1.4459999799728394 0.041999999433755875
H 0.04246646165847778 -1.455032229423523 -0.8122987747192383
H -1.5424236059188843 -0.74415522813797 -0.4241149127483368
H -1.2199506759643555 -0.7923060059547424 -3.0994679927825928
H -1.3259999752044678 0.15800000727176666 3.186000108718872
