C 3.9800000190734863 2.441999912261963 -0.3240000009536743
C 4.4120001792907715 1.125 0.32499998807907104
C 5.757021903991699 1.2855244874954224 1.0729249715805054
C 6.48301887512207 -0.010816685855388641 0.791459858417511
N 5.949926376342773 -0.6363705396652222 -0.18015924096107483
C 4.796877384185791 0.0757007896900177 -0.7435967326164246
C 3.654768466949463 -0.8786453008651733 -0.9766606092453003
O 3.661486864089966 -1.972393274307251 -0.45185041427612305
N 2.6242711544036865 -0.5173602104187012 -1.7666547298431396
C 1.5133684873580933 -1.4455310106277466 -1.9925745725631714
C 0.4854733645915985 -0.7945682406425476 -2.9198200702667236
C -0.674284815788269 -1.7632133960723877 -3.155536651611328
C -1.7021799087524414 -1.112250566482544 -4.082781791687012
C -2.862781524658203 -2.0810914039611816 -4.319000720977783
C -3.9318642616271973 -1.3961459398269653 -5.130510330200195
O -4.795989990234375 -0.5609295964241028 -4.532910346984863
O -4.011466026306152 -1.5999513864517212 -6.318673133850098
N -2.3752098083496094 -3.2600295543670654 -5.047086238861084
H -5.464451789855957 -0.14508189260959625 -5.095150470733643
H -3.2773101329803467 -2.3919379711151123 -3.359971046447754
H -3.10868763923645 -3.945174217224121 -5.158541679382324
H -1.9859189987182617 -2.9986815452575684 -5.94043493270874
H -2.080294609069824 -0.1990552395582199 -3.6223151683807373
H -1.2315971851348877 -0.8704719543457031 -5.035280227661133
H -0.2970125675201416 -2.6766042709350586 -3.6165049076080322
H -1.1459887027740479 -2.004232168197632 -2.203444480895996
H 0.10866192728281021 0.11904280632734299 -2.4597115516662598
H 0.9573593735694885 -0.5523738265037537 -3.872676372528076
H 1.8914834260940552 -2.3587262630462646 -2.4530413150787354
H 1.0425074100494385 -1.6863540410995483 -1.0399807691574097
H 2.618971824645996 0.3570205569267273 -2.1863880157470703
H 5.075529098510742 0.5691643357276917 -1.6751607656478882
H 7.342803001403809 -0.36151719093322754 1.343808889389038
H 6.317714214324951 2.132208824157715 0.6760730147361755
H 5.5891571044921875 1.4059280157089233 2.1431689262390137
H 3.6354496479034424 0.7443973422050476 0.988420844078064
H 4.3460001945495605 2.4779999256134033 -1.350000023841858
H 2.8919999599456787 2.506999969482422 -0.3240000009536743
H 4.394999980926514 3.2780001163482666 0.23899999260902405
