C 3.9800000190734863 2.441999912261963 -0.3240000009536743
C 4.4120001792907715 1.124999761581421 0.325000137090683
C 3.421248197555542 -0.014967379160225391 -0.011346681974828243
C 3.3324005603790283 -0.8064121007919312 1.274155616760254
N 3.7934741973876953 -0.1426335871219635 2.2571909427642822
C 4.271282196044922 1.1880851984024048 1.8635958433151245
C 5.605823516845703 1.4750356674194336 2.500908374786377
O 6.256071090698242 0.5701367855072021 2.9805874824523926
N 6.078869342803955 2.7365705966949463 2.5369515419006348
C 7.3771209716796875 3.015174150466919 3.156280517578125
C 7.67476749420166 4.512900352478027 3.0650172233581543
C 9.029994010925293 4.803822994232178 3.711237907409668
C 9.327640533447266 6.301548957824707 3.6199746131896973
C 10.68352222442627 6.593163967132568 4.26649808883667
C 11.03289794921875 8.045458793640137 4.067968368530273
O 11.541181564331055 8.459165573120117 2.8966784477233887
O 10.856376647949219 8.836763381958008 4.963670253753662
N 10.613456726074219 6.298401832580566 5.703834533691406
H 11.749804496765137 9.400434494018555 2.8168392181396484
H 11.448098182678223 5.96870231628418 3.8042562007904053
H 11.514854431152344 6.420596122741699 6.142454147338867
H 9.911666870117188 6.864917278289795 6.1560211181640625
H 9.352864265441895 6.604052543640137 2.5727012157440186
H 8.549866676330566 6.859641075134277 4.140319347381592
H 9.005424499511719 4.502010822296143 4.758813858032227
H 9.80824089050293 4.246955871582031 3.1903693675994873
H 7.69860315322876 4.8151984214782715 2.017916679382324
H 6.895605087280273 5.070786952972412 3.5855348110198975
H 7.3518967628479 2.71267032623291 4.203553676605225
H 8.154712677001953 2.4576148986816406 2.6351094245910645
H 5.558926582336426 3.4600722789764404 2.153609037399292
H 3.5439653396606445 1.9498051404953003 2.146010398864746
H 2.9301912784576416 -1.806380033493042 1.348995327949524
H 2.445553779602051 0.391522616147995 -0.27879488468170166
H 3.810607433319092 -0.6365309953689575 -0.8176692128181458
H 5.428738117218018 0.8619691729545593 0.033323246985673904
H 4.3460001945495605 2.4779999256134033 -1.350000023841858
H 2.8919999599456787 2.506999969482422 -0.3240000009536743
H 4.394999980926514 3.2780001163482666 0.23899999260902405
