C 3.9800000190734863 2.441999912261963 -0.3240000009536743
C 4.4120001792907715 1.1249996423721313 0.325000137090683
C 3.2205653190612793 0.14535579085350037 0.4475756883621216
C 3.4362921714782715 -0.5186334252357483 1.7889835834503174
N 4.270313739776611 0.13181115686893463 2.4967117309570312
C 4.7751641273498535 1.328999400138855 1.8141456842422485
C 6.268709659576416 1.43568754196167 1.9798167943954468
O 6.908031940460205 0.47397422790527344 2.3514761924743652
N 6.895601272583008 2.5987319946289062 1.7135896682739258
C 8.34825325012207 2.701934337615967 1.874206304550171
C 8.802278518676758 4.116791248321533 1.510687232017517
C 10.318601608276367 4.224591255187988 1.6780685186386108
C 10.772626876831055 5.639448642730713 1.3145495653152466
C 12.289756774902344 5.747842311859131 1.481933355331421
C 12.752245903015137 7.101104736328125 1.0071467161178589
O 12.915135383605957 7.332143783569336 -0.3049176335334778
O 12.97734260559082 7.977339267730713 1.807863712310791
N 12.638614654541016 5.580496311187744 2.8989806175231934
H 13.213606834411621 8.215977668762207 -0.5611134767532349
H 12.77655029296875 4.970062255859375 0.893470823764801
H 13.640260696411133 5.582796573638916 3.027573347091675
H 12.199718475341797 6.2900004386901855 3.466338872909546
H 10.506111145019531 5.851943492889404 0.2788172662258148
H 10.282808303833008 6.35869026184082 1.9702372550964355
H 10.585923194885254 4.012689590454102 2.713803291320801
H 10.808866500854492 3.5064337253570557 1.0215898752212524
H 8.53448486328125 4.329330921173096 0.4755611717700958
H 8.311182022094727 4.836077690124512 2.1669809818267822
H 8.614768981933594 2.4894392490386963 2.909938335418701
H 8.837712287902832 1.9831831455230713 1.217725157737732
H 6.384453296661377 3.367680311203003 1.416616678237915
H 4.285111904144287 2.221575975418091 2.204172134399414
H 2.9465131759643555 -1.4279979467391968 2.1059725284576416
H 2.27512526512146 0.6882829666137695 0.43685784935951233
H 3.246626615524292 -0.5929675698280334 -0.3538588881492615
H 5.238591194152832 0.6731526851654053 -0.22326801717281342
H 4.3460001945495605 2.4779999256134033 -1.350000023841858
H 2.8919999599456787 2.506999969482422 -0.3240000009536743
H 4.394999980926514 3.2780001163482666 0.23899999260902405
