C 3.9800000190734863 2.441999912261963 -0.3240000009536743
C 4.4120001792907715 1.124999761581421 0.3250000774860382
C 4.402475357055664 1.2332632541656494 1.8685131072998047
C 5.62236213684082 0.4466361105442047 2.2926456928253174
N 6.407635688781738 0.24857954680919647 1.3109797239303589
C 5.908606052398682 0.8377687335014343 0.06283904612064362
C 6.063981533050537 -0.13696561753749847 -1.0752555131912231
O 6.273054599761963 -1.309640884399414 -0.8453053832054138
N 5.9690470695495605 0.2927243113517761 -2.349184989929199
C 6.119569778442383 -0.6556610465049744 -3.455780506134033
C 5.970004081726074 0.08484908193349838 -4.785961151123047
C 6.126863956451416 -0.9050186276435852 -5.941137313842773
C 5.977298736572266 -0.1645084172487259 -7.271317958831787
C 6.1342387199401855 -1.1545087099075317 -8.427482604980469
C 5.865147590637207 -0.4501675069332123 -9.732139587402344
O 4.6015625 -0.2372395545244217 -10.131439208984375
O 6.787004470825195 -0.0783560499548912 -10.418828010559082
N 7.502865791320801 -1.6879582405090332 -8.432159423828125
H 4.479122638702393 0.21865718066692352 -10.975862503051758
H 5.425436496734619 -1.973268747329712 -8.30327033996582
H 7.613718509674072 -2.3932039737701416 -9.146425247192383
H 8.179548263549805 -0.9483723044395447 -8.546330451965332
H 4.99098539352417 0.29768499732017517 -7.3212175369262695
H 6.743587970733643 0.6063562631607056 -7.346989154815674
H 7.11325740814209 -1.3673444986343384 -5.89222526550293
H 5.359951972961426 -1.6753203868865967 -5.866604328155518
H 4.984317779541016 0.5478811860084534 -4.8349103927612305
H 6.736920356750488 0.8565524816513062 -4.860682010650635
H 7.10588264465332 -1.1178542375564575 -3.4058806896209717
H 5.3525776863098145 -1.425830364227295 -3.3802595138549805
H 5.802069187164307 1.2303059101104736 -2.5330471992492676
H 6.4390177726745605 1.7649461030960083 -0.15618161857128143
H 5.804111003875732 0.09709574282169342 3.2986767292022705
H 4.490818500518799 2.274259090423584 2.180386781692505
H 3.4969208240509033 0.7866181135177612 2.2790944576263428
H 3.7873082160949707 0.2993684709072113 -0.015747960656881332
H 4.3460001945495605 2.4779999256134033 -1.350000023841858
H 2.8919999599456787 2.506999969482422 -0.3240000009536743
H 4.394999980926514 3.2780001163482666 0.23899999260902405
