C 3.9800000190734863 2.441999912261963 -0.3240000009536743
C 4.4120001792907715 1.1249998807907104 0.3250000476837158
C 4.76087760925293 0.06298056989908218 -0.7448801398277283
C 4.219738006591797 -1.2244489192962646 -0.16480450332164764
N 3.4047203063964844 -0.9954403638839722 0.7853797674179077
C 3.2247962951660156 0.43878650665283203 1.0396441221237183
C 3.270949602127075 0.7182046175003052 2.519273519515991
O 3.714679479598999 -0.11568675935268402 3.280512571334839
N 2.8211171627044678 1.8951143026351929 2.9978930950164795
C 2.866758346557617 2.16676926612854 4.436908721923828
C 2.2998499870300293 3.5609116554260254 4.710928440093994
C 2.347649574279785 3.8446993827819824 6.212945461273193
C 1.7807410955429077 5.238842010498047 6.486965179443359
C 1.8282853364944458 5.523242950439453 7.9897308349609375
C 1.3856340646743774 6.940431594848633 8.24716567993164
O 2.2442541122436523 7.9554362297058105 8.062877655029297
O 0.25825589895248413 7.162403106689453 8.620463371276855
N 0.9319320917129517 4.595067501068115 8.691706657409668
H 1.9142671823501587 8.847195625305176 8.241090774536133
H 2.8473005294799805 5.38890266418457 8.352715492248535
H 0.994414746761322 4.718871593475342 9.692008018493652
H -0.019658369943499565 4.699883460998535 8.373254776000977
H 2.375958204269409 5.983757019042969 5.958056926727295
H 0.7486671209335327 5.286607265472412 6.140988826751709
H 1.7521772384643555 3.1003968715667725 6.7426018714904785
H 3.379688262939453 3.7983367443084717 6.5590972900390625
H 2.894380569458008 4.305232048034668 4.180936336517334
H 1.267089605331421 3.6080825328826904 4.36386775970459
H 2.2715413570404053 1.4218538999557495 4.965816974639893
H 3.899052143096924 2.11979341506958 4.782312870025635
H 2.4661896228790283 2.5617494583129883 2.389312505722046
H 2.279738664627075 0.7819757461547852 0.6176818609237671
H 4.490110874176025 -2.211433172225952 -0.511315107345581
H 4.267993927001953 0.2941204011440277 -1.6895397901535034
H 5.840111255645752 -0.002896413439884782 -0.8827690482139587
H 5.245323657989502 1.2828952074050903 1.0095857381820679
H 4.3460001945495605 2.4779999256134033 -1.350000023841858
H 2.8919999599456787 2.506999969482422 -0.3240000009536743
H 4.394999980926514 3.2780001163482666 0.23899999260902405
