C 3.9800000190734863 2.441999912261963 -0.3240000009536743
C 4.4120001792907715 1.125 0.32499998807907104
C 5.82490873336792 1.244459867477417 0.9444055557250977
C 6.466006278991699 -0.09092692285776138 0.640218198299408
N 5.820672035217285 -0.71797776222229 -0.2597261965274811
C 4.65300178527832 0.030227500945329666 -0.740105390548706
C 3.4545018672943115 -0.8770279884338379 -0.8400734066963196
O 3.4617111682891846 -1.955092430114746 -0.283763587474823
N 2.3731563091278076 -0.4909372329711914 -1.5458831787109375
C 1.2074780464172363 -1.3732829093933105 -1.642350435256958
C 0.1287403553724289 -0.7018203139305115 -2.4941532611846924
C -1.0881749391555786 -1.6226216554641724 -2.5947353839874268
C -2.16691255569458 -0.9511590003967285 -3.446538209915161
C -3.384720802307129 -1.8721312284469604 -3.547538995742798
C -4.492491245269775 -1.1616700887680054 -4.281518936157227
O -5.262204170227051 -0.27175062894821167 -3.635755777359009
O -4.688107967376709 -1.394233226776123 -5.450814247131348
N -3.0162642002105713 -3.0916807651519775 -4.278748989105225
H -5.960358619689941 0.15856052935123444 -4.148880958557129
H -3.7236316204071045 -2.137230634689331 -2.546010732650757
H -3.7856006622314453 -3.745429039001465 -4.302623748779297
H -2.698641300201416 -2.8730504512786865 -5.21107816696167
H -2.462137460708618 -0.009332842193543911 -2.9831464290618896
H -1.7746081352233887 -0.7574086785316467 -4.444394111633301
H -0.7938421964645386 -2.5646185874938965 -3.0585451126098633
H -1.481598973274231 -1.8155730962753296 -1.5972079038619995
H -0.1652023196220398 0.2403516322374344 -2.03124737739563
H 0.5223268866539001 -0.5077240467071533 -3.492494821548462
H 1.502703070640564 -2.3151087760925293 -2.1057419776916504
H 0.8149463534355164 -1.5660637617111206 -0.6444047689437866
H 2.367447853088379 0.3708973228931427 -1.9908039569854736
H 4.867061138153076 0.4846436679363251 -1.7079118490219116
H 7.3564229011535645 -0.4651906490325928 1.1243607997894287
H 6.383220672607422 2.0534255504608154 0.4725964665412903
H 5.760035991668701 1.40179443359375 2.0210368633270264
H 3.683109760284424 0.7986409664154053 1.0667716264724731
H 4.3460001945495605 2.4779999256134033 -1.350000023841858
H 2.8919999599456787 2.506999969482422 -0.3240000009536743
H 4.394999980926514 3.2780001163482666 0.23899999260902405
