C 3.9800000190734863 2.441999912261963 -0.3240000009536743
C 4.4120001792907715 1.125 0.32499998807907104
C 5.767772674560547 0.640935480594635 -0.24227988719940186
C 5.601773738861084 -0.8587822914123535 -0.3427044153213501
N 4.376526355743408 -1.1934857368469238 -0.2633823752403259
C 3.486370801925659 -0.0378444567322731 -0.10168635845184326
C 2.461472272872925 -0.31181052327156067 0.9679086208343506
O 2.6235711574554443 -1.231766700744629 1.7419629096984863
N 1.3650718927383423 0.4658130705356598 1.066648006439209
C 0.36883318424224854 0.19946448504924774 2.1074230670928955
C -0.7667748332023621 1.218666672706604 1.99913489818573
C -1.8066283464431763 0.940911591053009 3.085611581802368
C -2.9422364234924316 1.960113763809204 2.977323293685913
C -3.9829905033111572 1.6825778484344482 4.064177513122559
C -5.037662506103516 2.7584643363952637 4.036402702331543
O -4.800192356109619 3.9458343982696533 4.615353584289551
O -6.097126007080078 2.5514323711395264 3.493927001953125
N -4.609197616577148 0.3765358626842499 3.8195388317108154
H -5.507345199584961 4.604557514190674 4.5717291831970215
H -3.496427059173584 1.6753723621368408 5.039575576782227
H -5.25403356552124 0.14025026559829712 4.559938430786133
H -5.067712783813477 0.35724619030952454 2.921032428741455
H -2.5416977405548096 2.9658899307250977 3.1073591709136963
H -3.410978317260742 1.8800655603408813 1.99700129032135
H -2.208066701889038 -0.06464558094739914 2.9559531211853027
H -1.3386200666427612 1.0221503973007202 4.066143035888672
H -0.36574020981788635 2.224135398864746 2.127882719039917
H -1.2350207567214966 1.1383111476898193 1.0175247192382812
H -0.031705278903245926 -0.8063114285469055 1.9773870706558228
H 0.8377413153648376 0.28048431873321533 3.0875771045684814
H 1.2353742122650146 1.2012124061584473 0.4476874768733978
H 2.995598554611206 0.19657933712005615 -1.046754002571106
H 6.417490482330322 -1.5565506219863892 -0.46531885862350464
H 5.947531700134277 1.0729420185089111 -1.2270634174346924
H 6.5805864334106445 0.8915225863456726 0.43936362862586975
H 4.450335502624512 1.2195310592651367 1.4101777076721191
H 4.3460001945495605 2.4779999256134033 -1.350000023841858
H 2.8919999599456787 2.506999969482422 -0.3240000009536743
H 4.394999980926514 3.2780001163482666 0.23899999260902405
