C 3.9800000190734863 2.441999912261963 -0.3240000009536743
C 4.4120001792907715 1.1249996423721313 0.325000137090683
C 3.1856062412261963 0.26849520206451416 0.720729649066925
C 3.585481882095337 -0.3438672721385956 2.044325828552246
N 4.585097312927246 0.2608203887939453 2.5489742755889893
C 5.055086135864258 1.3694146871566772 1.7098323106765747
C 6.557508945465088 1.3442919254302979 1.6021138429641724
O 7.171754837036133 0.3471200466156006 1.918509840965271
N 7.219832420349121 2.4286422729492188 1.1526093482971191
C 8.680976867675781 2.4036192893981934 1.0473688840866089
C 9.177114486694336 3.7495787143707275 0.5160059332847595
C 10.702259063720703 3.7235190868377686 0.40587735176086426
C 11.198396682739258 5.069478511810303 -0.12548553943634033
C 12.724381446838379 5.043934345245361 -0.2357933521270752
C 13.203510284423828 6.322214126586914 -0.8738157749176025
O 13.144089698791504 6.470179080963135 -2.206482410430908
O 13.642036437988281 7.213046073913574 -0.18554474413394928
N 13.309592247009277 4.91679048538208 1.1055090427398682
H 13.463284492492676 7.308110237121582 -2.5696237087249756
H 13.030116081237793 4.195219993591309 -0.8476818203926086
H 14.314627647399902 4.831971168518066 1.055056095123291
H 13.041302680969238 5.692068576812744 1.6927788257598877
H 10.76683235168457 5.2531561851501465 -1.1098334789276123
H 10.897049903869629 5.863678932189941 0.5568588376045227
H 11.134662628173828 3.540356397628784 1.3900463581085205
H 11.003989219665527 2.9303152561187744 -0.27739468216896057
H 8.744412422180176 3.933450937271118 -0.4675244987010956
H 8.874629974365234 4.543973445892334 1.1991677284240723
H 9.112541198730469 2.2199418544769287 2.031716823577881
H 8.981868743896484 1.6099005937576294 0.3642759919166565
H 6.728768825531006 3.2259485721588135 0.899814248085022
H 4.719647407531738 2.3225162029266357 2.119763135910034
H 3.08774733543396 -1.1862181425094604 2.5025992393493652
H 2.302220582962036 0.8961740732192993 0.840690553188324
H 3.004483938217163 -0.5087202787399292 -0.021718088537454605
H 5.0850019454956055 0.5706461668014526 -0.3290468156337738
H 4.3460001945495605 2.4779999256134033 -1.350000023841858
H 2.8919999599456787 2.506999969482422 -0.3240000009536743
H 4.394999980926514 3.2780001163482666 0.23899999260902405
