C 3.9800000190734863 2.441999912261963 -0.3240000009536743
C 4.4120001792907715 1.1249998807907104 0.3250000774860382
C 4.280434608459473 -0.05585244670510292 -0.6662226915359497
C 3.776378870010376 -1.193487286567688 0.19314318895339966
N 3.322970151901245 -0.7670958638191223 1.3031702041625977
C 3.416706085205078 0.6923684477806091 1.4264891147613525
C 3.9428908824920654 1.0703272819519043 2.7865569591522217
O 4.482804775238037 0.235368013381958 3.481605052947998
N 3.8157992362976074 2.3363234996795654 3.231128454208374
C 4.328241348266602 2.703695297241211 4.553658962249756
C 4.057202339172363 4.186970233917236 4.811610221862793
C 4.592262268066406 4.570635795593262 6.191967487335205
C 4.32122278213501 6.053910732269287 6.4499192237854
C 4.85634708404541 6.438277244567871 7.83098840713501
C 4.700672626495361 7.923159599304199 8.034770011901855
O 5.5884108543396 8.771435737609863 7.492762088775635
O 3.7773709297180176 8.349504470825195 8.686957359313965
N 4.1003923416137695 5.720081329345703 8.865617752075195
H 5.446749687194824 9.715215682983398 7.651182174682617
H 5.910740852355957 6.170373439788818 7.899387836456299
H 4.477175712585449 5.906527996063232 9.783825874328613
H 3.1192595958709717 5.951475143432617 8.823691368103027
H 4.821046352386475 6.652699947357178 5.6879777908325195
H 3.248335123062134 6.239947319030762 6.411699295043945
H 4.092502593994141 3.9725465774536133 6.954620361328125
H 5.665351867675781 4.3859992027282715 6.230197906494141
H 4.555973052978516 4.785202503204346 4.048906326293945
H 2.983261823654175 4.37244987487793 4.772627830505371
H 3.8284177780151367 2.1049060821533203 5.31559944152832
H 5.401267051696777 2.5183584690093994 4.591177463531494
H 3.3839828968048096 3.0038418769836426 2.675520658493042
H 2.4416122436523438 1.1496466398239136 1.256037950515747
H 3.798570394515991 -2.2340269088745117 -0.09684649109840393
H 3.5601961612701416 0.179966002702713 -1.45005202293396
H 5.249599933624268 -0.30331218242645264 -1.0993274450302124
H 5.42608642578125 1.1983810663223267 0.7177605032920837
H 4.3460001945495605 2.4779999256134033 -1.350000023841858
H 2.8919999599456787 2.506999969482422 -0.3240000009536743
H 4.394999980926514 3.2780001163482666 0.23899999260902405
