C 3.9800000190734863 2.441999912261963 -0.3240000009536743
C 4.4120001792907715 1.125 0.32500001788139343
C 5.70277738571167 0.5768845081329346 -0.328993558883667
C 5.475740432739258 -0.9173949360847473 -0.37775295972824097
N 4.248708724975586 -1.2035104036331177 -0.19864456355571747
C 3.4155142307281494 -0.011534994468092918 -0.0011322344653308392
C 2.4650392532348633 -0.2215760052204132 1.148645043373108
O 2.6518266201019287 -1.1287966966629028 1.9321095943450928
N 1.4079502820968628 0.5991067886352539 1.3085962533950806
C 0.4841345250606537 0.39492103457450867 2.427309036254883
C -0.6189408898353577 1.4536235332489014 2.3775229454040527
C -1.5831812620162964 1.240755558013916 3.545342445373535
C -2.6862566471099854 2.2994580268859863 3.495556354522705
C -3.651358127593994 2.0868520736694336 4.663814067840576
C -4.665663719177246 3.2009856700897217 4.6867828369140625
O -4.342553615570068 4.391626358032227 5.215365409851074
O -5.769809246063232 3.0217015743255615 4.230358123779297
N -4.3408942222595215 0.8001437187194824 4.5005621910095215
H -5.026784896850586 5.075475215911865 5.207470893859863
H -3.0931594371795654 2.083862781524658 5.60008430480957
H -4.936119079589844 0.6057064533233643 5.292860984802246
H -4.86629581451416 0.7773863673210144 3.6395413875579834
H -2.2410662174224854 3.292085886001587 3.5691885948181152
H -3.2302117347717285 2.2144904136657715 2.555316209793091
H -2.0292320251464844 0.24838942289352417 3.4721479415893555
H -1.0398985147476196 1.326945424079895 4.485815048217773
H -0.17336447536945343 2.4458954334259033 2.4498419761657715
H -1.1625100374221802 1.3683000802993774 1.4359698295593262
H 0.03894426301121712 -0.5977065563201904 2.3536767959594727
H 1.0282776355743408 0.48084914684295654 3.3673441410064697
H 1.258502721786499 1.3243255615234375 0.6821227669715881
H 2.863598108291626 0.21931175887584686 -0.9127587676048279
H 6.254205226898193 -1.6482223272323608 -0.5426567196846008
H 5.823167324066162 0.978795051574707 -1.3353314399719238
H 6.573207855224609 0.8122550249099731 0.28341928124427795
H 4.535490036010742 1.2431753873825073 1.4014763832092285
H 4.3460001945495605 2.4779999256134033 -1.350000023841858
H 2.8919999599456787 2.506999969482422 -0.3240000009536743
H 4.394999980926514 3.2780001163482666 0.23899999260902405
