C 3.9800000190734863 2.441999912261963 -0.3240000009536743
C 4.4120001792907715 1.1249998807907104 0.3250000476837158
C 5.041749477386475 0.16922947764396667 -0.7162313461303711
C 4.529568195343018 -1.1944055557250977 -0.3100736439228058
N 3.542020082473755 -1.0975666046142578 0.48674505949020386
C 3.1868255138397217 0.29666954278945923 0.7765243053436279
C 2.945077657699585 0.4796939194202423 2.252182722091675
O 3.3236262798309326 -0.36344704031944275 3.038038969039917
N 2.3099021911621094 1.5807522535324097 2.7002506256103516
C 2.075538158416748 1.7587223052978516 4.1355366706848145
C 1.341405987739563 3.0797197818756104 4.372435569763184
C 1.0969160795211792 3.265733003616333 5.870600700378418
C 0.36278387904167175 4.586730480194092 6.107500076293945
C 0.11785421520471573 4.773282527923584 7.606384754180908
C -0.49375009536743164 6.128596782684326 7.850721836090088
O 0.2852151095867157 7.221273899078369 7.877074241638184
O -1.6850152015686035 6.23101282119751 8.023934364318848
N -0.7974685430526733 3.7293057441711426 8.085994720458984
H -0.15290991961956024 8.068754196166992 8.037413597106934
H 1.0649397373199463 4.6999406814575195 8.141031265258789
H -0.9241656064987183 3.7909040451049805 9.085989952087402
H -1.6835767030715942 3.7759087085723877 7.605825901031494
H 0.9696454405784607 5.4119977951049805 5.733896732330322
H -0.5920038223266602 4.571772575378418 5.5827956199646
H 0.48961520195007324 2.4410040378570557 6.244923114776611
H 2.051506757736206 3.282071113586426 6.395542144775391
H 1.947841763496399 3.9044110774993896 3.9976131916046143
H 0.3861925005912781 3.0641860961914062 3.8465118408203125
H 1.4686766862869263 0.9334551692008972 4.509139537811279
H 3.0305683612823486 1.7745219469070435 4.659759044647217
H 2.0070910453796387 2.2547669410705566 2.0719549655914307
H 2.303086042404175 0.5877354145050049 0.20797370374202728
H 4.947849750518799 -2.130291700363159 -0.65134596824646
H 4.703713893890381 0.4211910665035248 -1.7217108011245728
H 6.1297454833984375 0.20234106481075287 -0.6590777635574341
H 5.093114852905273 1.3054124116897583 1.1565954685211182
H 4.3460001945495605 2.4779999256134033 -1.350000023841858
H 2.8919999599456787 2.506999969482422 -0.3240000009536743
H 4.394999980926514 3.2780001163482666 0.23899999260902405
