C 3.9800000190734863 2.441999912261963 -0.3240000009536743
C 4.4120001792907715 1.125 0.32499998807907104
C 5.93320369720459 1.1141877174377441 0.6079619526863098
C 6.349696636199951 -0.3035006821155548 0.2862676680088043
N 5.456862449645996 -0.903394877910614 -0.39382246136665344
C 4.292785167694092 -0.053106870502233505 -0.6694396138191223
C 3.0171315670013428 -0.816941499710083 -0.4270103871822357
O 3.040886402130127 -1.8525996208190918 0.2043401002883911
N 1.8487988710403442 -0.3494211733341217 -0.909674882888794
C 0.6082590222358704 -1.0922279357910156 -0.673148512840271
C -0.5616999268531799 -0.3510173261165619 -1.3226927518844604
C -1.8567055463790894 -1.1261416673660278 -1.0756762027740479
C -3.0266644954681396 -0.3849310576915741 -1.7252205610275269
C -4.322647571563721 -1.1601446866989136 -1.4784008264541626
C -5.490049362182617 -0.3697110116481781 -2.0104012489318848
O -5.998859882354736 0.6423365473747253 -1.2904733419418335
O -5.968326091766357 -0.648014485836029 -3.084366798400879
N -4.2553391456604 -2.4567272663116455 -2.165476083755493
H -6.747830390930176 1.120139241218567 -1.6734002828598022
H -4.450686454772949 -1.3221834897994995 -0.4080987870693207
H -5.072304725646973 -3.0153377056121826 -1.964585781097412
H -4.136941432952881 -2.3340392112731934 -3.159886121749878
H -3.1119611263275146 0.6115046143531799 -1.2907477617263794
H -2.853313684463501 -0.2996898591518402 -2.7975270748138428
H -1.7723853588104248 -2.122666597366333 -1.510345697402954
H -2.0311343669891357 -1.2104787826538086 -0.0035121357068419456
H -0.6458296179771423 0.6455802321434021 -0.88900226354599
H -0.3871822953224182 -0.2656141221523285 -2.3957817554473877
H 0.6935558319091797 -2.088663339614868 -1.107621192932129
H 0.4348068833351135 -1.1764758825302124 0.3992122411727905
H 1.8298182487487793 0.4784945547580719 -1.414591908454895
H 4.326747417449951 0.3133551776409149 -1.6958492994308472
H 7.2840142250061035 -0.7502011656761169 0.5941938757896423
H 6.449092864990234 1.8215006589889526 -0.04189043119549751
H 6.130509376525879 1.3430559635162354 1.655238151550293
H 3.8410823345184326 0.9325255751609802 1.2333076000213623
H 4.3460001945495605 2.4779999256134033 -1.350000023841858
H 2.8919999599456787 2.506999969482422 -0.3240000009536743
H 4.394999980926514 3.2780001163482666 0.23899999260902405
