C 3.9800000190734863 2.441999912261963 -0.3240000009536743
C 4.4120001792907715 1.1249996423721313 0.325000137090683
C 3.186316728591919 0.3020738959312439 0.7883972525596619
C 3.6321284770965576 -0.30018723011016846 2.101914882659912
N 4.666512489318848 0.2889705300331116 2.551905632019043
C 5.122213363647461 1.374606728553772 1.675686001777649
C 6.6173224449157715 1.314111590385437 1.5010552406311035
O 7.223296165466309 0.3079735338687897 1.804762601852417
N 7.28219747543335 2.3767409324645996 1.0057748556137085
C 8.73619556427002 2.3173110485076904 0.8354698419570923
C 9.237112045288086 3.644031524658203 0.2618846893310547
C 10.754786491394043 3.5820536613464355 0.08384105563163757
C 11.25570297241211 4.908774375915527 -0.48974406719207764
C 12.774218559265137 4.8472900390625 -0.6680122017860413
C 13.251848220825195 6.1052165031433105 -1.3463400602340698
O 13.135499954223633 6.235446453094482 -2.6771023273468018
O 13.740406036376953 6.995676517486572 -0.6921259760856628
N 13.416539192199707 4.7261528968811035 0.6474645733833313
H 13.456195831298828 7.06070613861084 -3.066956043243408
H 13.033356666564941 3.983257293701172 -1.2799696922302246
H 14.41617202758789 4.618003845214844 0.5532654523849487
H 13.1920804977417 5.515581130981445 1.2342723608016968
H 10.784205436706543 5.088058948516846 -1.4564255475997925
H 11.00294017791748 5.719219207763672 0.19322580099105835
H 11.227124214172363 3.4032623767852783 1.0502983331680298
H 11.007911682128906 2.7725830078125 -0.6000878214836121
H 8.764519691467285 3.823547840118408 -0.7039321660995483
H 8.983254432678223 4.454708099365234 0.9457191228866577
H 9.207693099975586 2.138026475906372 1.8021512031555176
H 8.988479614257812 1.5073468685150146 0.1517653912305832
H 6.797756195068359 3.181217670440674 0.7631218433380127
H 4.82656192779541 2.340776205062866 2.0856516361236572
H 3.137321710586548 -1.124485731124878 2.5948727130889893
H 2.3231887817382812 0.9511410593986511 0.938276469707489
H 2.954873561859131 -0.4813818633556366 0.06678173691034317
H 5.042471408843994 0.5463481545448303 -0.35004425048828125
H 4.3460001945495605 2.4779999256134033 -1.350000023841858
H 2.8919999599456787 2.506999969482422 -0.3240000009536743
H 4.394999980926514 3.2780001163482666 0.23899999260902405
