C 3.9800000190734863 2.441999912261963 -0.3240000009536743
C 4.4120001792907715 1.1249998807907104 0.3250000476837158
C 5.064388751983643 0.17909182608127594 -0.7112873196601868
C 4.556329250335693 -1.1902843713760376 -0.3195236027240753
N 3.556246757507324 -1.1046909093856812 0.4628180265426636
C 3.1863853931427 0.2854309380054474 0.7540110945701599
C 2.921175241470337 0.4593164026737213 2.2267417907714844
O 3.294153928756714 -0.3849186599254608 3.014085054397583
N 2.2711782455444336 1.5534217357635498 2.670565605163574
C 2.0139942169189453 1.7225086688995361 4.103015422821045
C 1.266586184501648 3.036867618560791 4.335279941558838
C 0.9982745051383972 3.2136096954345703 5.8304877281188965
C 0.25086644291877747 4.527968406677246 6.062752723693848
C -0.01789967156946659 4.70524263381958 7.558676242828369
C -0.6431638598442078 6.054782390594482 7.800387382507324
O 0.12716981768608093 7.153021335601807 7.843771934509277
O -1.837621808052063 6.14755916595459 7.956164360046387
N -0.9325234293937683 3.652177572250366 8.019378662109375
H -0.31960225105285645 7.996442794799805 8.001630783081055
H 0.9215788841247559 4.636214256286621 8.107139587402344
H -1.0746607780456543 3.7078585624694824 9.017642974853516
H -1.8116514682769775 3.694645643234253 7.526172161102295
H 0.8571088314056396 5.359533309936523 5.702340602874756
H -0.6958056092262268 4.508594512939453 5.523684024810791
H 0.3915780782699585 2.3825764656066895 6.191614627838135
H 1.9447358846664429 3.234361171722412 6.3697967529296875
H 1.8724253177642822 3.867859363555908 3.973639726638794
H 0.31951093673706055 3.016920566558838 3.794983386993408
H 1.4077519178390503 0.8909440636634827 4.4634270668029785
H 2.960909605026245 1.7427287101745605 4.641609191894531
H 1.97282075881958 2.2283101081848145 2.0410783290863037
H 2.3091330528259277 0.5728101134300232 0.17366088926792145
H 4.986631870269775 -2.1213533878326416 -0.6590222120285034
H 4.739608287811279 0.43356338143348694 -1.7204967737197876
H 6.15112829208374 0.21992914378643036 -0.6376200318336487
H 5.0792036056518555 1.3062779903411865 1.167611837387085
H 4.3460001945495605 2.4779999256134033 -1.350000023841858
H 2.8919999599456787 2.506999969482422 -0.3240000009536743
H 4.394999980926514 3.2780001163482666 0.23899999260902405
