C 3.9800000190734863 2.441999912261963 -0.3240000009536743
C 4.4120001792907715 1.1249998807907104 0.3250000774860382
C 4.256852626800537 -0.05965514853596687 -0.6582425832748413
C 3.7574124336242676 -1.1893101930618286 0.2142442911863327
N 3.3238980770111084 -0.754156768321991 1.3288096189498901
C 3.430222272872925 0.7051532864570618 1.4434362649917603
C 3.979567050933838 1.0858080387115479 2.7935585975646973
O 4.523707866668701 0.25025132298469543 3.4845807552337646
N 3.8685004711151123 2.3548648357391357 3.2336738109588623
C 4.4034624099731445 2.7248523235321045 4.54652214050293
C 4.147262096405029 4.21134090423584 4.801117420196533
C 4.7058281898498535 4.5977349281311035 6.171365261077881
C 4.449627876281738 6.084223747253418 6.425960540771484
C 5.008274078369141 6.471321105957031 7.7969160079956055
C 4.86661958694458 7.9582953453063965 7.995609283447266
O 5.752330303192139 8.797295570373535 7.436127662658691
O 3.9563939571380615 8.394667625427246 8.659440994262695
N 4.262693881988525 5.7638163566589355 8.846332550048828
H 5.620021343231201 9.742863655090332 7.5919508934021
H 6.061575889587402 6.195919036865234 7.850825309753418
H 4.654603958129883 5.951924800872803 9.75784683227539
H 3.2827720642089844 6.002294063568115 8.817975997924805
H 4.942334175109863 6.675560474395752 5.653634548187256
H 3.377686023712158 6.278046607971191 6.402912139892578
H 4.213201999664307 4.007101058959961 6.944398403167725
H 5.777982711791992 4.405310153961182 6.194414138793945
H 4.638900279998779 4.802124977111816 4.02804708480835
H 3.074252128601074 4.404611110687256 4.77732515335083
H 3.9107563495635986 2.1335155963897705 5.318848133087158
H 5.475536823272705 2.531724691390991 4.568864345550537
H 3.4333059787750244 3.022862434387207 2.6812872886657715
H 2.4560694694519043 1.1688357591629028 1.285354733467102
H 3.767578125 -2.231386184692383 -0.07085824757814407
H 3.5266661643981934 0.177693173289299 -1.4323452711105347
H 5.21754789352417 -0.3164230287075043 -1.1045979261398315
H 5.4323906898498535 1.1927486658096313 0.7021346092224121
H 4.3460001945495605 2.4779999256134033 -1.350000023841858
H 2.8919999599456787 2.506999969482422 -0.3240000009536743
H 4.394999980926514 3.2780001163482666 0.23899999260902405
