C 3.9800000190734863 2.441999912261963 -0.3240000009536743
C 4.4120001792907715 1.124999761581421 0.3250001072883606
C 3.754836082458496 -0.08643501251935959 -0.3784237802028656
C 3.4282355308532715 -1.0294721126556396 0.7577134370803833
N 3.4754960536956787 -0.43250054121017456 1.8806294202804565
C 3.8272907733917236 0.986352801322937 1.7497632503509521
C 4.858969211578369 1.3672668933868408 2.7793514728546143
O 5.479909420013428 0.5044481158256531 3.3639307022094727
N 5.09396505355835 2.6664655208587646 3.0502798557281494
C 6.097864151000977 3.0365636348724365 4.051209449768066
C 6.166029453277588 4.560478687286377 4.165843486785889
C 7.214053153991699 4.946944236755371 5.210432529449463
C 7.282217979431152 6.470859527587891 5.325067043304443
C 8.330663681030273 6.85805606842041 6.370193004608154
C 8.485737800598145 8.356712341308594 6.395078659057617
O 9.23602294921875 8.969072341918945 5.465824604034424
O 7.9355010986328125 9.006433486938477 7.252228736877441
N 7.898899555206299 6.388378143310547 7.693337917327881
H 9.305683135986328 9.932276725769043 5.522998809814453
H 9.285229682922363 6.397855281829834 6.114818096160889
H 8.604827880859375 6.574192523956299 8.391173362731934
H 7.015775203704834 6.800917625427246 7.953768730163574
H 7.558407306671143 6.89607048034668 4.359747409820557
H 6.3091044425964355 6.857120513916016 5.626744747161865
H 6.9382853507995605 4.522464275360107 6.176289081573486
H 8.187568664550781 4.562013149261475 4.908491134643555
H 6.440890312194824 4.985285758972168 3.200254440307617
H 5.191587448120117 4.946336269378662 4.467251777648926
H 5.821674823760986 2.6113526821136475 5.016528606414795
H 7.070958614349365 2.6509013175964355 3.7487308979034424
H 4.597405910491943 3.356295347213745 2.583043336868286
H 2.937626600265503 1.607839822769165 1.8556716442108154
H 3.18654203414917 -2.075105905532837 0.6330388188362122
H 2.8451690673828125 0.21818137168884277 -0.8965519666671753
H 4.453332424163818 -0.5519161224365234 -1.0737857818603516
H 5.498048305511475 1.0332324504852295 0.3347278833389282
H 4.3460001945495605 2.4779999256134033 -1.350000023841858
H 2.8919999599456787 2.506999969482422 -0.3240000009536743
H 4.394999980926514 3.2780001163482666 0.23899999260902405
