C 3.9800000190734863 2.441999912261963 -0.3240000009536743
C 4.4120001792907715 1.124999761581421 0.3250001072883606
C 4.008022785186768 1.078963041305542 1.817959189414978
C 5.180238723754883 0.3977864980697632 2.48781156539917
N 6.202436923980713 0.3876672387123108 1.7298157215118408
C 5.9516682624816895 1.0365084409713745 0.4374728500843048
C 6.512374401092529 0.2025114893913269 -0.6848307847976685
O 6.814225196838379 -0.9558085799217224 -0.4875061810016632
N 6.677271842956543 0.7420129776000977 -1.9088770151138306
C 7.2220139503479 -0.06958572566509247 -3.00030255317688
C 7.3065009117126465 0.776557445526123 -4.271919250488281
C 7.874876499176025 -0.07055098563432693 -5.411318778991699
C 7.9593634605407715 0.7755922079086304 -6.68293571472168
C 8.528078079223633 -0.07154084742069244 -7.823276519775391
C 8.49642562866211 0.7227797508239746 -9.103389739990234
O 7.353367805480957 0.8293628096580505 -9.79871940612793
O 9.500341415405273 1.262503981590271 -9.503958702087402
N 9.914618492126465 -0.4433225095272064 -7.5118088722229
H 7.3825249671936035 1.349361538887024 -10.613971710205078
H 7.927379131317139 -0.9736042022705078 -7.940067291259766
H 10.291905403137207 -1.0576691627502441 -8.218964576721191
H 10.49267292022705 0.3758344054222107 -7.398857593536377
H 6.962798118591309 1.12564218044281 -6.9535813331604
H 8.609725952148438 1.6320405006408691 -6.507768154144287
H 8.871780395507812 -0.4206255376338959 -5.141613960266113
H 7.224121570587158 -0.9264013171195984 -5.587706089019775
H 6.310190200805664 1.1274139881134033 -4.541431903839111
H 7.957117557525635 1.633812427520752 -4.095618724822998
H 8.218579292297363 -0.41963550448417664 -2.72965669631958
H 6.570920944213867 -0.9254114031791687 -3.175748825073242
H 6.436111927032471 1.6681387424468994 -2.0666074752807617
H 6.389915466308594 2.034872055053711 0.4242571294307709
H 5.153876304626465 -0.026251845061779022 3.4811925888061523
H 3.8758656978607178 2.0874595642089844 2.2106564044952393
H 3.0978481769561768 0.4942905902862549 1.9515200853347778
H 4.007503032684326 0.2714640498161316 -0.21894408762454987
H 4.3460001945495605 2.4779999256134033 -1.350000023841858
H 2.8919999599456787 2.506999969482422 -0.3240000009536743
H 4.394999980926514 3.2780001163482666 0.23899999260902405
