C 3.9800000190734863 2.441999912261963 -0.3240000009536743
C 4.4120001792907715 1.125 0.32499998807907104
C 5.834903717041016 1.236963152885437 0.9225394129753113
C 6.4615044593811035 -0.10462076961994171 0.6154263019561768
N 5.798111438751221 -0.7312303185462952 -0.2716018259525299
C 4.6288909912109375 0.023290473967790604 -0.738133430480957
C 3.422375202178955 -0.8755018711090088 -0.8155916333198547
O 3.430009603500366 -1.950867772102356 -0.25408872961997986
N 2.33341121673584 -0.4848213791847229 -1.5070164203643799
C 1.1599483489990234 -1.3589320182800293 -1.5815907716751099
C 0.07349836826324463 -0.683621346950531 -2.4204511642456055
C -1.1515393257141113 -1.5958250761032104 -2.4981799125671387
C -2.2379894256591797 -0.9205144643783569 -3.337040424346924
C -3.4639275074005127 -1.8328843116760254 -3.415173292160034
C -4.577347278594971 -1.1177870035171509 -4.135984420776367
O -5.330689430236816 -0.2190324366092682 -3.483189582824707
O -4.79223108291626 -1.3545812368392944 -5.301041126251221
N -3.1154978275299072 -3.058687686920166 -4.145742893218994
H -6.033292770385742 0.21395516395568848 -3.987922191619873
H -3.7896833419799805 -2.0905745029449463 -2.4073657989501953
H -3.889899253845215 -3.7068042755126953 -4.154818058013916
H -2.810328245162964 -2.8469696044921875 -5.0838093757629395
H -2.5192697048187256 0.025727367028594017 -2.8739702701568604
H -1.859317421913147 -0.7345498204231262 -4.341621398925781
H -0.8711585998535156 -2.5422329902648926 -2.9616539478302
H -1.531329870223999 -1.7809840440750122 -1.4939143657684326
H -0.206504687666893 0.2629542946815491 -1.9578880071640015
H 0.45344749093055725 -0.49732279777526855 -3.425539016723633
H 1.4412288665771484 -2.305173635482788 -2.044660806655884
H 0.7810577154159546 -1.5439249277114868 -0.5769214630126953
H 2.327359914779663 0.37485450506210327 -1.9560896158218384
H 4.831714153289795 0.47138267755508423 -1.7112936973571777
H 7.356319904327393 -0.48313429951667786 1.0880166292190552
H 6.392000198364258 2.0394463539123535 0.438384473323822
H 5.787387371063232 1.4000179767608643 1.9992256164550781
H 3.691962480545044 0.8076881170272827 1.0792381763458252
H 4.3460001945495605 2.4779999256134033 -1.350000023841858
H 2.8919999599456787 2.506999969482422 -0.3240000009536743
H 4.394999980926514 3.2780001163482666 0.23899999260902405
