C 3.9800000190734863 2.441999912261963 -0.3240000009536743
C 4.4120001792907715 1.125 0.32499998807907104
C 5.92403507232666 1.1336266994476318 0.6535120010375977
C 6.37112283706665 -0.27449485659599304 0.33086633682250977
N 5.5081305503845215 -0.8805246949195862 -0.3815387785434723
C 4.340254306793213 -0.04465000703930855 -0.683875322341919
C 3.069469928741455 -0.8294959664344788 -0.4873252809047699
O 3.0897769927978516 -1.871002197265625 0.13445283472537994
N 1.909264087677002 -0.37430518865585327 -1.0004193782806396
C 0.6734365224838257 -1.1375527381896973 -0.8085097074508667
C -0.4874858856201172 -0.40705764293670654 -1.485813856124878
C -1.7775799036026 -1.2035213708877563 -1.285370111465454
C -2.938502311706543 -0.4730262756347656 -1.9626742601394653
C -4.229565620422363 -1.2695915699005127 -1.7624576091766357
C -5.3921895027160645 -0.49102783203125 -2.321725606918335
O -5.937410831451416 0.5061529874801636 -1.6077303886413574
O -5.833863735198975 -0.7654762864112854 -3.4122328758239746
N -4.122330665588379 -2.5580620765686035 -2.4596474170684814
H -6.681631088256836 0.9767640233039856 -2.0084128379821777
H -4.387176036834717 -1.444262146949768 -0.6981050372123718
H -4.936507225036621 -3.130577325820923 -2.2888309955596924
H -3.9760420322418213 -2.4236416816711426 -3.448815107345581
H -3.051661491394043 0.5176255702972412 -1.5213919878005981
H -2.7343976497650146 -0.37445709109306335 -3.0284056663513184
H -1.6653894186019897 -2.194274663925171 -1.7268792390823364
H -1.9827711582183838 -1.3012009859085083 -0.21980485320091248
H -0.5994577407836914 0.5837810635566711 -1.0452767610549927
H -0.28219401836395264 -0.30830150842666626 -2.552290439605713
H 0.7865958213806152 -2.128204345703125 -1.2497918605804443
H 0.4692141115665436 -1.235130786895752 0.2572823762893677
H 1.8930456638336182 0.4582877457141876 -1.4976837635040283
H 4.39946985244751 0.3325910270214081 -1.705221176147461
H 7.3023681640625 -0.7105375528335571 0.66246497631073
H 6.448531627655029 1.8549325466156006 0.026325523853302002
H 6.086434364318848 1.3548001050949097 1.7084084749221802
H 3.8170673847198486 0.9150416851043701 1.2138131856918335
H 4.3460001945495605 2.4779999256134033 -1.350000023841858
H 2.8919999599456787 2.506999969482422 -0.3240000009536743
H 4.394999980926514 3.2780001163482666 0.23899999260902405
