C 3.9800000190734863 2.441999912261963 -0.3240000009536743
C 4.4120001792907715 1.1249998807907104 0.3250000476837158
C 5.196820259094238 0.24113330245018005 -0.6735397577285767
C 4.718860626220703 -1.160482406616211 -0.36723506450653076
N 3.650054693222046 -1.1426563262939453 0.32333335280418396
C 3.1925883293151855 0.22041334211826324 0.617943525314331
C 2.7892706394195557 0.3362519145011902 2.0648105144500732
O 3.1286091804504395 -0.5155512094497681 2.8591885566711426
N 2.0529673099517822 1.3868728876113892 2.477841854095459
C 1.6614513397216797 1.499533772468567 3.885204315185547
C 0.8370628952980042 2.7725720405578613 4.084859371185303
C 0.4285220801830292 2.8904216289520264 5.553900241851807
C -0.3958664834499359 4.163459777832031 5.7535552978515625
C -0.8049476146697998 4.281798839569092 7.2232818603515625
C -1.5102578401565552 5.594921588897705 7.444375514984131
O -0.7978236079216003 6.723353385925293 7.587569236755371
O -2.716839551925659 5.631302833557129 7.493781089782715
N -1.7080187797546387 3.1763923168182373 7.570079326629639
H -1.2949466705322266 7.541393756866455 7.727438926696777
H 0.08397173136472702 4.235982418060303 7.852504253387451
H -1.9411202669143677 3.1944336891174316 8.552512168884277
H -2.5406134128570557 3.1965396404266357 7.000603675842285
H 0.2015356570482254 5.031262397766113 5.472564220428467
H -1.2887458801269531 4.120393753051758 5.130602836608887
H -0.16941989958286285 2.0231080055236816 5.83557653427124
H 1.3211075067520142 2.9348466396331787 6.1771111488342285
H 1.4341996908187866 3.6398236751556396 3.802593231201172
H -0.056081775575876236 2.7289552688598633 3.460631847381592
H 1.064049482345581 0.6317314505577087 4.166194915771484
H 2.5545766353607178 1.543470025062561 4.507729530334473
H 1.7815102338790894 2.067805290222168 1.8427135944366455
H 2.35845947265625 0.4879496991634369 -0.03137797862291336
H 5.219818592071533 -2.0610313415527344 -0.6918306946754456
H 4.952174663543701 0.5130732655525208 -1.7006421089172363
H 6.269638538360596 0.32631632685661316 -0.5006161332130432
H 4.992323398590088 1.3081611394882202 1.2292641401290894
H 4.3460001945495605 2.4779999256134033 -1.350000023841858
H 2.8919999599456787 2.506999969482422 -0.3240000009536743
H 4.394999980926514 3.2780001163482666 0.23899999260902405
