C 3.9800000190734863 2.441999912261963 -0.3240000009536743
C 4.4120001792907715 1.1249998807907104 0.3250000476837158
C 5.175187110900879 0.23046736419200897 -0.6807840466499329
C 4.691579341888428 -1.166046142578125 -0.3603655993938446
N 3.6334378719329834 -1.136907696723938 0.3460598289966583
C 3.190502882003784 0.2309456318616867 0.6407045722007751
C 2.8098506927490234 0.35682663321495056 2.0928635597229004
O 3.154813528060913 -0.4935975968837738 2.886296033859253
N 2.087597608566284 1.4148942232131958 2.5116539001464844
C 1.718127727508545 1.5373175144195557 3.92415189743042
C 0.9062312841415405 2.8174095153808594 4.129806041717529
C 0.5207047462463379 2.945448398590088 5.604204177856445
C -0.29119178652763367 4.225540637969971 5.8098578453063965
C -0.6772447228431702 4.354075908660889 7.284947872161865
C -1.369462013244629 5.673469543457031 7.510051727294922
O -0.6466649770736694 6.797255039215088 7.6369194984436035
O -2.574863910675049 5.719064235687256 7.577368259429932
N -1.5831146240234375 3.2571189403533936 7.650754928588867
H -1.1355913877487183 7.6196417808532715 7.780153274536133
H 0.22067394852638245 4.304714679718018 7.9009857177734375
H -1.8012783527374268 3.2816784381866455 8.63647174835205
H -2.424006938934326 3.280684471130371 7.093739032745361
H 0.30829179286956787 5.087496757507324 5.515617847442627
H -1.1936300992965698 4.18608283996582 5.200591087341309
H -0.07930473238229752 2.0839881896972656 5.899135112762451
H 1.4228630065917969 2.9862682819366455 6.213726997375488
H 1.5054264068603516 3.6788108348846436 3.8342974185943604
H 0.0035044699907302856 2.7773971557617188 3.519270658493042
H 1.1186443567276 0.6753614544868469 4.2183918952941895
H 2.620811939239502 1.577641248703003 4.532983779907227
H 1.8116426467895508 2.0947253704071045 1.8772845268249512
H 2.3486976623535156 0.5015128254890442 0.002643308835104108
H 5.180954456329346 -2.071866512298584 -0.6879486441612244
H 4.917134761810303 0.4992135167121887 -1.7054431438446045
H 6.251082420349121 0.308509886264801 -0.524398684501648
H 5.007187843322754 1.3082419633865356 1.2195338010787964
H 4.3460001945495605 2.4779999256134033 -1.350000023841858
H 2.8919999599456787 2.506999969482422 -0.3240000009536743
H 4.394999980926514 3.2780001163482666 0.23899999260902405
