C 3.9800000190734863 2.441999912261963 -0.3240000009536743
C 4.4120001792907715 1.125 0.32499998807907104
C 5.886683940887451 1.1882752180099487 0.7892711758613586
C 6.424617767333984 -0.18845736980438232 0.4698518216609955
N 5.657258987426758 -0.8082866072654724 -0.33421337604522705
C 4.484104156494141 -0.014288387261331081 -0.7180153727531433
C 3.238009214401245 -0.8588483929634094 -0.6590758562088013
O 3.250244379043579 -1.9175894260406494 -0.06689915060997009
N 2.1086862087249756 -0.4380233883857727 -1.2624646425247192
C 0.8968002796173096 -1.259366512298584 -1.2043832540512085
C -0.23114211857318878 -0.5584861636161804 -1.963736653327942
C -1.4962666034698486 -1.415600299835205 -1.9029899835586548
C -2.624208927154541 -0.7147198915481567 -2.6623435020446777
C -3.890273094177246 -1.571969985961914 -2.6019134521484375
C -5.032642841339111 -0.8268810510635376 -3.2425930500030518
O -5.684398174285889 0.1229465901851654 -2.5537772178649902
O -5.362184524536133 -1.0855739116668701 -4.375767230987549
N -3.662497043609619 -2.83203387260437 -3.321695566177368
H -6.410573959350586 0.5735138654708862 -3.0071449279785156
H -4.134153842926025 -1.7867001295089722 -1.5614278316497803
H -4.461682319641113 -3.444122314453125 -3.2411625385284424
H -3.4347567558288574 -2.6603519916534424 -4.289466857910156
H -2.8214309215545654 0.2557562291622162 -2.206047773361206
H -2.330470561981201 -0.5739404559135437 -3.702082395553589
H -1.2999835014343262 -2.3862123489379883 -2.3596019744873047
H -1.7911118268966675 -1.5555328130722046 -0.8634904623031616
H -0.4271247684955597 0.4122510850429535 -1.5080701112747192
H 0.06383539736270905 -0.41744551062583923 -3.0041046142578125
H 1.094022274017334 -2.2298424243927 -1.6606788635253906
H 0.602894127368927 -1.3991632461547852 -0.16456733644008636
H 2.0989389419555664 0.4083544611930847 -1.736063003540039
H 4.616997241973877 0.39713889360427856 -1.719030737876892
H 7.341466903686523 -0.5942878723144531 0.8723422884941101
H 6.431607723236084 1.950865387916565 0.23226496577262878
H 5.943971157073975 1.382883071899414 1.860225796699524
H 3.7502875328063965 0.8617596626281738 1.150140643119812
H 4.3460001945495605 2.4779999256134033 -1.350000023841858
H 2.8919999599456787 2.506999969482422 -0.3240000009536743
H 4.394999980926514 3.2780001163482666 0.23899999260902405
