C 3.9800000190734863 2.441999912261963 -0.3240000009536743
C 4.4120001792907715 1.1249998807907104 0.3250000774860382
C 4.498737812042236 1.2625019550323486 1.8637703657150269
C 5.718669891357422 0.4475395083427429 2.230372905731201
N 6.437228202819824 0.2074582427740097 1.2078351974487305
C 5.881111145019531 0.787865400314331 -0.02012687176465988
C 5.939233779907227 -0.21233826875686646 -1.1451700925827026
O 6.127713680267334 -1.3862571716308594 -0.9040361046791077
N 5.780126094818115 0.19599318504333496 -2.4197258949279785
C 5.836070537567139 -0.7771395444869995 -3.5135855674743652
C 5.6280717849731445 -0.05759363994002342 -4.847413063049316
C 5.686206340789795 -1.073287010192871 -5.989280700683594
C 5.478208065032959 -0.3537410497665405 -7.323108196258545
C 5.536358833312988 -1.369588017463684 -8.465965270996094
C 5.209593772888184 -0.6821019053459167 -9.766435623168945
O 3.9309287071228027 -0.4386906027793884 -10.09383773803711
O 6.0987420082092285 -0.3512504994869232 -10.514471054077148
N 6.886171340942383 -1.9440828561782837 -8.541410446166992
H 3.771044969558716 0.004736131988465786 -10.938642501831055
H 4.812902927398682 -2.164108991622925 -8.28281021118164
H 6.9332475662231445 -2.665656328201294 -9.246357917785645
H 7.575890064239502 -1.2275279760360718 -8.7109956741333
H 4.504494667053223 0.1369813084602356 -7.323502063751221
H 6.260561466217041 0.39209291338920593 -7.460266590118408
H 6.659936428070068 -1.5641627311706543 -5.989875316619873
H 4.903179168701172 -1.81856107711792 -5.8532328605651855
H 4.655065536499023 0.43396586179733276 -4.846912860870361
H 6.4111328125 0.6890775561332703 -4.983677387237549
H 6.809783458709717 -1.2678617238998413 -3.5131916999816895
H 5.0530266761779785 -1.5222601890563965 -3.376549243927002
H 5.629611492156982 1.1345633268356323 -2.6125407218933105
H 6.4240007400512695 1.6943351030349731 -0.2894746959209442
H 5.950560569763184 0.11165081709623337 3.2307302951812744
H 4.635871887207031 2.306037664413452 2.1483211517333984
H 3.6070315837860107 0.8511812090873718 2.3368167877197266
H 3.7442209720611572 0.3123323321342468 0.03923974558711052
H 4.3460001945495605 2.4779999256134033 -1.350000023841858
H 2.8919999599456787 2.506999969482422 -0.3240000009536743
H 4.394999980926514 3.2780001163482666 0.23899999260902405
