C 3.9800000190734863 2.441999912261963 -0.3240000009536743
C 4.4120001792907715 1.125 0.32499998807907104
C 5.928257942199707 0.8804234266281128 0.13688170909881592
C 6.024957656860352 -0.6075872182846069 -0.1146487221121788
N 4.890078067779541 -1.0993671417236328 -0.41422995924949646
C 3.825469493865967 -0.08925211429595947 -0.4317242205142975
C 2.600727081298828 -0.6068356037139893 0.2765278220176697
O 2.6820695400238037 -1.5800740718841553 0.9962124228477478
N 1.4146335124969482 0.011898594908416271 0.11254020780324936
C 0.22384759783744812 -0.49137622117996216 0.8020248413085938
C -0.9793859124183655 0.3837682604789734 0.44641822576522827
C -2.222379684448242 -0.14130449295043945 1.1662373542785645
C -3.4256131649017334 0.7338399887084961 0.8106305599212646
C -4.6695990562438965 0.20882867276668549 1.5305683612823486
C -5.826562404632568 1.1409592628479004 1.279161810874939
O -5.939061641693115 2.276470899581909 1.9858314990997314
O -6.653139114379883 0.8652433753013611 0.44228923320770264
N -4.999871253967285 -1.1295698881149292 1.023282766342163
H -6.698480129241943 2.842486619949341 1.7888680696487427
H -4.47324800491333 0.15343230962753296 2.6013505458831787
H -5.7792277336120605 -1.5257673263549805 1.528719425201416
H -5.186612129211426 -1.105387806892395 0.032089024782180786
H -3.2329068183898926 1.7608588933944702 1.122115135192871
H -3.5904879570007324 0.705991268157959 -0.26603031158447266
H -2.4160773754119873 -1.168262004852295 0.8548712730407715
H -2.058439254760742 -0.1123969629406929 2.242974042892456
H -0.785809338092804 1.4106898307800293 0.7567921876907349
H -1.1433906555175781 0.3558224141597748 -0.6313532590866089
H 0.031141294166445732 -1.5183948278427124 0.4905402660369873
H 0.3887792229652405 -0.46253007650375366 1.8786429166793823
H 1.3495498895645142 0.7898977398872375 -0.46298331022262573
H 3.582444906234741 0.18623459339141846 -1.4583745002746582
H 6.9388933181762695 -1.1799628734588623 -0.04818487912416458
H 6.30311918258667 1.4388381242752075 -0.7212522625923157
H 6.475881099700928 1.152734637260437 1.039130687713623
H 4.137165546417236 1.1016806364059448 1.3794848918914795
H 4.3460001945495605 2.4779999256134033 -1.350000023841858
H 2.8919999599456787 2.506999969482422 -0.3240000009536743
H 4.394999980926514 3.2780001163482666 0.23899999260902405
