C 3.9800000190734863 2.441999912261963 -0.3240000009536743
C 4.4120001792907715 1.1249998807907104 0.3250000476837158
C 4.972997665405273 0.14052236080169678 -0.7287219166755676
C 4.450011253356934 -1.2052932977676392 -0.2792114317417145
N 3.5018420219421387 -1.0748703479766846 0.5595462322235107
C 3.1906723976135254 0.33100709319114685 0.8436442017555237
C 3.019930601119995 0.5404736399650574 2.3256964683532715
O 3.4150912761688232 -0.2996785044670105 3.106560230255127
N 2.4298787117004395 1.6618435382843018 2.7849462032318115
C 2.2645761966705322 1.8655149936676025 4.226417541503906
C 1.5709556341171265 3.205960988998413 4.47581672668457
C 1.3985580205917358 3.4187984466552734 5.9804277420043945
C 0.7049373388290405 4.759244441986084 6.229827404022217
C 0.5321449041366577 4.972640514373779 7.735168933868408
C -0.03801614046096802 6.3447370529174805 7.985975742340088
O 0.7650441527366638 7.419855117797852 7.960656642913818
O -1.2177106142044067 6.476423740386963 8.210884094238281
N -0.3831666111946106 3.9564990997314453 8.271257400512695
H 0.35324540734291077 8.279191017150879 8.127532005310059
H 1.5005989074707031 4.885621070861816 8.227836608886719
H -0.46315711736679077 4.0352020263671875 9.274872779846191
H -1.2888422012329102 4.01619291305542 7.8306779861450195
H 1.3121871948242188 5.565215587615967 5.816808700561523
H -0.27268996834754944 4.758310794830322 5.74878454208374
H 0.7909137606620789 2.6133856773376465 6.394176483154297
H 2.3760294914245605 3.4211196899414062 6.461695194244385
H 2.1777124404907227 4.011348724365234 4.061607837677002
H 0.5928353667259216 3.20444393157959 3.993584156036377
H 1.657326579093933 1.0595439672470093 4.639435768127441
H 3.2424423694610596 1.8672778606414795 4.706954479217529
H 2.1137845516204834 2.333472490310669 2.1606504917144775
H 2.2887113094329834 0.6337620615959167 0.310942679643631
H 4.831880569458008 -2.155139923095703 -0.6245757341384888
H 4.595448017120361 0.3856581747531891 -1.7217509746551514
H 6.062928676605225 0.1499294936656952 -0.7209592461585999
H 5.133788108825684 1.3018743991851807 1.1223421096801758
H 4.3460001945495605 2.4779999256134033 -1.350000023841858
H 2.8919999599456787 2.506999969482422 -0.3240000009536743
H 4.394999980926514 3.2780001163482666 0.23899999260902405
