C 3.9800000190734863 2.441999912261963 -0.3240000009536743
C 4.4120001792907715 1.125 0.32499998807907104
C 5.953738212585449 0.9977076649665833 0.3579230308532715
C 6.201277256011963 -0.46394965052604675 0.05946625769138336
N 5.164514064788818 -1.0168263912200928 -0.42940765619277954
C 4.03926420211792 -0.08420450985431671 -0.5637915730476379
C 2.7671236991882324 -0.7240551710128784 -0.07210327684879303
O 2.8163535594940186 -1.7270325422286987 0.6086084842681885
N 1.5739755630493164 -0.18177595734596252 -0.38654330372810364
C 0.3369806706905365 -0.8039752840995789 0.09236926585435867
C -0.8646102547645569 0.002959017874673009 -0.4027479887008667
C -2.1558752059936523 -0.646259069442749 0.09727714955806732
C -3.357466220855713 0.16067522764205933 -0.3978401720523834
C -4.649731636047363 -0.4885575473308563 0.10215478390455246
C -5.825486660003662 0.37268954515457153 -0.2805851995944977
O -6.1285295486450195 1.4573004245758057 0.4496263265609741
O -6.495655059814453 0.08590377867221832 -1.2440329790115356
N -4.797011852264404 -1.8171039819717407 -0.5069447159767151
H -6.892024517059326 1.9787124395370483 0.16486293077468872
H -4.60990047454834 -0.588422417640686 1.1868840456008911
H -5.609442710876465 -2.2938284873962402 -0.14290457963943481
H -4.836701393127441 -1.752000331878662 -1.512980580329895
H -3.2928481101989746 1.1801300048828125 -0.01644447073340416
H -3.3589563369750977 0.18014554679393768 -1.4872329235076904
H -2.2214927673339844 -1.6657284498214722 -0.2841487228870392
H -2.1553995609283447 -0.6647443175315857 1.1866494417190552
H -0.7989628314971924 1.022438406944275 -0.022321682423353195
H -0.8650709986686707 0.02245405875146389 -1.493110179901123
H 0.2723627984523773 -1.823429822921753 -0.2890264093875885
H 0.33845603466033936 -0.8224458694458008 1.1817716360092163
H 1.534595012664795 0.6200037002563477 -0.9309185147285461
H 3.9298789501190186 0.22921060025691986 -1.6024303436279297
H 7.13688325881958 -0.9737687110900879 0.2384498566389084
H 6.40684700012207 1.626960039138794 -0.4085465669631958
H 6.3394670486450195 1.2580236196517944 1.3435938358306885
H 3.987159013748169 1.0250171422958374 1.3237640857696533
H 4.3460001945495605 2.4779999256134033 -1.350000023841858
H 2.8919999599456787 2.506999969482422 -0.3240000009536743
H 4.394999980926514 3.2780001163482666 0.23899999260902405
