C 3.9800000190734863 2.441999912261963 -0.3240000009536743
C 4.4120001792907715 1.1249996423721313 0.325000137090683
C 3.2394564151763916 0.46962225437164307 1.093027114868164
C 3.893759250640869 -0.10148997604846954 2.3309743404388428
N 5.051334381103516 0.39539843797683716 2.5117244720458984
C 5.412590980529785 1.372292399406433 1.4777023792266846
C 6.824082851409912 1.1380635499954224 1.0061771869659424
O 7.381837844848633 0.0905902311205864 1.2581003904342651
N 7.467259407043457 2.0910439491271973 0.3028320372104645
C 8.839780807495117 1.8626346588134766 -0.15614451467990875
C 9.3320894241333 3.0911753177642822 -0.9232336282730103
C 10.764664649963379 2.852801561355591 -1.4025883674621582
C 11.256973266601562 4.0813422203063965 -2.169677495956421
C 12.6903657913208 3.843352794647217 -2.6494622230529785
C 13.131284713745117 5.000169277191162 -3.5085337162017822
O 12.74876880645752 5.0657219886779785 -4.79337215423584
O 13.82993221282959 5.867702960968018 -3.040687322616577
N 13.582107543945312 3.7281908988952637 -1.4878835678100586
H 13.056859016418457 5.8270111083984375 -5.304649353027344
H 12.73044204711914 2.922370672225952 -3.2311692237854004
H 14.524152755737305 3.5057013034820557 -1.7757792472839355
H 13.563323020935059 4.569890975952148 -0.9319067597389221
H 10.610783576965332 4.255483627319336 -3.0305140018463135
H 11.233023643493652 4.952528953552246 -1.5157524347305298
H 11.41167163848877 2.679044485092163 -0.5421814918518066
H 10.788856506347656 1.9824862480163574 -2.0576000213623047
H 8.685039520263672 3.265716314315796 -1.7830209732055664
H 9.307279586791992 3.9627621173858643 -0.2682594954967499
H 9.485970497131348 1.6884933710098267 0.7046921253204346
H 8.863155364990234 0.9919352531433105 -0.8107262849807739
H 7.021409034729004 2.9285728931427 0.10156401991844177
H 5.303973197937012 2.3870294094085693 1.8617281913757324
H 3.4382400512695312 -0.8367840647697449 2.978395700454712
H 2.4935624599456787 1.2170708179473877 1.3645135164260864
H 2.7868282794952393 -0.32383620738983154 0.4983428418636322
H 4.827117443084717 0.4428011476993561 -0.4168214797973633
H 4.3460001945495605 2.4779999256134033 -1.350000023841858
H 2.8919999599456787 2.506999969482422 -0.3240000009536743
H 4.394999980926514 3.2780001163482666 0.23899999260902405
