C 3.9800000190734863 2.441999912261963 -0.3240000009536743
C 4.4120001792907715 1.124999761581421 0.325000137090683
C 3.479789972305298 0.7498109936714172 1.5016316175460815
C 4.419475078582764 0.17198514938354492 2.5359933376312256
N 5.629461765289307 0.46943506598472595 2.2771406173706055
C 5.762076377868652 1.2822318077087402 1.062313437461853
C 6.8898024559021 0.7659134268760681 0.20723633468151093
O 7.34571647644043 -0.3402893543243408 0.4077705144882202
N 7.391546726226807 1.531657338142395 -0.7819204330444336
C 8.487890243530273 1.0289217233657837 -1.6137456893920898
C 8.866673469543457 2.086606979370117 -2.651980400085449
C 10.010892868041992 1.5618798732757568 -3.5204837322235107
C 10.38967514038086 2.619565010070801 -4.558718204498291
C 11.53456974029541 2.095036745071411 -5.427933692932129
C 11.824828147888184 3.0841434001922607 -6.527049541473389
O 11.051823616027832 3.1142690181732178 -7.623854160308838
O 12.754015922546387 3.8489832878112793 -6.421053409576416
N 12.734862327575684 1.9165823459625244 -4.60017728805542
H 11.2774658203125 3.766305446624756 -8.30195426940918
H 11.249360084533691 1.1383295059204102 -5.8656134605407715
H 13.487054824829102 1.509195327758789 -5.13690710067749
H 13.02022647857666 2.7897098064422607 -4.1828789710998535
H 9.526371955871582 2.836344003677368 -5.188512325286865
H 10.70681095123291 3.5302884578704834 -4.051602840423584
H 10.874870300292969 1.3452997207641602 -2.8914010524749756
H 9.693746566772461 0.6518829464912415 -4.028812408447266
H 8.002971649169922 2.3040127754211426 -3.2805709838867188
H 9.18341064453125 2.997957468032837 -2.1436617374420166
H 9.35119342803955 0.8121430277824402 -0.9839516878128052
H 8.170069694519043 0.11872618645429611 -2.1213629245758057
H 7.027171611785889 2.416137456893921 -0.9421447515487671
H 5.931125164031982 2.3273730278015137 1.3232110738754272
H 4.105027675628662 -0.4177422821521759 3.384906530380249
H 2.979279041290283 1.6363097429275513 1.891952633857727
H 2.7486000061035156 0.0041727120988070965 1.1894094944000244
H 4.457396984100342 0.32367804646492004 -0.41245442628860474
H 4.3460001945495605 2.4779999256134033 -1.350000023841858
H 2.8919999599456787 2.506999969482422 -0.3240000009536743
H 4.394999980926514 3.2780001163482666 0.23899999260902405
