C 3.9800000190734863 2.441999912261963 -0.3240000009536743
C 4.4120001792907715 1.124999761581421 0.3250001072883606
C 4.052519798278809 1.0993839502334595 1.8297797441482544
C 5.234264373779297 0.4072434902191162 2.471040725708008
N 6.232922077178955 0.3745482265949249 1.6829016208648682
C 5.952894687652588 1.0145915746688843 0.3921812176704407
C 6.467280864715576 0.16153909265995026 -0.7379587292671204
O 6.757931232452393 -0.9992097020149231 -0.5381077527999878
N 6.603140354156494 0.6867045164108276 -1.9717681407928467
C 7.102828502655029 -0.14341729879379272 -3.0707929134368896
C 7.161383628845215 0.6890852451324463 -4.3528289794921875
C 7.682728290557861 -0.17735590040683746 -5.5001540184021
C 7.741282939910889 0.6551466584205627 -6.782189846038818
C 8.262937545776367 -0.211333230137825 -7.9304656982421875
C 8.204402923583984 0.57100909948349 -9.216992378234863
O 7.042614936828613 0.6879657506942749 -9.878803253173828
O 9.203604698181152 1.0917853116989136 -9.652873992919922
N 9.652630805969238 -0.6007820963859558 -7.656947612762451
H 7.054831027984619 1.199596643447876 -10.699760437011719
H 7.645843029022217 -1.10539972782135 -8.02011489868164
H 9.999415397644043 -1.2274800539016724 -8.368865013122559
H 10.24576187133789 0.21069256961345673 -7.56962251663208
H 6.742257595062256 1.0174312591552734 -7.026370525360107
H 8.409102439880371 1.503425121307373 -6.635221481323242
H 8.682063102722168 -0.5396791696548462 -5.256923198699951
H 7.014488697052002 -1.0250422954559326 -5.648335933685303
H 6.16265869140625 1.0521833896636963 -4.595892429351807
H 7.829503059387207 1.5381773710250854 -4.204743385314941
H 8.10185432434082 -0.5057017207145691 -2.8266119956970215
H 6.434279918670654 -0.9910649061203003 -3.218024492263794
H 6.370935916900635 1.6147699356079102 -2.131524085998535
H 6.405125617980957 2.0061194896698 0.3557858467102051
H 5.23160982131958 -0.0067687989212572575 3.468986749649048
H 3.9470348358154297 2.1134777069091797 2.216081142425537
H 3.138310194015503 0.5296945571899414 1.9964314699172974
H 3.978849172592163 0.2724076211452484 -0.19795608520507812
H 4.3460001945495605 2.4779999256134033 -1.350000023841858
H 2.8919999599456787 2.506999969482422 -0.3240000009536743
H 4.394999980926514 3.2780001163482666 0.23899999260902405
