C 3.9800000190734863 2.441999912261963 -0.3240000009536743
C 4.4120001792907715 1.124999761581421 0.3250001072883606
C 3.855466604232788 -0.0906374603509903 -0.4539354145526886
C 3.4810426235198975 -1.0740402936935425 0.632121741771698
N 3.421815872192383 -0.5051395893096924 1.7689564228057861
C 3.7283830642700195 0.9283905625343323 1.6979788541793823
C 4.665268421173096 1.3193458318710327 2.8110411167144775
O 5.273143291473389 0.4645611643791199 3.4206206798553467
N 4.8300275802612305 2.6186881065368652 3.1290132999420166
C 5.741776943206787 2.998581647872925 4.211159706115723
C 5.743427276611328 4.5204691886901855 4.36595344543457
C 6.695271968841553 4.917169094085693 5.495331764221191
C 6.696922779083252 6.439056396484375 5.650125980377197
C 7.649119853973389 6.836488723754883 6.780088901519775
C 7.745022296905518 8.338605880737305 6.851385116577148
O 8.538752555847168 9.001548767089844 5.995859146118164
O 7.108203887939453 8.94558048248291 7.679424285888672
N 7.138028144836426 6.317327499389648 8.055623054504395
H 8.567418098449707 9.964826583862305 6.080470085144043
H 8.636813163757324 6.417776584625244 6.586854934692383
H 7.782425403594971 6.510259628295898 8.808858871459961
H 6.222954750061035 6.690867900848389 8.258180618286133
H 7.0279951095581055 6.89888858795166 4.718529224395752
H 5.6900954246521 6.78203010559082 5.886402130126953
H 6.364552021026611 4.45806884765625 6.427512168884277
H 7.702469348907471 4.575545787811279 5.258854389190674
H 6.073212146759033 4.979856491088867 3.433978319168091
H 4.735312461853027 4.862998008728027 4.601850986480713
H 5.410704135894775 2.538749933242798 5.142755508422852
H 6.748621463775635 2.656226634979248 3.974097728729248
H 4.3439040184021 3.30208683013916 2.641780138015747
H 2.8103957176208496 1.5144526958465576 1.7508533000946045
H 3.2891013622283936 -2.124110460281372 0.46532729268074036
H 2.9760689735412598 0.1943647712469101 -1.0320146083831787
H 4.620985507965088 -0.5124166011810303 -1.1052271127700806
H 5.4969964027404785 1.0722054243087769 0.4145152270793915
H 4.3460001945495605 2.4779999256134033 -1.350000023841858
H 2.8919999599456787 2.506999969482422 -0.3240000009536743
H 4.394999980926514 3.2780001163482666 0.23899999260902405
