C 3.9800000190734863 2.441999912261963 -0.3240000009536743
C 4.4120001792907715 1.124999761581421 0.325000137090683
C 3.285661220550537 0.06704939156770706 0.24533995985984802
C 3.3663785457611084 -0.6464111804962158 1.576224446296692
N 4.051628112792969 0.020357204601168633 2.416106700897217
C 4.558638572692871 1.2789071798324585 1.8566228151321411
C 6.005807399749756 1.471805453300476 2.2281081676483154
O 6.6550750732421875 0.5355824828147888 2.6448745727539062
N 6.580410480499268 2.6837971210479736 2.0960135459899902
C 7.988063335418701 2.870875835418701 2.456792116165161
C 8.387255668640137 4.327658653259277 2.2148501873016357
C 9.85663890838623 4.523024559020996 2.591172695159912
C 10.255831718444824 5.979807376861572 2.349231004714966
C 11.725970268249512 6.175816059112549 2.725689172744751
C 12.152615547180176 7.577149868011475 2.372312068939209
O 12.472332000732422 7.8815999031066895 1.1048280000686646
O 12.207805633544922 8.42588996887207 3.2303316593170166
N 11.89380931854248 5.962165832519531 4.1692657470703125
H 12.740259170532227 8.793981552124023 0.9268941879272461
H 12.339518547058105 5.459986209869385 2.1785664558410645
H 12.86682415008545 6.021653175354004 4.432964324951172
H 11.335158348083496 6.613999366760254 4.699307441711426
H 10.115503311157227 6.225127696990967 1.2961156368255615
H 9.6343994140625 6.633824348449707 2.9601664543151855
H 9.997722625732422 4.278346061706543 3.644423723220825
H 10.478541374206543 3.870154857635498 1.979557991027832
H 8.245580673217773 4.57291316986084 1.1621630191802979
H 7.764477729797363 4.98160982131958 2.8262135982513428
H 8.128392219543457 2.6255552768707275 3.5099072456359863
H 8.609210968017578 2.2173638343811035 1.8450417518615723
H 6.061285018920898 3.432356834411621 1.762976884841919
H 3.960330009460449 2.118614673614502 2.211422920227051
H 2.9029884338378906 -1.5993173122406006 1.787290096282959
H 2.31472110748291 0.548873245716095 0.1276005655527115
H 3.469317674636841 -0.6282752156257629 -0.5737399458885193
H 5.333548545837402 0.753630518913269 -0.12316346913576126
H 4.3460001945495605 2.4779999256134033 -1.350000023841858
H 2.8919999599456787 2.506999969482422 -0.3240000009536743
H 4.394999980926514 3.2780001163482666 0.23899999260902405
