C 3.9800000190734863 2.441999912261963 -0.3240000009536743
C 4.4120001792907715 1.125 0.32500001788139343
C 5.56442928314209 0.46320968866348267 -0.4675810635089874
C 5.238672256469727 -1.012489914894104 -0.4129246771335602
N 4.03179407119751 -1.2055203914642334 -0.058336131274700165
C 3.310426712036133 0.04824407026171684 0.1901264637708664
C 2.513888359069824 -0.04962752386927605 1.4650601148605347
O 2.747711420059204 -0.9358240962028503 2.2598795890808105
N 1.542531967163086 0.8480626940727234 1.7242136001586914
C 0.7684941291809082 0.7529473304748535 2.964562177658081
C -0.2617930769920349 1.8827658891677856 3.0106394290924072
C -1.0696645975112915 1.783746361732483 4.305403232574463
C -2.09995174407959 2.913565158843994 4.351480960845947
C -2.9085984230041504 2.8148837089538574 5.646780490875244
C -3.8377087116241455 3.996687650680542 5.750362396240234
O -3.3709025382995605 5.182089805603027 6.172664642333984
O -5.002815246582031 3.876420497894287 5.4542765617370605
N -3.6940464973449707 1.5736145973205566 5.639580726623535
H -4.005136489868164 5.910876750946045 6.222681045532227
H -2.2294974327087402 2.8103415966033936 6.499422550201416
H -4.187020778656006 1.4524894952774048 6.512587070465088
H -4.3321123123168945 1.5532032251358032 4.858314037322998
H -1.5869057178497314 3.8750782012939453 4.316805362701416
H -2.771082639694214 2.8292863368988037 3.4972918033599854
H -1.5834848880767822 0.8225709795951843 4.340613842010498
H -0.39908939599990845 1.8692991733551025 5.159852981567383
H 0.25143325328826904 2.8438456058502197 2.974630355834961
H -0.9327435493469238 1.7980537414550781 2.1551167964935303
H 0.25544828176498413 -0.20856571197509766 2.999237298965454
H 1.4398436546325684 0.8381622433662415 3.8184762001037598
H 1.3554613590240479 1.5564770698547363 1.0886826515197754
H 2.655324697494507 0.28045761585235596 -0.650041937828064
H 5.939579486846924 -1.8014919757843018 -0.6442555785179138
H 5.571962833404541 0.8155747652053833 -1.4993387460708618
H 6.523250102996826 0.661774218082428 0.011306386440992355
H 4.688073635101318 1.2769336700439453 1.3684155941009521
H 4.3460001945495605 2.4779999256134033 -1.350000023841858
H 2.8919999599456787 2.506999969482422 -0.3240000009536743
H 4.394999980926514 3.2780001163482666 0.23899999260902405
