C 3.9800000190734863 2.441999912261963 -0.3240000009536743
C 4.4120001792907715 1.124999761581421 0.325000137090683
C 3.574967384338379 0.8252701759338379 1.5914053916931152
C 4.578789234161377 0.23381425440311432 2.555415630340576
N 5.7720112800598145 0.46847763657569885 2.1803109645843506
C 5.828834056854248 1.2406492233276367 0.9334940910339355
C 6.85120153427124 0.6500570774078369 -0.002173732267692685
O 7.275424957275391 -0.46987268328666687 0.19159908592700958
N 7.293716907501221 1.3645968437194824 -1.0558127164840698
C 8.287550926208496 0.7896405458450317 -1.965958833694458
C 8.615829467773438 1.7999706268310547 -3.0666730403900146
C 9.65302848815918 1.199859380722046 -4.016914367675781
C 9.981307983398438 2.2101895809173584 -5.117628574371338
C 11.019123077392578 1.6102265119552612 -6.068645477294922
C 11.250859260559082 2.5544424057006836 -7.219902038574219
O 10.383670806884766 2.589649200439453 -8.243703842163086
O 12.217849731445312 3.2786872386932373 -7.221447944641113
N 12.28069019317627 1.3999929428100586 -5.346164703369141
H 10.5747709274292 3.2118048667907715 -8.959446907043457
H 10.654561042785645 0.6558619737625122 -6.448750972747803
H 12.962944030761719 0.9440792798995972 -5.934814453125
H 12.639965057373047 2.2703287601470947 -4.983729362487793
H 9.074614524841309 2.4487524032592773 -5.67433500289917
H 10.381948471069336 3.1190876960754395 -4.669801235198975
H 10.56033706665039 0.9614445567131042 -3.4609827995300293
H 9.252299308776855 0.2916537821292877 -4.46597146987915
H 7.708876132965088 2.0392110347747803 -3.6221654415130615
H 9.016209602355957 2.7095463275909424 -2.6176319122314453
H 9.194243431091309 0.5510777831077576 -1.409252643585205
H 7.886205673217773 -0.11871308088302612 -2.414241075515747
H 6.954689979553223 2.2600486278533936 -1.2106455564498901
H 6.065605640411377 2.2837626934051514 1.1451983451843262
H 4.317487716674805 -0.3173680901527405 3.447171449661255
H 3.1504597663879395 1.7440963983535767 1.9967368841171265
H 2.7871158123016357 0.10548742115497589 1.369367241859436
H 4.355897903442383 0.30246010422706604 -0.38794979453086853
H 4.3460001945495605 2.4779999256134033 -1.350000023841858
H 2.8919999599456787 2.506999969482422 -0.3240000009536743
H 4.394999980926514 3.2780001163482666 0.23899999260902405
