C 3.9800000190734863 2.441999912261963 -0.3240000009536743
C 4.4120001792907715 1.125 0.32499998807907104
C 5.953975200653076 1.0089017152786255 0.38048118352890015
C 6.216827869415283 -0.44938814640045166 0.07866454869508743
N 5.191655158996582 -1.0074421167373657 -0.428430438041687
C 4.061642169952393 -0.08247365802526474 -0.5751748085021973
C 2.7870638370513916 -0.7341163158416748 -0.10579292476177216
O 2.833535671234131 -1.7400826215744019 0.5706888437271118
N 1.5947660207748413 -0.19907812774181366 -0.4354931116104126
C 0.3553886115550995 -0.8327476978302002 0.02172907441854477
C -0.8446089625358582 -0.03222694620490074 -0.48746368288993835
C -2.138364553451538 -0.6934190392494202 -0.010079181753098965
C -3.338362216949463 0.10710173100233078 -0.5192720293998718
C -4.633117198944092 -0.5541122555732727 -0.04193279892206192
C -5.809372425079346 0.30034956336021423 -0.43810930848121643
O -6.1313934326171875 1.379048228263855 0.29273709654808044
O -6.462862491607666 0.01343986950814724 -1.4129105806350708
N -4.761359214782715 -1.8806562423706055 -0.6596417427062988
H -6.894387722015381 1.8962360620498657 -0.0009313435875810683
H -4.608819961547852 -0.6590837836265564 1.0427734851837158
H -5.57559061050415 -2.3651583194732666 -0.3101850748062134
H -4.786437034606934 -1.810835599899292 -1.6658315658569336
H -3.2870564460754395 1.1250919103622437 -0.13198688626289368
H -3.323655843734741 0.13198746740818024 -1.6084562540054321
H -2.190668821334839 -1.7114311456680298 -0.3974095582962036
H -2.1540920734405518 -0.7173270583152771 1.0790741443634033
H -0.7922597527503967 0.9858003258705139 -0.10113224387168884
H -0.8288592100143433 -0.007304067723453045 -1.577601671218872
H 0.3040831983089447 -1.8507376909255981 -0.3655560314655304
H 0.34066012501716614 -0.8566339015960693 1.1109275817871094
H 1.5575932264328003 0.6050918698310852 -0.9764872789382935
H 3.9655208587646484 0.23529790341854095 -1.6138020753860474
H 7.153409957885742 -0.9531891345977783 0.2692108154296875
H 6.41383695602417 1.6452841758728027 -0.3760146200656891
H 6.322928428649902 1.2671372890472412 1.3730968236923218
H 3.9729807376861572 1.0169169902801514 1.316764235496521
H 4.3460001945495605 2.4779999256134033 -1.350000023841858
H 2.8919999599456787 2.506999969482422 -0.3240000009536743
H 4.394999980926514 3.2780001163482666 0.23899999260902405
