C 3.9800000190734863 2.441999912261963 -0.3240000009536743
C 4.4120001792907715 1.124999761581421 0.3250000774860382
C 4.189571380615234 1.1572234630584717 1.8559250831604004
C 5.393701076507568 0.4297512173652649 2.410588026046753
N 6.314508438110352 0.3298287093639374 1.5378462076187134
C 5.946465969085693 0.9462447166442871 0.25776568055152893
C 6.319185256958008 0.039834197610616684 -0.8863533139228821
O 6.576571464538574 -1.127037525177002 -0.6767852306365967
N 6.365149974822998 0.5241130590438843 -2.1432952880859375
C 6.72705078125 -0.35787248611450195 -3.2558488845825195
C 6.7049455642700195 0.43550947308540344 -4.563580513000488
C 7.082455158233643 -0.48506101965904236 -5.725007057189941
C 7.060349941253662 0.3083209693431854 -7.03273868560791
C 7.438079833984375 -0.6123285293579102 -8.195137977600098
C 7.29691219329834 0.1361868679523468 -9.495305061340332
O 6.08604621887207 0.28781658411026 -10.054086685180664
O 8.273974418640137 0.5986133813858032 -10.034856796264648
N 8.828804016113281 -1.057148814201355 -8.034669876098633
H 6.045815944671631 0.7755811214447021 -10.888564109802246
H 6.777533531188965 -1.4794156551361084 -8.201114654541016
H 9.082392692565918 -1.718370795249939 -8.754611015319824
H 9.461747169494629 -0.27150601148605347 -8.026265144348145
H 6.059813499450684 0.7089860439300537 -7.198028564453125
H 7.774589538574219 1.1289458274841309 -6.9727864265441895
H 8.083211898803711 -0.8858050107955933 -5.5606889724731445
H 6.367712020874023 -1.305108904838562 -5.7861480712890625
H 5.704843997955322 0.8370040059089661 -4.727811336517334
H 7.419620513916016 1.256963849067688 -4.502569198608398
H 7.72758674621582 -0.7585373520851135 -3.0905585289001465
H 6.012087821960449 -1.177841305732727 -3.3160176277160645
H 6.159543991088867 1.457066535949707 -2.3108370304107666
H 6.4357500076293945 1.9147146940231323 0.1499154269695282
H 5.463677883148193 0.04389819875359535 3.417330265045166
H 4.163220405578613 2.185317277908325 2.2179617881774902
H 3.2705764770507812 0.6346673965454102 2.121408462524414
H 3.8969931602478027 0.2790113389492035 -0.13006873428821564
H 4.3460001945495605 2.4779999256134033 -1.350000023841858
H 2.8919999599456787 2.506999969482422 -0.3240000009536743
H 4.394999980926514 3.2780001163482666 0.23899999260902405
