C 3.9800000190734863 2.441999912261963 -0.3240000009536743
C 4.4120001792907715 1.124999761581421 0.3250000774860382
C 4.209982872009277 -0.06661621481180191 -0.6411698460578918
C 3.7205374240875244 -1.1802265644073486 0.25722312927246094
N 3.327195405960083 -0.7279301881790161 1.3798357248306274
C 3.45829176902771 0.7306636571884155 1.4765197038650513
C 4.053550720214844 1.1160469055175781 2.8056752681732178
O 4.605947494506836 0.2791425585746765 3.488467216491699
N 3.9743893146514893 2.390800952911377 3.236114263534546
C 4.553995132446289 2.7653748989105225 4.528553009033203
C 4.3273820877075195 4.257909297943115 4.775722980499268
C 4.932547092437744 4.649086952209473 6.124659538269043
C 4.705934047698975 6.1416215896606445 6.371829509735107
C 5.311211109161377 6.53350830078125 7.721463680267334
C 5.197403907775879 8.024277687072754 7.909323215484619
O 6.078067302703857 8.84451961517334 7.315134525299072
O 4.314065933227539 8.480578422546387 8.595696449279785
N 4.58727502822876 5.8473639488220215 8.799819946289062
H 5.964376926422119 9.793416023254395 7.46531867980957
H 6.361510276794434 6.242924690246582 7.7465643882751465
H 5.009162425994873 6.0383620262146 9.69724178314209
H 3.6105432510375977 6.100178241729736 8.798433303833008
H 5.183777332305908 6.718063831329346 5.579171180725098
H 3.6367390155792236 6.351214408874512 6.3789544105529785
H 4.454815864562988 4.073353290557861 6.9180145263671875
H 6.0019755363464355 4.44088888168335 6.1175150871276855
H 4.804127216339111 4.833807945251465 3.982358455657959
H 3.257089138031006 4.466958522796631 4.782141208648682
H 4.076152324676514 2.1889326572418213 5.321210861206055
H 5.623311519622803 2.5564682483673096 4.5207109451293945
H 3.5325963497161865 3.0598793029785156 2.6903128623962402
H 2.4867196083068848 1.2073116302490234 1.3430309295654297
H 3.7068467140197754 -2.2250349521636963 -0.017544372007250786
H 3.460378646850586 0.17415527999401093 -1.3954010009765625
H 5.152939796447754 -0.3420011103153229 -1.1134971380233765
H 5.444164752960205 1.1811171770095825 0.6706938743591309
H 4.3460001945495605 2.4779999256134033 -1.350000023841858
H 2.8919999599456787 2.506999969482422 -0.3240000009536743
H 4.394999980926514 3.2780001163482666 0.23899999260902405
