C 3.9800000190734863 2.441999912261963 -0.3240000009536743
C 4.4120001792907715 1.125 0.32500001788139343
C 5.67433500289917 0.551380455493927 -0.36181581020355225
C 5.4240641593933105 -0.9397386908531189 -0.38869673013687134
N 4.198920249938965 -1.205743670463562 -0.17003510892391205
C 3.3896031379699707 0.00039917477988637984 0.04033304378390312
C 2.4711973667144775 -0.1843307465314865 1.2201268672943115
O 2.6681740283966064 -1.0866562128067017 2.0067427158355713
N 1.4315403699874878 0.6535630226135254 1.4034005403518677
C 0.5389295816421509 0.4739898443222046 2.551287889480591
C -0.5495147705078125 1.54853355884552 2.523908853530884
C -1.481176495552063 1.3613566160202026 3.7221767902374268
C -2.5696208477020264 2.4359004497528076 3.6947977542877197
C -3.5021259784698486 2.249002456665039 4.893527030944824
C -4.498847961425781 3.3783421516418457 4.9356489181518555
O -4.142561435699463 4.56905460357666 5.442293643951416
O -5.618741512298584 3.211195468902588 4.514337062835693
N -4.2150421142578125 0.9712322354316711 4.763976097106934
H -4.8166279792785645 5.262946605682373 5.4480133056640625
H -2.91609787940979 2.246685028076172 5.812636852264404
H -4.788930416107178 0.7933515310287476 5.575669765472412
H -4.7664031982421875 0.9480412602424622 3.9193549156188965
H -2.107919931411743 3.4224257469177246 3.7450568675994873
H -3.1428215503692627 2.3500235080718994 2.7721798419952393
H -1.9437201023101807 0.37510982155799866 3.6723785400390625
H -0.9086227416992188 1.44846773147583 4.645035266876221
H -0.08747295290231705 2.534684896469116 2.572847366333008
H -1.1223746538162231 1.4622825384140015 1.5999704599380493
H 0.07722887396812439 -0.5125354528427124 2.5010287761688232
H 1.1123261451721191 0.5608222484588623 3.4736855030059814
H 1.273942232131958 1.3748688697814941 0.7744119763374329
H 2.813934087753296 0.23068128526210785 -0.8566285371780396
H 6.186420440673828 -1.6836743354797363 -0.5694782733917236
H 5.770249843597412 0.9417382478713989 -1.3753061294555664
H 6.566162109375 0.7795999050140381 0.2218429148197174
H 4.569559097290039 1.2516758441925049 1.3960484266281128
H 4.3460001945495605 2.4779999256134033 -1.350000023841858
H 2.8919999599456787 2.506999969482422 -0.3240000009536743
H 4.394999980926514 3.2780001163482666 0.23899999260902405
