C 3.9800000190734863 2.441999912261963 -0.3240000009536743
C 4.4120001792907715 1.124999761581421 0.3250001072883606
C 3.644542932510376 0.8745246529579163 1.645043969154358
C 4.687117099761963 0.2712794840335846 2.559335947036743
N 5.861840724945068 0.4627399444580078 2.1088736057281494
C 5.865714073181152 1.2092673778533936 0.8452630639076233
C 6.812230110168457 0.5706098675727844 -0.1374533474445343
O 7.214725017547607 -0.5577686429023743 0.0536380298435688
N 7.210913181304932 1.2515366077423096 -1.2301256656646729
C 8.130952835083008 0.6298458576202393 -2.185988664627075
C 8.421390533447266 1.6089377403259277 -3.3249051570892334
C 9.381550788879395 0.960045576095581 -4.322856426239014
C 9.671988487243652 1.9391374588012695 -5.461772441864014
C 10.632719993591309 1.2903603315353394 -6.460537433624268
C 10.821866989135742 2.2053425312042236 -7.642767429351807
O 9.895889282226562 2.247443199157715 -8.613446235656738
O 11.807591438293457 2.8999242782592773 -7.716978549957275
N 11.92894458770752 1.0557787418365479 -5.8105340003967285
H 10.061423301696777 2.849982976913452 -9.351978302001953
H 10.218381881713867 0.3404523432254791 -6.798466682434082
H 12.560945510864258 0.568500816822052 -6.429379940032959
H 12.334505081176758 1.9215383529663086 -5.488194942474365
H 8.740663528442383 2.1944398880004883 -5.968113899230957
H 10.125090599060059 2.843792676925659 -5.05747652053833
H 10.313446044921875 0.7048580646514893 -3.8173274993896484
H 8.928304672241211 0.05606222152709961 -4.72838830947876
H 7.489899158477783 1.86494779586792 -3.830033540725708
H 8.8743257522583 2.514300584793091 -2.919396162033081
H 9.062276840209961 0.37454360723495483 -1.6796470880508423
H 7.677135467529297 -0.2742522954940796 -2.590707778930664
H 6.889265060424805 2.153740406036377 -1.3828245401382446
H 6.144963264465332 2.2485578060150146 1.0209345817565918
H 4.464211940765381 -0.2549043595790863 3.476261854171753
H 3.2720718383789062 1.8131990432739258 2.0560154914855957
H 2.8241989612579346 0.17479358613491058 1.485324501991272
H 4.289175033569336 0.29126855731010437 -0.36624711751937866
H 4.3460001945495605 2.4779999256134033 -1.350000023841858
H 2.8919999599456787 2.506999969482422 -0.3240000009536743
H 4.394999980926514 3.2780001163482666 0.23899999260902405
