C 3.9800000190734863 2.441999912261963 -0.3240000009536743
C 4.4120001792907715 1.1249996423721313 0.325000137090683
C 3.296046733856201 0.5579400658607483 1.2345795631408691
C 4.048310279846191 -0.007848097011446953 2.4181244373321533
N 5.241840362548828 0.43188685178756714 2.458961248397827
C 5.539973258972168 1.3548099994659424 1.3574351072311401
C 6.8802313804626465 1.0305958986282349 0.7507211565971375
O 7.408568382263184 -0.036704596132040024 0.981991171836853
N 7.492131233215332 1.9250478744506836 -0.05057563632726669
C 8.795304298400879 1.6091240644454956 -0.6409816741943359
C 9.264370918273926 2.784653663635254 -1.5001742839813232
C 10.624532699584961 2.4549267292022705 -2.116708278656006
C 11.093599319458008 3.6304564476013184 -2.975900888442993
C 12.454547882080078 3.301056146621704 -3.5929617881774902
C 12.859272003173828 4.404835224151611 -4.5355682373046875
O 12.346759796142578 4.450018405914307 -5.775211334228516
O 13.64587116241455 5.248141765594482 -4.175429821014404
N 13.457281112670898 3.1752164363861084 -2.5269320011138916
H 12.636626243591309 5.177157878875732 -6.34365701675415
H 12.386897087097168 2.361283302307129 -4.141092777252197
H 14.351320266723633 2.8936469554901123 -2.9027624130249023
H 13.53940200805664 4.03390645980835 -2.0036447048187256
H 10.369481086730957 3.811554431915283 -3.7707483768463135
H 11.18242073059082 4.521955490112305 -2.3558216094970703
H 11.349435806274414 2.2741551399230957 -1.3223869800567627
H 10.535881042480469 1.5642503499984741 -2.7379250526428223
H 8.539529800415039 2.9662299156188965 -2.2939045429229736
H 9.352468490600586 3.676631212234497 -0.8789777159690857
H 9.519421577453613 1.4280261993408203 0.1538659930229187
H 8.705866813659668 0.7181214690208435 -1.261672019958496
H 7.06981897354126 2.7784292697906494 -0.2353428453207016
H 5.523320198059082 2.3855600357055664 1.712740421295166
H 3.6277213096618652 -0.6968441009521484 3.1362459659576416
H 2.6212573051452637 1.3524411916732788 1.5542187690734863
H 2.744058609008789 -0.22861213982105255 0.7200478911399841
H 4.711791515350342 0.39841538667678833 -0.43012693524360657
H 4.3460001945495605 2.4779999256134033 -1.350000023841858
H 2.8919999599456787 2.506999969482422 -0.3240000009536743
H 4.394999980926514 3.2780001163482666 0.23899999260902405
