C 3.9800000190734863 2.441999912261963 -0.3240000009536743
C 4.4120001792907715 1.124999761581421 0.325000137090683
C 3.6245346069335938 -0.07122454047203064 -0.26082369685173035
C 3.3733086585998535 -0.9589751958847046 0.9373327493667603
N 3.568779230117798 -0.3301124572753906 2.0263102054595947
C 3.9750759601593018 1.0630332231521606 1.806997299194336
C 5.127565860748291 1.4206433296203613 2.708878517150879
O 5.7630462646484375 0.5447988510131836 3.2573466300964355
N 5.45439338684082 2.7133419513702393 2.905489683151245
C 6.575724124908447 3.0607352256774902 3.782177448272705
C 6.731542110443115 4.581688404083252 3.832455635070801
C 7.902128219604492 4.944439888000488 4.747340202331543
C 8.05794620513916 6.46539306640625 4.797618389129639
C 9.229043960571289 6.828868865966797 5.712966442108154
C 9.46042251586914 8.317119598388672 5.665945053100586
O 10.1378173828125 8.858723640441895 4.641627311706543
O 9.037016868591309 9.022170066833496 6.55095100402832
N 8.916760444641113 6.425111293792725 7.09035062789917
H 10.261080741882324 9.818150520324707 4.655455112457275
H 10.127102851867676 6.310408592224121 5.376979827880859
H 9.700918197631836 6.594913482666016 7.703620433807373
H 8.087811470031738 6.892341136932373 7.425703048706055
H 8.251349449157715 6.84442663192749 3.793698787689209
H 7.14267635345459 6.912515640258789 5.184298038482666
H 7.7092366218566895 4.566129684448242 5.751722812652588
H 8.817835807800293 4.498614311218262 4.360307693481445
H 6.923577785491943 4.960381507873535 2.828420877456665
H 5.814904689788818 5.028470516204834 4.219019889831543
H 6.382320880889893 2.681701183319092 4.786097049713135
H 7.490919589996338 2.6141858100891113 3.3946821689605713
H 4.946225166320801 3.4135963916778564 2.467135190963745
H 3.133708953857422 1.734261155128479 1.9816954135894775
H 3.0679428577423096 -1.9936078786849976 0.8773651719093323
H 2.681499719619751 0.2650463581085205 -0.6925050616264343
H 4.221482276916504 -0.5951967239379883 -1.007285237312317
H 5.487050533294678 0.9756255745887756 0.22514821588993073
H 4.3460001945495605 2.4779999256134033 -1.350000023841858
H 2.8919999599456787 2.506999969482422 -0.3240000009536743
H 4.394999980926514 3.2780001163482666 0.23899999260902405
