C 3.9800000190734863 2.441999912261963 -0.3240000009536743
C 4.4120001792907715 1.124999761581421 0.325000137090683
C 3.4632694721221924 -0.03108326718211174 -0.07202139496803284
C 3.3346786499023438 -0.8438220024108887 1.1967240571975708
N 3.736107349395752 -0.1852140724658966 2.2089688777923584
C 4.200998306274414 1.1614879369735718 1.856406331062317
C 5.4987945556640625 1.4677762985229492 2.557419776916504
O 6.1470818519592285 0.5700879096984863 3.0530359745025635
N 5.941208839416504 2.7386531829833984 2.632809638977051
C 7.203756332397461 3.036079168319702 3.314100503921509
C 7.4713850021362305 4.541172981262207 3.257770299911499
C 8.789350509643555 4.851748466491699 3.9686734676361084
C 9.056979179382324 6.356842041015625 3.9123430252075195
C 10.375571250915527 6.66811990737915 4.623588562011719
C 10.700699806213379 8.13056755065918 4.461801528930664
O 11.251581192016602 8.573127746582031 3.3207077980041504
O 10.466383934020996 8.904051780700684 5.359812259674072
N 10.247737884521484 6.349978446960449 6.051935195922852
H 11.442320823669434 9.519841194152832 3.2638227939605713
H 11.173991203308105 6.067653656005859 4.187512397766113
H 11.125563621520996 6.485135078430176 6.5325493812561035
H 9.51378059387207 6.894044876098633 6.479978084564209
H 9.122350692749023 6.675784587860107 2.871704578399658
H 8.24426555633545 6.889786243438721 4.404912948608398
H 8.724604606628418 4.533507347106934 5.009653568267822
H 9.602533340454102 4.320047378540039 3.4756195545196533
H 7.535366535186768 4.859877109527588 2.217238426208496
H 6.657281398773193 5.073878765106201 3.7504467964172363
H 7.138384819030762 2.7171366214752197 4.354738712310791
H 8.016313552856445 2.503676414489746 2.820704936981201
H 5.422825813293457 3.456386089324951 2.236722946166992
H 3.444767475128174 1.9027241468429565 2.11650013923645
H 2.952143907546997 -1.8533698320388794 1.2390272617340088
H 2.491650104522705 0.3580177426338196 -0.3774690628051758
H 3.902320623397827 -0.6315994262695312 -0.8687097430229187
H 5.446469306945801 0.8887437582015991 0.07585392147302628
H 4.3460001945495605 2.4779999256134033 -1.350000023841858
H 2.8919999599456787 2.506999969482422 -0.3240000009536743
H 4.394999980926514 3.2780001163482666 0.23899999260902405
