C 3.9800000190734863 2.441999912261963 -0.3240000009536743
C 4.4120001792907715 1.124999761581421 0.3250001072883606
C 3.5919196605682373 0.837675929069519 1.6052957773208618
C 4.605741024017334 0.24347257614135742 2.557075023651123
N 5.794883728027344 0.46742475032806396 2.162949800491333
C 5.838636875152588 1.2330703735351562 0.9115894436836243
C 6.842442512512207 0.630340039730072 -0.036354776471853256
O 7.261273384094238 -0.4917569160461426 0.15660978853702545
N 7.274314880371094 1.3364282846450806 -1.1000596284866333
C 8.250089645385742 0.7496698498725891 -2.0221352577209473
C 8.569211959838867 1.7521570920944214 -3.13266921043396
C 9.58755874633789 1.1397267580032349 -4.09536075592041
C 9.906681060791016 2.142214059829712 -5.205894470214844
C 10.925631523132324 1.529923677444458 -6.169371128082275
C 11.146978378295898 2.466771364212036 -7.328663349151611
O 10.264776229858398 2.5034399032592773 -8.339505195617676
O 12.11914348602295 3.1837878227233887 -7.34832239151001
N 12.196338653564453 1.3138340711593628 -5.4648566246032715
H 10.449668884277344 3.1206634044647217 -9.061124801635742
H 10.548377990722656 0.5764570236206055 -6.539206027984619
H 12.866287231445312 0.8499969244003296 -6.061395168304443
H 12.567420959472656 2.1832284927368164 -5.112191677093506
H 8.993500709533691 2.3847997188568115 -5.750119209289551
H 10.320691108703613 3.0502777099609375 -4.768660545349121
H 10.5013427734375 0.8972808122634888 -3.551920175552368
H 9.173444747924805 0.2323504090309143 -4.533825874328613
H 7.655794620513916 1.9954280853271484 -3.675679922103882
H 8.982985496520996 2.6609060764312744 -2.6942214965820312
H 9.163269996643066 0.5070842504501343 -1.4779103994369507
H 7.835371494293213 -0.15784622728824615 -2.4598162174224854
H 6.939600944519043 2.233612060546875 -1.2542486190795898
H 6.086239814758301 2.2754125595092773 1.1145191192626953
H 4.35382604598999 -0.3014010190963745 3.4553847312927246
H 3.1803324222564697 1.7615975141525269 2.012366771697998
H 2.7955398559570312 0.12270001322031021 1.3986890316009521
H 4.339128494262695 0.29943734407424927 -0.3829214572906494
H 4.3460001945495605 2.4779999256134033 -1.350000023841858
H 2.8919999599456787 2.506999969482422 -0.3240000009536743
H 4.394999980926514 3.2780001163482666 0.23899999260902405
