C 3.9800000190734863 2.441999912261963 -0.3240000009536743
C 4.4120001792907715 1.124999761581421 0.325000137090683
C 3.492975950241089 -0.04080136865377426 -0.11151596158742905
C 3.338595390319824 -0.8680761456489563 1.144898772239685
N 3.6996285915374756 -0.21388746798038483 2.1750643253326416
C 4.154691696166992 1.1429643630981445 1.8496403694152832
C 5.426180839538574 1.4611573219299316 2.592322587966919
O 6.07267427444458 0.5681166052818298 3.0985639095306396
N 5.847092151641846 2.737555980682373 2.693230628967285
C 7.084075450897217 3.04656982421875 3.415053606033325
C 7.33074426651001 4.555914402008057 3.381300449371338
C 8.622031211853027 4.878589630126953 4.134515762329102
C 8.86870002746582 6.38793420791626 4.100762844085693
C 10.160592079162598 6.71131706237793 4.854345798492432
C 10.468525886535645 8.179926872253418 4.7165093421936035
O 11.046669006347656 8.641982078552246 3.5968310832977295
O 10.195876121520996 8.94080924987793 5.61446475982666
N 9.994793891906738 6.376964569091797 6.275067329406738
H 11.224855422973633 9.591914176940918 3.5548322200775146
H 10.98060417175293 6.1270365715026855 4.436742305755615
H 10.855708122253418 6.520120143890381 6.783169269561768
H 9.240291595458984 6.905879974365234 6.686039447784424
H 8.960444450378418 6.718266487121582 3.065683126449585
H 8.033719062805176 6.903924942016602 4.573751449584961
H 8.530891418457031 4.548964023590088 5.1699628829956055
H 9.457476615905762 4.363853454589844 3.661069631576538
H 7.421099662780762 4.885986804962158 2.346283435821533
H 6.494374752044678 5.071645259857178 3.85435152053833
H 6.992331504821777 2.7162373065948486 4.450132846832275
H 7.918916702270508 2.5311264991760254 2.941240072250366
H 5.330137729644775 3.4515700340270996 2.288646697998047
H 3.3800132274627686 1.870383620262146 2.093975305557251
H 2.970097541809082 -1.8834952116012573 1.1659440994262695
H 2.5252363681793213 0.3370794951915741 -0.44231486320495605
H 3.964625120162964 -0.6267646551132202 -0.9003709554672241
H 5.456884860992432 0.9064472317695618 0.10484601557254791
H 4.3460001945495605 2.4779999256134033 -1.350000023841858
H 2.8919999599456787 2.506999969482422 -0.3240000009536743
H 4.394999980926514 3.2780001163482666 0.23899999260902405
