C 3.9800000190734863 2.441999912261963 -0.3240000009536743
C 4.4120001792907715 1.124999761581421 0.3250001072883606
C 3.6091699600219727 0.8500227928161621 1.6188684701919556
C 4.632784843444824 0.2529381215572357 2.558281660079956
N 5.817483901977539 0.4661172330379486 2.1452529430389404
C 5.848052978515625 1.2253121137619019 0.8895782232284546
C 6.833025932312012 0.6105225086212158 -0.07030194252729416
O 7.246436595916748 -0.5137054324150085 0.12194615602493286
N 7.254042625427246 1.3081897497177124 -1.1438696384429932
C 8.211495399475098 0.7097057104110718 -2.0775434970855713
C 8.521256446838379 1.7043707370758057 -3.1977200508117676
C 9.520475387573242 1.0797014236450195 -4.172514915466309
C 9.830235481262207 2.074366569519043 -5.292691230773926
C 10.830048561096191 1.4498287439346313 -6.26828145980835
C 11.040830612182617 2.3793463706970215 -7.4354166984558105
O 10.143823623657227 2.417651891708374 -8.43308162689209
O 12.017844200134277 3.089008092880249 -7.473227500915527
N 12.109579086303711 1.227728009223938 -5.581839084625244
H 10.322383880615234 3.029961109161377 -9.160459518432617
H 10.440264701843262 0.49740442633628845 -6.62766170501709
H 12.767048835754395 0.7560206055641174 -6.186041355133057
H 12.492314338684082 2.096045732498169 -5.2391157150268555
H 8.910786628723145 2.3210840225219727 -5.824358940124512
H 10.257450103759766 2.9814445972442627 -4.866246223449707
H 10.44051742553711 0.8331154584884644 -3.64164137840271
H 9.093144416809082 0.17330537736415863 -4.600193500518799
H 7.601593971252441 1.9517810344696045 -3.7281734943389893
H 8.948256492614746 2.6121418476104736 -2.7700605392456055
H 9.13094425201416 0.46298840641975403 -1.5458757877349854
H 7.783571243286133 -0.19682171940803528 -2.504427909851074
H 6.923664093017578 2.2070765495300293 -1.2974883317947388
H 6.106348037719727 2.2667601108551025 1.08357572555542
H 4.390399932861328 -0.2856648564338684 3.462972402572632
H 3.2105648517608643 1.7789517641067505 2.0274596214294434
H 2.804530143737793 0.13999208807945251 1.427795171737671
H 4.322414875030518 0.29656392335891724 -0.3776271343231201
H 4.3460001945495605 2.4779999256134033 -1.350000023841858
H 2.8919999599456787 2.506999969482422 -0.3240000009536743
H 4.394999980926514 3.2780001163482666 0.23899999260902405
