C 3.9800000190734863 2.441999912261963 -0.3240000009536743
C 4.4120001792907715 1.1249998807907104 0.3250000476837158
C 4.832368850708008 0.08732500672340393 -0.7430660128593445
C 4.294883728027344 -1.220335602760315 -0.20647716522216797
N 3.433098077774048 -1.0237371921539307 0.7090684771537781
C 3.209683656692505 0.4021630883216858 0.9753846526145935
C 3.1830902099609375 0.6598926186561584 2.459425210952759
O 3.610886335372925 -0.17562834918498993 3.227963447570801
N 2.6858370304107666 1.8192403316497803 2.933971643447876
C 2.66072940826416 2.0698184967041016 4.377310276031494
C 2.050835132598877 3.446887254714966 4.6452956199646
C 2.024783134460449 3.708678960800171 6.151834964752197
C 1.414888858795166 5.085747718811035 6.419820308685303
C 1.3885340690612793 5.348135471343994 7.927104949951172
C 0.9029655456542969 6.751211643218994 8.184470176696777
O 1.7459079027175903 7.787439823150635 8.053686141967773
O -0.24474160373210907 6.942758083343506 8.50955867767334
N 0.48272040486335754 4.389974117279053 8.574528694152832
H 1.3882523775100708 8.668946266174316 8.229510307312012
H 2.3930022716522217 5.230575084686279 8.333824157714844
H 0.4974495470523834 4.499822616577148 9.57829761505127
H -0.4557413160800934 4.478814125061035 8.214919090270996
H 2.016308546066284 5.851487636566162 5.929042816162109
H 0.3985654413700104 5.116218566894531 6.02826452255249
H 1.4230611324310303 2.9435343742370605 6.643357276916504
H 3.0410315990448 3.6796066761016846 6.543584823608398
H 2.6516313552856445 4.212034225463867 4.153395175933838
H 1.033888339996338 3.4767653942108154 4.252617359161377
H 2.059309959411621 1.304078459739685 4.8680877685546875
H 3.6772801876068115 2.0401506423950195 4.76831579208374
H 2.343648910522461 2.4871742725372314 2.319547176361084
H 2.277021646499634 0.7310155034065247 0.5160778760910034
H 4.602696895599365 -2.1957662105560303 -0.5544642210006714
H 4.377289295196533 0.32203564047813416 -1.7056432962417603
H 5.917912483215332 0.04716992378234863 -0.8329583406448364
H 5.209997177124023 1.290600299835205 1.048736333847046
H 4.3460001945495605 2.4779999256134033 -1.350000023841858
H 2.8919999599456787 2.506999969482422 -0.3240000009536743
H 4.394999980926514 3.2780001163482666 0.23899999260902405
