C 3.9800000190734863 2.441999912261963 -0.3240000009536743
C 4.4120001792907715 1.124999761581421 0.3250001072883606
C 3.9211344718933105 1.0365577936172485 1.789743423461914
C 5.071261405944824 0.3760082423686981 2.516157388687134
N 6.136752605438232 0.4111264944076538 1.8211432695388794
C 5.9441680908203125 1.0788830518722534 0.5284551978111267
C 6.595822334289551 0.2847633361816406 -0.57346510887146
O 6.9201579093933105 -0.8681349158287048 -0.38010522723197937
N 6.817191123962402 0.853893518447876 -1.774976134300232
C 7.450396537780762 0.08105966448783875 -2.8466219902038574
C 7.585124492645264 0.9552856683731079 -4.094693660736084
C 8.245847702026367 0.1486368626356125 -5.213459491729736
C 8.380576133728027 1.0228629112243652 -6.461531162261963
C 9.041694641113281 0.21621868014335632 -7.581216812133789
C 9.062615394592285 1.0354629755020142 -8.845747947692871
O 7.960439682006836 1.1231517791748047 -9.606632232666016
O 10.071924209594727 1.6121916770935059 -9.174813270568848
N 10.417738914489746 -0.12154337018728256 -7.193726539611816
H 8.022541046142578 1.6604440212249756 -10.408720016479492
H 8.47653579711914 -0.7002846598625183 -7.750967025756836
H 10.854957580566406 -0.7100120782852173 -7.8882622718811035
H 10.963033676147461 0.711528480052948 -7.03073263168335
H 7.391850471496582 1.3493717908859253 -6.785166263580322
H 8.993175506591797 1.894018292427063 -6.231382369995117
H 9.234968185424805 -0.17786750197410583 -4.890743255615234
H 7.632911682128906 -0.7219072580337524 -5.444838047027588
H 6.596560955047607 1.2825847864151 -4.4171671867370605
H 8.197885513305664 1.8272314071655273 -3.8633835315704346
H 8.439122200012207 -0.24544912576675415 -2.522986650466919
H 6.837065696716309 -0.7894889712333679 -3.0770814418792725
H 6.558050155639648 1.775688886642456 -1.9295258522033691
H 6.3520989418029785 2.0895917415618896 0.5604707598686218
H 4.998412132263184 -0.06896897405385971 3.4979910850524902
H 3.7353873252868652 2.0325045585632324 2.192645311355591
H 3.022663116455078 0.4231214225292206 1.8571444749832153
H 4.06665563583374 0.27147141098976135 -0.2583034932613373
H 4.3460001945495605 2.4779999256134033 -1.350000023841858
H 2.8919999599456787 2.506999969482422 -0.3240000009536743
H 4.394999980926514 3.2780001163482666 0.23899999260902405
