C 3.9800000190734863 2.441999912261963 -0.3240000009536743
C 4.4120001792907715 1.125 0.32499998807907104
C 5.7811360359191895 1.2725962400436401 1.0306388139724731
C 6.479259014129639 -0.03710180148482323 0.7406226992607117
N 5.908050060272217 -0.663943886756897 -0.20823869109153748
C 4.749117851257324 0.05982459709048271 -0.7440234422683716
C 3.5866506099700928 -0.8795433044433594 -0.9331411123275757
O 3.5931396484375 -1.968165636062622 -0.39777672290802
N 2.5382418632507324 -0.5105188488960266 -1.6955071687698364
C 1.4075617790222168 -1.4241132736206055 -1.8786829710006714
C 0.3618658781051636 -0.7668173909187317 -2.7812278270721436
C -0.818530261516571 -1.7202438116073608 -2.9723238945007324
C -1.8642261028289795 -1.0629478693008423 -3.874868869781494
C -3.045483112335205 -2.0165622234344482 -4.066439628601074
C -4.128361701965332 -1.3235589265823364 -4.852415084838867
O -4.961774826049805 -0.46980413794517517 -4.237638473510742
O -4.246674060821533 -1.5375828742980957 -6.03554630279541
N -2.597376585006714 -3.2096123695373535 -4.7968926429748535
H -5.640695571899414 -0.049444157630205154 -4.783760070800781
H -3.435462236404419 -2.311929225921631 -3.092339038848877
H -3.343837022781372 -3.884758234024048 -4.879416465759277
H -2.2313690185546875 -2.962726354598999 -5.704090118408203
H -2.2148871421813965 -0.13981138169765472 -3.4125030040740967
H -1.4190396070480347 -0.8374127149581909 -4.8434247970581055
H -0.46872925758361816 -2.6435680389404297 -3.435163974761963
H -1.264838457107544 -1.945006251335144 -2.004148006439209
H 0.01250278390944004 0.15671181678771973 -2.319263219833374
H 0.8083502650260925 -0.5408894419670105 -3.750185012817383
H 1.7582229375839233 -2.3472495079040527 -2.3410484790802
H 0.9621139168739319 -1.6486879587173462 -0.9100326895713806
H 2.5331201553344727 0.35976141691207886 -2.1236798763275146
H 5.006799221038818 0.5400752425193787 -1.6884410381317139
H 7.350051403045654 -0.3952798843383789 1.2704702615737915
H 6.3419718742370605 2.1069447994232178 0.608658492565155
H 5.647348403930664 1.4057949781417847 2.1041643619537354
H 3.650280714035034 0.7624527215957642 1.0151879787445068
H 4.3460001945495605 2.4779999256134033 -1.350000023841858
H 2.8919999599456787 2.506999969482422 -0.3240000009536743
H 4.394999980926514 3.2780001163482666 0.23899999260902405
