C 3.9800000190734863 2.441999912261963 -0.3240000009536743
C 4.4120001792907715 1.1249998807907104 0.3250000774860382
C 4.544050216674805 -0.000248693919274956 -0.7288607358932495
C 4.006430625915527 -1.223041296005249 -0.019961940124630928
N 3.3444643020629883 -0.9005735516548157 1.0179996490478516
C 3.292034387588501 0.551629900932312 1.223878264427185
C 3.5567266941070557 0.8856433629989624 2.6688284873962402
O 4.046201705932617 0.05384710803627968 3.403869390487671
N 3.2516791820526123 2.1089625358581543 3.1452507972717285
C 3.5098462104797363 2.433662176132202 4.550443172454834
C 3.0749661922454834 3.873521327972412 4.829351902008057
C 3.3446097373962402 4.212664604187012 6.296031475067139
C 2.9097297191619873 5.652523517608643 6.574939727783203
C 3.1792614459991455 5.992325305938721 8.042365074157715
C 2.866433620452881 7.445885181427002 8.287191390991211
O 3.754542112350464 8.390811920166016 7.941066741943359
O 1.8166922330856323 7.7601118087768555 8.796022415161133
N 2.3297994136810303 5.157099723815918 8.901749610900879
H 3.5090365409851074 9.309667587280273 8.11803150177002
H 4.22761869430542 5.802165985107422 8.27254581451416
H 2.5355470180511475 5.315852642059326 9.877608299255371
H 1.3522930145263672 5.3149213790893555 8.708110809326172
H 3.4734113216400146 6.332815647125244 5.935884475708008
H 1.8452918529510498 5.757964611053467 6.3675456047058105
H 2.7808163166046143 3.5330305099487305 6.935831546783447
H 4.409125328063965 4.108631134033203 6.503536224365234
H 3.637784242630005 4.553225517272949 4.189343452453613
H 2.00966477394104 3.978374481201172 4.621004581451416
H 2.946164608001709 1.7533700466156006 5.189498424530029
H 4.5744733810424805 2.328970432281494 4.757203102111816
H 2.8601808547973633 2.773935317993164 2.557640314102173
H 2.32200026512146 0.9425044059753418 0.9153078198432922
H 4.164061546325684 -2.2393605709075928 -0.35095566511154175
H 3.9428350925445557 0.22685423493385315 -1.609602689743042
H 5.5881171226501465 -0.14620473980903625 -1.0058437585830688
H 5.339048385620117 1.2517719268798828 0.8840411305427551
H 4.3460001945495605 2.4779999256134033 -1.350000023841858
H 2.8919999599456787 2.506999969482422 -0.3240000009536743
H 4.394999980926514 3.2780001163482666 0.23899999260902405
