C 3.9800000190734863 2.441999912261963 -0.3240000009536743
C 4.4120001792907715 1.1249998807907104 0.3250000476837158
C 4.882544040679932 1.348134994506836 1.782066822052002
C 6.060049057006836 0.4106346070766449 1.9282466173171997
N 6.479907035827637 0.017114005982875824 0.7931652665138245
C 5.709038734436035 0.5837399959564209 -0.31981566548347473
C 5.385522842407227 -0.4853784739971161 -1.330672264099121
O 5.4994282722473145 -1.6559481620788574 -1.0331021547317505
N 4.967748165130615 -0.14220520853996277 -2.565272808074951
C 4.652582168579102 -1.1822644472122192 -3.5479190349578857
C 4.2067742347717285 -0.5286041498184204 -4.857151031494141
C 3.8775360584259033 -1.6141293048858643 -5.882876396179199
C 3.4317281246185303 -0.9604690670967102 -7.192108631134033
C 3.102250337600708 -2.0462112426757812 -8.218781471252441
C 2.5465309619903564 -1.4071651697158813 -9.46514892578125
O 1.2604382038116455 -1.0255569219589233 -9.507166862487793
O 3.258641242980957 -1.2395601272583008 -10.42661190032959
N 4.323950290679932 -2.790208578109741 -8.552916526794434
H 0.9496134519577026 -0.6201819181442261 -10.328716278076172
H 2.363487482070923 -2.729715585708618 -7.800154209136963
H 4.12131929397583 -3.55535626411438 -9.180073738098145
H 5.025081157684326 -2.1787619590759277 -8.943391799926758
H 2.545375108718872 -0.35172975063323975 -7.011163711547852
H 4.233180046081543 -0.32967236638069153 -7.5754218101501465
H 4.7636494636535645 -2.223085403442383 -6.064767360687256
H 3.0752265453338623 -2.2443573474884033 -5.500533103942871
H 3.321409225463867 0.08093143254518509 -4.675582408905029
H 5.009213924407959 0.10298889875411987 -5.239840030670166
H 5.53893518447876 -1.7910034656524658 -3.728863477706909
H 3.8505122661590576 -1.8122755289077759 -3.1646292209625244
H 4.876845359802246 0.7936630845069885 -2.8032500743865967
H 6.264861106872559 1.3953845500946045 -0.7901982665061951
H 6.48948860168457 0.11252617835998535 2.873774290084839
H 5.195756435394287 2.3819780349731445 1.9297434091567993
H 4.092817783355713 1.0836846828460693 2.485271453857422
H 3.6115810871124268 0.3866451382637024 0.2783311903476715
H 4.3460001945495605 2.4779999256134033 -1.350000023841858
H 2.8919999599456787 2.506999969482422 -0.3240000009536743
H 4.394999980926514 3.2780001163482666 0.23899999260902405
