C 3.9800000190734863 2.441999912261963 -0.3240000009536743
C 4.4120001792907715 1.124999761581421 0.325000137090683
C 3.660407066345215 -0.07667168229818344 -0.2957555949687958
C 3.3866958618164062 -0.980032205581665 0.885691225528717
N 3.540032386779785 -0.3593745529651642 1.9860643148422241
C 3.9318480491638184 1.0417128801345825 1.7925066947937012
C 5.051327228546143 1.4070671796798706 2.7320761680603027
O 5.683111190795898 0.5351468324661255 3.2909679412841797
N 5.352758884429932 2.702369451522827 2.9508750438690186
C 6.4420037269592285 3.057305335998535 3.864227294921875
C 6.573493957519531 4.579794406890869 3.9338159561157227
C 7.710592746734619 4.950423717498779 4.886976718902588
C 7.842082500457764 6.472912788391113 4.9565653800964355
C 8.979668617248535 6.844268798828125 5.910211086273193
C 9.190080642700195 8.336148262023926 5.884509086608887
O 9.889687538146973 8.897909164428711 4.886311054229736
O 8.729860305786133 9.025968551635742 6.763114929199219
N 8.632329940795898 6.422124862670898 7.273618698120117
H 9.998126983642578 9.858851432800293 4.91308069229126
H 9.895039558410645 6.342432498931885 5.596436500549316
H 9.395136833190918 6.5972113609313965 7.911823749542236
H 7.786815166473389 6.873757839202881 7.5883469581604
H 8.059788703918457 6.864832878112793 3.9626193046569824
H 6.909058570861816 6.902659893035889 5.319803237915039
H 7.493373870849609 4.559229850769043 5.881407737731934
H 8.64404582977295 4.521983623504639 4.523411750793457
H 6.789841175079346 4.971355438232422 2.9397103786468506
H 5.639111042022705 5.009181976318359 4.296894073486328
H 6.224298000335693 2.6653850078582764 4.858173370361328
H 7.374969482421875 2.628139019012451 3.5001776218414307
H 4.847541332244873 3.3994834423065186 2.5041840076446533
H 3.075685977935791 1.6987478733062744 1.9482513666152954
H 3.0987627506256104 -2.018371343612671 0.806598424911499
H 2.7258071899414062 0.2500777840614319 -0.7523732781410217
H 4.287215232849121 -0.5842956304550171 -1.0289183855056763
H 5.491672039031982 0.9924059510231018 0.25612398982048035
H 4.3460001945495605 2.4779999256134033 -1.350000023841858
H 2.8919999599456787 2.506999969482422 -0.3240000009536743
H 4.394999980926514 3.2780001163482666 0.23899999260902405
