C 3.9800000190734863 2.441999912261963 -0.3240000009536743
C 4.4120001792907715 1.1249996423721313 0.325000137090683
C 3.198685884475708 0.1943037360906601 0.5614684224128723
C 3.4909467697143555 -0.4460645318031311 1.8998656272888184
N 4.398887634277344 0.18857064843177795 2.526308536529541
C 4.893607139587402 1.349607229232788 1.777124285697937
C 6.3982672691345215 1.4034554958343506 1.8281704187393188
O 7.0287394523620605 0.4270995259284973 2.17600679397583
N 7.0447845458984375 2.5354230403900146 1.4858157634735107
C 8.508187294006348 2.5872206687927246 1.5349621772766113
C 8.984176635742188 3.9750425815582275 1.1019607782363892
C 10.511704444885254 4.029178142547607 1.1529849767684937
C 10.987693786621094 5.4170002937316895 0.7199836373329163
C 12.516046524047852 5.471698760986328 0.7709347605705261
C 12.98985481262207 6.795083045959473 0.2279830425977707
O 13.06149673461914 6.989266872406006 -1.0981334447860718
O 13.306156158447266 7.680512428283691 0.9866479635238647
N 12.96457576751709 5.324195861816406 2.1619033813476562
H 13.371440887451172 7.854974746704102 -1.398749828338623
H 12.928705215454102 4.662585735321045 0.1682356297969818
H 13.97249984741211 5.29153299331665 2.2153680324554443
H 12.595593452453613 6.062796115875244 2.7417681217193604
H 10.651617050170898 5.615339756011963 -0.2981715500354767
H 10.574982643127441 6.169308185577393 1.3914450407028198
H 10.848605155944824 3.8314011096954346 2.171067237854004
H 10.92483901977539 3.277918577194214 0.4806736409664154
H 8.646875381469727 4.173489093780518 0.08450397104024887
H 8.57024097442627 4.727457523345947 1.7741204500198364
H 8.844264030456543 2.388881206512451 2.553117275238037
H 8.92049789428711 1.8353984355926514 0.8627238273620605
H 6.540727615356445 3.316082239151001 1.207887887954712
H 4.466864109039307 2.268920660018921 2.1792659759521484
H 2.994033098220825 -1.3286185264587402 2.2760095596313477
H 2.2753121852874756 0.7722622752189636 0.6071504950523376
H 3.137578248977661 -0.5628812909126282 -0.22021861374378204
H 5.17804479598999 0.629558265209198 -0.27143096923828125
H 4.3460001945495605 2.4779999256134033 -1.350000023841858
H 2.8919999599456787 2.506999969482422 -0.3240000009536743
H 4.394999980926514 3.2780001163482666 0.23899999260902405
