C 3.9800000190734863 2.441999912261963 -0.3240000009536743
C 4.4120001792907715 1.124999761581421 0.3250001072883606
C 4.030189037322998 1.0892412662506104 1.8240617513656616
C 5.207297325134277 0.4026356041431427 2.4796407222747803
N 6.217879772186279 0.3812219202518463 1.7064570188522339
C 5.9524922370910645 1.0256080627441406 0.4148046374320984
C 6.490102767944336 0.18200728297233582 -0.7116145491600037
O 6.786348342895508 -0.9775509834289551 -0.5130718350410461
N 6.640544891357422 0.7142990827560425 -1.940669059753418
C 7.162822723388672 -0.10663522034883499 -3.036086082458496
C 7.234407901763916 0.732652485370636 -4.3130269050598145
C 7.779333591461182 -0.12419956922531128 -5.456589221954346
C 7.850918769836426 0.7150881886482239 -6.733530044555664
C 8.39616870880127 -0.14179562032222748 -7.8780388832092285
C 8.35112190246582 0.6464940309524536 -9.16147518157959
O 7.198553562164307 0.7581878900527954 -9.840102195739746
O 9.352848052978516 1.17677903175354 -9.579740524291992
N 9.78446102142334 -0.5223582983016968 -7.5855560302734375
H 7.219277381896973 1.273978352546692 -10.658280372619629
H 7.787155628204346 -1.0399243831634521 -7.9813103675842285
H 10.146536827087402 -1.1429312229156494 -8.295221328735352
H 10.370163917541504 0.2930169403553009 -7.485370635986328
H 6.853001594543457 1.0712182521820068 -6.990937232971191
H 8.510129928588867 1.5675185918807983 -6.57240629196167
H 8.77757453918457 -0.48036137223243713 -5.200127601623535
H 7.119715213775635 -0.9760350584983826 -5.618929386138916
H 6.2367682456970215 1.0895928144454956 -4.569308757781982
H 7.89389705657959 1.585893154144287 -4.150777816772461
H 8.16073989868164 -0.4627651572227478 -2.7786786556243896
H 6.502880573272705 -0.9584389328956604 -3.1974806785583496
H 6.403866291046143 1.641413688659668 -2.0993762016296387
H 6.397830486297607 2.0206081867218018 0.3900431990623474
H 5.192752838134766 -0.016351455822587013 3.47540545463562
H 3.911381959915161 2.1005938053131104 2.21366810798645
H 3.117845058441162 0.5120121240615845 1.9741712808609009
H 3.9930953979492188 0.27185696363449097 -0.20855651795864105
H 4.3460001945495605 2.4779999256134033 -1.350000023841858
H 2.8919999599456787 2.506999969482422 -0.3240000009536743
H 4.394999980926514 3.2780001163482666 0.23899999260902405
