C 3.9800000190734863 2.441999912261963 -0.3240000009536743
C 4.4120001792907715 1.125 0.32499998807907104
C 5.729839324951172 0.6024706363677979 -0.2950858771800995
C 5.526726245880127 -0.8944078087806702 -0.3650437891483307
N 4.299293041229248 -1.2002599239349365 -0.22571934759616852
C 3.4428317546844482 -0.022669950500130653 -0.04191165417432785
C 2.461582899093628 -0.2581855356693268 1.0766549110412598
O 2.6383543014526367 -1.1704182624816895 1.8566157817840576
N 1.3880276679992676 0.5452685356140137 1.2126048803329468
C 0.4342663288116455 0.3163107633590698 2.3009815216064453
C -0.682523787021637 1.3591859340667725 2.2282063961029053
C -1.6780284643173218 1.1204603910446167 3.3643643856048584
C -2.794818639755249 2.1633355617523193 3.2915892601013184
C -3.791200876235962 1.9248548746109009 4.42816162109375
C -4.82227897644043 3.0237200260162354 4.43131160736084
O -4.53298282623291 4.213581562042236 4.98082160949707
O -5.909451484680176 2.8328847885131836 3.94014835357666
N -4.456226825714111 0.6298917531967163 4.231844425201416
H -5.226815700531006 4.8873772621154785 4.958917140960693
H -3.261320114135742 1.9206130504608154 5.380740165710449
H -5.071948051452637 0.41878336668014526 5.003955364227295
H -4.955198287963867 0.6081134676933289 3.3552169799804688
H -2.3669207096099854 3.1615872383117676 3.3881447315216064
H -3.309030055999756 2.079882860183716 2.334625244140625
H -2.1068031787872314 0.12245318293571472 3.2682230472564697
H -1.164514183998108 1.205122709274292 4.321552753448486
H -0.25419557094573975 2.35710072517395 2.3234574794769287
H -1.1963049173355103 1.275396466255188 1.2699379920959473
H 0.006368698086589575 -0.6819408535957336 2.204425811767578
H 0.9486575722694397 0.4007284939289093 3.2577552795410156
H 1.246592402458191 1.27449369430542 0.58892822265625
H 2.915085554122925 0.20923708379268646 -0.9674752354621887
H 6.320618629455566 -1.6120530366897583 -0.5134665966033936
H 5.874303340911865 1.016218662261963 -1.293426752090454
H 6.577916622161865 0.8443878889083862 0.3454914391040802
H 4.501404285430908 1.2341222763061523 1.4057940244674683
H 4.3460001945495605 2.4779999256134033 -1.350000023841858
H 2.8919999599456787 2.506999969482422 -0.3240000009536743
H 4.394999980926514 3.2780001163482666 0.23899999260902405
