C 3.9800000190734863 2.441999912261963 -0.3240000009536743
C 4.4120001792907715 1.124999761581421 0.3250001072883606
C 3.6810431480407715 0.8987459540367126 1.6698997020721436
C 4.741718769073486 0.288815975189209 2.558577060699463
N 5.905027866363525 0.45834988355636597 2.0712177753448486
C 5.881795883178711 1.1925344467163086 0.8006024956703186
C 6.788839817047119 0.5303677916526794 -0.20354613661766052
O 7.1803297996521 -0.602008581161499 -0.01324207428842783
N 7.16438102722168 1.194706678390503 -1.3144757747650146
C 8.0460205078125 0.5501583814620972 -2.2911622524261475
C 8.316353797912598 1.513787865638733 -3.448073387145996
C 9.236424446105957 0.8410375714302063 -4.46775484085083
C 9.506757736206055 1.8046671152114868 -5.624666213989258
C 10.427377700805664 1.132015347480774 -6.64517879486084
C 10.594233512878418 2.032642364501953 -7.841701984405518
O 9.640170097351074 2.079231023788452 -8.784578323364258
O 11.587347984313965 2.7116658687591553 -7.952404022216797
N 11.739006996154785 0.8843545317649841 -6.031970977783203
H 9.792205810546875 2.6720900535583496 -9.533770561218262
H 9.989181518554688 0.18519698083400726 -6.9609575271606445
H 12.344883918762207 0.38174834847450256 -6.664533615112305
H 12.166728973388672 1.7470190525054932 -5.730664253234863
H 8.564453125 2.068974494934082 -6.105424880981445
H 9.985032081604004 2.7062995433807373 -5.243259429931641
H 10.179278373718262 0.57682865858078 -3.9878268241882324
H 8.757980346679688 -0.05993285030126572 -4.850399494171143
H 7.373928546905518 1.7788169384002686 -3.927622079849243
H 8.79450798034668 2.416141986846924 -3.0654566287994385
H 8.988325119018555 0.2858511209487915 -1.8104033470153809
H 7.5670270919799805 -0.350910484790802 -2.672976016998291
H 6.851534843444824 2.1001052856445312 -1.466550350189209
H 6.181404113769531 2.229177951812744 0.9573511481285095
H 4.5388336181640625 -0.2251240462064743 3.48702335357666
H 3.3349058628082275 1.8467966318130493 2.082369089126587
H 2.8460986614227295 0.2098495364189148 1.5418853759765625
H 4.256218910217285 0.2865804433822632 -0.35382363200187683
H 4.3460001945495605 2.4779999256134033 -1.350000023841858
H 2.8919999599456787 2.506999969482422 -0.3240000009536743
H 4.394999980926514 3.2780001163482666 0.23899999260902405
