C 3.9800000190734863 2.441999912261963 -0.3240000009536743
C 4.4120001792907715 1.124999761581421 0.3250001072883606
C 4.0053019523620605 -0.08712582290172577 -0.546545684337616
C 3.5731208324432373 -1.127612829208374 0.46211740374565125
N 3.3656625747680664 -0.6049650311470032 1.6037607192993164
C 3.600827693939209 0.8437150716781616 1.6110546588897705
C 4.394638538360596 1.2393187284469604 2.8287863731384277
O 4.980682373046875 0.39387407898902893 3.471850872039795
N 4.455703258514404 2.5325610637664795 3.2034029960632324
C 5.228356838226318 2.9170186519622803 4.3873982429504395
C 5.132495403289795 4.430298805236816 4.589633941650391
C 5.939158916473389 4.8317766189575195 5.825345993041992
C 5.843297481536865 6.345056533813477 6.027581214904785
C 6.650211334228516 6.747261047363281 7.26393461227417
C 6.657693862915039 8.248608589172363 7.3925251960754395
O 7.499475479125977 8.981608390808105 6.647178649902344
O 5.906678199768066 8.791914939880371 8.167378425598145
N 6.037766456604004 6.15626859664917 8.46116828918457
H 7.467620849609375 9.941311836242676 6.764820575714111
H 7.673618316650391 6.385786533355713 7.163079738616943
H 6.589101791381836 6.353003025054932 9.284066200256348
H 5.087927341461182 6.4759345054626465 8.577540397644043
H 6.244369029998779 6.8550896644592285 5.1512627601623535
H 4.800463676452637 6.628386974334717 6.166792392730713
H 5.538337230682373 4.322469234466553 6.702304840087891
H 6.982308864593506 4.549819469451904 5.686016082763672
H 5.532351016998291 4.939838409423828 3.7127888202667236
H 4.08844518661499 4.713135242462158 4.728318214416504
H 4.827284812927246 2.4069855213165283 5.263716697692871
H 6.271256446838379 2.63433575630188 4.247427940368652
H 3.9870219230651855 3.208481550216675 2.6893839836120605
H 2.652291774749756 1.3809020519256592 1.5850825309753418
H 3.456007480621338 -2.179032325744629 0.24277618527412415
H 3.176800489425659 0.17492882907390594 -1.2050703763961792
H 4.855851173400879 -0.4457378685474396 -1.1262534856796265
H 5.48306941986084 1.1230922937393188 0.5270487070083618
H 4.3460001945495605 2.4779999256134033 -1.350000023841858
H 2.8919999599456787 2.506999969482422 -0.3240000009536743
H 4.394999980926514 3.2780001163482666 0.23899999260902405
