C 3.9800000190734863 2.441999912261963 -0.3240000009536743
C 4.4120001792907715 1.124999761581421 0.3250001072883606
C 3.986027240753174 1.0685523748397827 1.811474084854126
C 5.153097629547119 0.39269760251045227 2.495551109313965
N 6.18659782409668 0.3938821852207184 1.752970814704895
C 5.950423717498779 1.0472893714904785 0.460178941488266
C 6.534089088439941 0.2230454534292221 -0.657615602016449
O 6.841552734375 -0.9339891076087952 -0.46141868829727173
N 6.713311195373535 0.7698379158973694 -1.876401662826538
C 7.280384540557861 -0.032280083745718 -2.9634530544281006
C 7.377640247344971 0.8207867741584778 -4.229519367218018
C 7.9693284034729 -0.01642649434506893 -5.36435604095459
C 8.066584587097168 0.8366404175758362 -6.630422115325928
C 8.658624649047852 -0.0005903138080611825 -7.766195774078369
C 8.640271186828613 0.7998431324958801 -9.042756080627441
O 7.507009983062744 0.9014687538146973 -9.754667282104492
O 9.646039962768555 1.348934292793274 -9.42555046081543
N 10.04306411743164 -0.3636987805366516 -7.435728549957275
H 7.544524192810059 1.4257230758666992 -10.566845893859863
H 8.066471099853516 -0.906459629535675 -7.896397590637207
H 10.435474395751953 -0.9717199802398682 -8.140114784240723
H 10.613249778747559 0.4591197073459625 -7.310109615325928
H 7.071614742279053 1.180686354637146 -6.914313793182373
H 8.707857131958008 1.6969712972640991 -6.441326141357422
H 8.96465015411377 -0.3604898452758789 -5.081399917602539
H 7.327675819396973 -0.8761562705039978 -5.554675102233887
H 6.3829026222229 1.165635585784912 -4.512269973754883
H 8.019145011901855 1.6819206476211548 -4.039282321929932
H 8.27535343170166 -0.3763258457183838 -2.679561138153076
H 6.63838005065918 -0.8919923901557922 -3.1528360843658447
H 6.467662334442139 1.694936990737915 -2.0332279205322266
H 6.381381988525391 2.0489065647125244 0.45841723680496216
H 5.114992141723633 -0.03646695241332054 3.4863462448120117
H 3.8404974937438965 2.0740795135498047 2.2070472240448
H 3.0783257484436035 0.4765353202819824 1.9284847974777222
H 4.022067546844482 0.27122896909713745 -0.22911563515663147
H 4.3460001945495605 2.4779999256134033 -1.350000023841858
H 2.8919999599456787 2.506999969482422 -0.3240000009536743
H 4.394999980926514 3.2780001163482666 0.23899999260902405
