C 3.9800000190734863 2.441999912261963 -0.3240000009536743
C 4.4120001792907715 1.124999761581421 0.3250001072883606
C 4.049758434295654 -0.08411354571580887 -0.5700250267982483
C 3.603153705596924 -1.1409286260604858 0.41510483622550964
N 3.353797197341919 -0.6329031586647034 1.5549646615982056
C 3.56695818901062 0.8189200162887573 1.583283543586731
C 4.317928791046143 1.213824987411499 2.828113317489624
O 4.897015571594238 0.370622456073761 3.480358839035034
N 4.348405838012695 2.503983736038208 3.2168335914611816
C 5.079408168792725 2.8877742290496826 4.427199840545654
C 4.954922199249268 4.397373676300049 4.641019344329834
C 5.718111991882324 4.798158645629883 5.904263973236084
C 5.593626022338867 6.307758331298828 6.118083477020264
C 6.3570356369018555 6.7092671394348145 7.381983757019043
C 6.338221073150635 8.209192276000977 7.525191307067871
O 7.190904140472412 8.96191692352295 6.81261682510376
O 5.556291580200195 8.733603477478027 8.282279014587402
N 5.717899799346924 6.097334861755371 8.55449104309082
H 7.141197681427002 9.919816970825195 6.93848180770874
H 7.388293743133545 6.363860130310059 7.308507919311523
H 6.2413330078125 6.293827056884766 9.395469665527344
H 4.760329246520996 6.401861667633057 8.645288467407227
H 6.013103008270264 6.832414150238037 5.259187698364258
H 4.542971134185791 6.574362277984619 6.2285590171813965
H 5.298854827880859 4.27422571182251 6.763814449310303
H 6.7690653800964355 4.532933235168457 5.793692588806152
H 5.373207092285156 4.921523571014404 3.7815561294555664
H 3.9030752182006836 4.663471698760986 4.750926971435547
H 4.659931182861328 2.3631181716918945 5.286094665527344
H 6.130141735076904 2.621825933456421 4.31597375869751
H 3.8852834701538086 3.1781084537506104 2.695470094680786
H 2.6117024421691895 1.3423863649368286 1.5339412689208984
H 3.5083930492401123 -2.191688299179077 0.18222372233867645
H 3.2375330924987793 0.1723945438861847 -1.2506392002105713
H 4.922558784484863 -0.42436763644218445 -1.1272904872894287
H 5.476444244384766 1.1367498636245728 0.5591737031936646
H 4.3460001945495605 2.4779999256134033 -1.350000023841858
H 2.8919999599456787 2.506999969482422 -0.3240000009536743
H 4.394999980926514 3.2780001163482666 0.23899999260902405
