C 3.9800000190734863 2.441999912261963 -0.3240000009536743
C 4.4120001792907715 1.125 0.32499998807907104
C 5.907192707061768 1.161660075187683 0.721610426902771
C 6.399913787841797 -0.23125948011875153 0.39943838119506836
N 5.583629131317139 -0.8450587391853333 -0.3598232567310333
C 4.411962985992432 -0.030394043773412704 -0.7026783227920532
C 3.151641368865967 -0.8457427024841309 -0.57499098777771
O 3.167483329772949 -1.8959308862686157 0.0321410596370697
N 2.005669116973877 -0.4082399606704712 -1.133453369140625
C 0.7799818515777588 -1.2011628150939941 -1.0085128545761108
C -0.36553943157196045 -0.4859614372253418 -1.7271037101745605
C -1.64505934715271 -1.3134052753448486 -1.5965657234191895
C -2.7905805110931396 -0.5982038974761963 -2.3151566982269287
C -4.071056365966797 -1.425766944885254 -2.1848907470703125
C -5.224656105041504 -0.6643539667129517 -2.7849690914154053
O -5.823690891265869 0.30964869260787964 -2.082188129425049
O -5.610657215118408 -0.9317048788070679 -3.8981313705444336
N -3.9036474227905273 -2.700786828994751 -2.8948397636413574
H -6.55959415435791 0.7699429392814636 -2.5093424320220947
H -4.2722930908203125 -1.6200765371322632 -1.1313515901565552
H -4.7115654945373535 -3.2935056686401367 -2.7691876888275146
H -3.7161850929260254 -2.5481090545654297 -3.8743648529052734
H -2.945713996887207 0.38288235664367676 -1.865346074104309
H -2.5411319732666016 -0.47893115878105164 -3.3690576553344727
H -1.4908808469772339 -2.2946107387542725 -2.0466482639312744
H -1.8956058025360107 -1.431809902191162 -0.542867124080658
H -0.5194578170776367 0.49534890055656433 -1.277981162071228
H -0.11487580090761185 -0.3664644956588745 -2.7816927433013916
H 0.935115396976471 -2.182248830795288 -1.4583234786987305
H 0.5303905010223389 -1.3194482326507568 0.04545758664608002
H 1.9930293560028076 0.4312969744205475 -1.6190086603164673
H 4.50843620300293 0.36360618472099304 -1.714815378189087
H 7.324927806854248 -0.6518541574478149 0.7665334939956665
H 6.442922592163086 1.9037539958953857 0.12913137674331665
H 6.017068862915039 1.370193600654602 1.7858184576034546
H 3.7826642990112305 0.8885360956192017 1.1829261779785156
H 4.3460001945495605 2.4779999256134033 -1.350000023841858
H 2.8919999599456787 2.506999969482422 -0.3240000009536743
H 4.394999980926514 3.2780001163482666 0.23899999260902405
