C 3.9800000190734863 2.441999912261963 -0.3240000009536743
C 4.4120001792907715 1.1249998807907104 0.32500001788139343
C 5.301990509033203 0.29623863101005554 -0.631721556186676
C 4.855969429016113 -1.1291769742965698 -0.3949725329875946
N 3.738753318786621 -1.1678301095962524 0.21320749819278717
C 3.209290027618408 0.1697521209716797 0.5040204524993896
C 2.695141315460205 0.2333390861749649 1.9186283349990845
O 3.0063440799713135 -0.6260407567024231 2.7163593769073486
N 1.89082670211792 1.2456556558609009 2.2992005348205566
C 1.3915032148361206 1.3075200319290161 3.675243616104126
C 0.5068920254707336 2.544405937194824 3.8416221141815186
C -0.01419096626341343 2.6092374324798584 5.277987003326416
C -0.8988022208213806 3.846122980117798 5.44436502456665
C -1.420493245124817 3.9114058017730713 6.881384372711182
C -2.1895599365234375 5.192070484161377 7.079050064086914
O -1.533043384552002 6.341338634490967 7.3017473220825195
O -3.396977186203003 5.183653354644775 7.038102626800537
N -2.304377317428589 2.765536069869995 7.133298873901367
H -2.0698418617248535 7.137022018432617 7.422658920288086
H -0.5798562169075012 3.8813133239746094 7.574652671813965
H -2.6105804443359375 2.749626636505127 8.095495223999023
H -3.0923681259155273 2.7704620361328125 6.503244876861572
H -0.31542107462882996 4.741898536682129 5.2294721603393555
H -1.740485668182373 3.7871153354644775 4.7549848556518555
H -0.5981796383857727 1.7139127254486084 5.493533611297607
H 0.8271287679672241 2.6695852279663086 5.967634201049805
H 1.0901246070861816 3.439654588699341 3.625425100326538
H -0.3349398970603943 2.4848716259002686 3.150937795639038
H 0.8081222772598267 0.4117446839809418 3.890136480331421
H 2.2334306240081787 1.3674168586730957 4.364236831665039
H 1.6418694257736206 1.932640790939331 1.6613779067993164
H 2.4163506031036377 0.4238426387310028 -0.200003519654274
H 5.413485050201416 -2.0023486614227295 -0.7016593813896179
H 5.124464511871338 0.5857886075973511 -1.667765498161316
H 6.354934215545654 0.41550177335739136 -0.3764106333255768
H 4.915944576263428 1.3053902387619019 1.2744818925857544
H 4.3460001945495605 2.4779999256134033 -1.350000023841858
H 2.8919999599456787 2.506999969482422 -0.3240000009536743
H 4.394999980926514 3.2780001163482666 0.23899999260902405
