C 3.9800000190734863 2.441999912261963 -0.3240000009536743
C 4.4120001792907715 1.124999761581421 0.325000137090683
C 3.3248658180236816 0.03670615702867508 0.15766914188861847
C 3.3474276065826416 -0.7013516426086426 1.4773495197296143
N 3.9608521461486816 -0.03242399916052818 2.3694231510162354
C 4.462173938751221 1.2515417337417603 1.8653013706207275
C 5.878087043762207 1.4786250591278076 2.32696270942688
O 6.529251575469971 0.5532388687133789 2.7644572257995605
N 6.42272424697876 2.709226131439209 2.252578020095825
C 7.800025463104248 2.9295685291290283 2.7010607719421387
C 8.168821334838867 4.401981353759766 2.511070489883423
C 9.606535911560059 4.632075309753418 2.97894549369812
C 9.97533130645752 6.104487895965576 2.788954973220825
C 11.413772583007812 6.3352437019348145 3.2570230960845947
C 11.818288803100586 7.755331993103027 2.9564332962036133
O 12.203816413879395 8.094941139221191 1.7164905071258545
O 11.796492576599121 8.587478637695312 3.8320250511169434
N 11.501447677612305 6.09688663482666 4.703822612762451
H 12.454242706298828 9.018174171447754 1.5722270011901855
H 12.080225944519043 5.648911476135254 2.734543561935425
H 12.45473575592041 6.179116725921631 5.026803970336914
H 10.892720222473145 6.721205711364746 5.211363315582275
H 9.890824317932129 6.367257595062256 1.7340915203094482
H 9.299064636230469 6.727504730224609 3.3734819889068604
H 9.691768646240234 4.369966506958008 4.03400182723999
H 10.28327751159668 4.010232925415039 2.3937902450561523
H 8.08294677734375 4.664637088775635 1.4565517902374268
H 7.491187572479248 5.024884223937988 3.095942258834839
H 7.884532928466797 2.6667988300323486 3.7559242248535156
H 8.476041793823242 2.307065010070801 2.115712881088257
H 5.902070999145508 3.4491171836853027 1.9029675722122192
H 3.818676471710205 2.066072702407837 2.1990907192230225
H 2.901219606399536 -1.6714321374893188 1.6421266794204712
H 2.348597764968872 0.4925019145011902 -0.009342081844806671
H 3.5780181884765625 -0.6359991431236267 -0.6617693305015564
H 5.3694586753845215 0.7898026704788208 -0.073663629591465
H 4.3460001945495605 2.4779999256134033 -1.350000023841858
H 2.8919999599456787 2.506999969482422 -0.3240000009536743
H 4.394999980926514 3.2780001163482666 0.23899999260902405
