C 3.9800000190734863 2.441999912261963 -0.3240000009536743
C 4.4120001792907715 1.125 0.32499998807907104
C 5.852619647979736 0.7432664036750793 -0.09109974652528763
C 5.792071342468262 -0.757766604423523 -0.26438555121421814
N 4.588935375213623 -1.1644366979599 -0.34582170844078064
C 3.6166415214538574 -0.06907035410404205 -0.251765638589859
C 2.4908881187438965 -0.44622477889060974 0.675564706325531
O 2.6162023544311523 -1.387831211090088 1.4301700592041016
N 1.344866156578064 0.2630908787250519 0.6687185764312744
C 0.2504662275314331 -0.10360712558031082 1.5711969137191772
C -0.9246875643730164 0.8533239364624023 1.3628666400909424
C -2.0670316219329834 0.4708196222782135 2.305000066757202
C -3.242185354232788 1.4277507066726685 2.0966696739196777
C -4.3854804039001465 1.0453977584838867 3.039076805114746
C -5.493451118469238 2.0600063800811768 2.9224298000335693
O -5.399651050567627 3.233031749725342 3.567904472351074
O -6.466381072998047 1.816712498664856 2.2487690448760986
N -4.896899223327637 -0.2823432981967926 2.673996925354004
H -6.135729789733887 3.8518974781036377 3.4626522064208984
H -4.018511772155762 1.0239943265914917 4.06527042388916
H -5.609265327453613 -0.5862794518470764 3.3220653533935547
H -5.243563652038574 -0.28907275199890137 1.7265262603759766
H -2.922391414642334 2.448108434677124 2.3100428581237793
H -3.585552215576172 1.3633413314819336 1.0646288394927979
H -2.387775421142578 -0.5493868589401245 2.091900587081909
H -1.724489688873291 0.5363660454750061 3.337202787399292
H -0.604230523109436 1.8734582662582397 1.5750107765197754
H -1.267391324043274 0.7886912822723389 0.3295968174934387
H -0.0693274661898613 -1.1239646673202515 1.3578238487243652
H 0.5939581990242004 -0.038212019950151443 2.603126049041748
H 1.2445974349975586 1.0157986879348755 0.06529245525598526
H 3.2279579639434814 0.17743994295597076 -1.2402607202529907
H 6.657853603363037 -1.4023076295852661 -0.3123125433921814
H 6.121044158935547 1.2265493869781494 -1.0308483839035034
H 6.561931133270264 1.0100706815719604 0.6923480033874512
H 4.315491199493408 1.1749801635742188 1.4095295667648315
H 4.3460001945495605 2.4779999256134033 -1.350000023841858
H 2.8919999599456787 2.506999969482422 -0.3240000009536743
H 4.394999980926514 3.2780001163482666 0.23899999260902405
