C 3.9800000190734863 2.441999912261963 -0.3240000009536743
C 4.4120001792907715 1.124999761581421 0.325000137090683
C 3.348153591156006 0.621889591217041 1.3296663761138916
C 4.166699409484863 0.05563528835773468 2.4681451320648193
N 5.374976634979248 0.4506692886352539 2.4084551334381104
C 5.622206687927246 1.3358174562454224 1.2641563415527344
C 6.900308609008789 0.9470669627189636 0.5678538084030151
O 7.405786037445068 -0.13382628560066223 0.7867565751075745
N 7.481834411621094 1.7988547086715698 -0.29980239272117615
C 8.724510192871094 1.420169711112976 -0.9772988557815552
C 9.169463157653809 2.5568246841430664 -1.8993278741836548
C 10.466459274291992 2.1615848541259766 -2.606760263442993
C 10.911413192749023 3.2982399463653564 -3.5287892818450928
C 12.2091646194458 2.9032840728759766 -4.236814022064209
C 12.581121444702148 3.9687604904174805 -5.235335826873779
O 11.978494644165039 4.004539489746094 -6.434079170227051
O 13.422528266906738 4.789795398712158 -4.956874847412109
N 13.284289360046387 2.7643275260925293 -3.245589017868042
H 12.250656127929688 4.706784248352051 -7.041256904602051
H 12.066527366638184 1.9542784690856934 -4.753767013549805
H 14.136693000793457 2.4404428005218506 -3.6795735359191895
H 13.43655014038086 3.6312055587768555 -2.752373695373535
H 10.136381149291992 3.488140344619751 -4.271883964538574
H 11.078835487365723 4.199887752532959 -2.940436363220215
H 11.2422456741333 1.9719682931900024 -1.8642572164535522
H 10.299148559570312 1.2607262134552002 -3.1962814331054688
H 8.393813133239746 2.747256278991699 -2.6412672996520996
H 9.336267471313477 3.459003448486328 -1.3098196983337402
H 9.499541282653809 1.230269432067871 -0.2342039793729782
H 8.556445121765137 0.5190272927284241 -1.566227912902832
H 7.077810764312744 2.663102865219116 -0.4746912717819214
H 5.6695637702941895 2.3744282722473145 1.592805027961731
H 3.7769415378570557 -0.6000775694847107 3.2332849502563477
H 2.728475332260132 1.4485889673233032 1.6779605150222778
H 2.730931520462036 -0.15491852164268494 0.878330409526825
H 4.6275811195373535 0.3702473044395447 -0.4312340319156647
H 4.3460001945495605 2.4779999256134033 -1.350000023841858
H 2.8919999599456787 2.506999969482422 -0.3240000009536743
H 4.394999980926514 3.2780001163482666 0.23899999260902405
