C 3.9800000190734863 2.441999912261963 -0.3240000009536743
C 4.4120001792907715 1.1249998807907104 0.3250000476837158
C 4.856049060821533 0.09578245133161545 -0.7416658997535706
C 4.320316314697266 -1.218457579612732 -0.21959516406059265
N 3.443455934524536 -1.0327739715576172 0.6838354468345642
C 3.205472707748413 0.390097975730896 0.9537041187286377
C 3.15470552444458 0.640228271484375 2.4384148120880127
O 3.5771279335021973 -0.19593824446201324 3.2092199325561523
N 2.6417808532714844 1.7935043573379517 2.91107177734375
C 2.593162775039673 2.0366971492767334 4.355072975158691
C 1.9690921306610107 3.4078853130340576 4.620561599731445
C 1.9184983968734741 3.6619696617126465 6.127796173095703
C 1.2944276332855225 5.033157825469971 6.393284797668457
C 1.2435157299041748 5.287832260131836 7.9012627601623535
C 0.7437189221382141 6.685995101928711 8.158127784729004
O 1.5807976722717285 7.72904109954834 8.045082092285156
O -0.41012832522392273 6.867462635040283 8.466851234436035
N 0.33524417877197266 4.319812774658203 8.530318260192871
H 1.213998556137085 8.607003211975098 8.219799995422363
H 2.242616653442383 5.175646781921387 8.32246208190918
H 0.3340977132320404 4.424765110015869 9.53471851348877
H -0.5983526110649109 4.403530597686768 8.157074928283691
H 1.8974292278289795 5.805741310119629 5.915340900421143
H 0.28389328718185425 5.058094024658203 5.986644268035889
H 1.3151789903640747 2.8899757862091064 6.60648250579834
H 2.9289443492889404 3.63843035697937 6.534636497497559
H 2.5714917182922363 4.179876804351807 4.141483306884766
H 0.9579557180404663 3.432229995727539 4.2127861976623535
H 1.990161418914795 1.2641137838363647 4.833016395568848
H 3.60392689704895 2.012568235397339 4.761170387268066
H 2.303889036178589 2.4619529247283936 2.2948319911956787
H 2.2773852348327637 0.7143576145172119 0.48203253746032715
H 4.640561103820801 -2.189849376678467 -0.5676613450050354
H 4.413725852966309 0.3319280743598938 -1.7098225355148315
H 5.943087577819824 0.06407049298286438 -0.8154199123382568
H 5.1977972984313965 1.2928645610809326 1.0614515542984009
H 4.3460001945495605 2.4779999256134033 -1.350000023841858
H 2.8919999599456787 2.506999969482422 -0.3240000009536743
H 4.394999980926514 3.2780001163482666 0.23899999260902405
