C 3.9800000190734863 2.441999912261963 -0.3240000009536743
C 4.4120001792907715 1.125 0.32499998807907104
C 5.940296173095703 0.9165295958518982 0.20213788747787476
C 6.0816802978515625 -0.5649964213371277 -0.0659768283367157
N 4.972752571105957 -1.0768349170684814 -0.42353737354278564
C 3.8875176906585693 -0.09008476883172989 -0.4747157096862793
C 2.644198179244995 -0.6450746655464172 0.16999410092830658
O 2.7150676250457764 -1.6271803379058838 0.8786557912826538
N 1.45302152633667 -0.04998443275690079 -0.03859010711312294
C 0.24413560330867767 -0.5896417498588562 0.5891124606132507
C -0.9613370895385742 0.26431941986083984 0.19200950860977173
C -2.2232351303100586 -0.2987326979637146 0.8473414778709412
C -3.4287078380584717 0.5552284717559814 0.4502384662628174
C -4.691603660583496 -0.007785724475979805 1.1056450605392456
C -5.856823444366455 0.9025613069534302 0.8155298233032227
O -6.026469707489014 2.024416923522949 1.532526969909668
O -6.638594627380371 0.6216555833816528 -0.06169885769486427
N -4.9685468673706055 -1.3451805114746094 0.564898669719696
H -6.78884220123291 2.5766384601593018 1.309537410736084
H -4.542300701141357 -0.07522397488355637 2.1833081245422363
H -5.76067590713501 -1.765993595123291 1.0288852453231812
H -5.111120223999023 -1.309950828552246 -0.43327653408050537
H -3.2733561992645264 1.5813374519348145 0.7847416400909424
H -3.5444350242614746 0.540229082107544 -0.6330621242523193
H -2.3795833587646484 -1.3248038291931152 0.5129128098487854
H -2.108468532562256 -0.2826964855194092 1.9306906461715698
H -0.8050644993782043 1.2903671264648438 0.5254412889480591
H -1.0761432647705078 0.24925892055034637 -0.8923624753952026
H 0.08878424018621445 -1.6157505512237549 0.25460928678512573
H 0.35989904403686523 -0.5736434459686279 1.6723871231079102
H 1.3963197469711304 0.7351051568984985 -0.6053044199943542
H 3.684662103652954 0.1956712305545807 -1.5072648525238037
H 7.004373550415039 -1.1182045936584473 0.033553238958120346
H 6.340611934661865 1.4960464239120483 -0.6301175951957703
H 6.440608501434326 1.186935305595398 1.132012128829956
H 4.090720176696777 1.0795758962631226 1.3655441999435425
H 4.3460001945495605 2.4779999256134033 -1.350000023841858
H 2.8919999599456787 2.506999969482422 -0.3240000009536743
H 4.394999980926514 3.2780001163482666 0.23899999260902405
