C 3.9800000190734863 2.441999912261963 -0.3240000009536743
C 4.4120001792907715 1.1249998807907104 0.3250000774860382
C 4.3755693435668945 -0.0385216549038887 -0.6943795084953308
C 3.8556344509124756 -1.2077341079711914 0.11147662252187729
N 3.324068784713745 -0.8175992369651794 1.199953556060791
C 3.3661928176879883 0.6411219835281372 1.3561196327209473
C 3.7985496520996094 1.0061067342758179 2.752315044403076
O 4.320926666259766 0.17302344739437103 3.462843418121338
N 3.6069881916046143 2.258469581604004 3.21213436126709
C 4.028194904327393 2.613248109817505 4.5698394775390625
C 3.697600841522217 4.0824198722839355 4.838813781738281
C 4.1374287605285645 4.452947616577148 6.255900859832764
C 3.8068342208862305 5.922119617462158 6.524875640869141
C 4.246662616729736 6.293334484100342 7.942690372467041
C 4.034361839294434 7.768571853637695 8.164591789245605
O 4.9268927574157715 8.653200149536133 7.69316291809082
O 3.061307907104492 8.154460906982422 8.767799377441406
N 3.452268123626709 5.5323872566223145 8.91615104675293
H 4.747610092163086 9.589016914367676 7.8604655265808105
H 5.302690505981445 6.054758071899414 8.069515228271484
H 3.7677316665649414 5.710742473602295 9.858757972717285
H 2.468857765197754 5.736055374145508 8.819478988647461
H 4.3329854011535645 6.550699234008789 5.805863380432129
H 2.7330219745635986 6.077723026275635 6.4255146980285645
H 3.6112780570983887 3.825054407119751 6.975640296936035
H 5.211400032043457 4.29874849319458 6.355310916900635
H 4.222764015197754 4.710428714752197 4.118966579437256
H 2.622800350189209 4.237452507019043 4.738617897033691
H 3.5020439624786377 1.984668254852295 5.288851261138916
H 5.102165699005127 2.458362340927124 4.668522357940674
H 3.1891889572143555 2.9244821071624756 2.6441402435302734
H 2.389669895172119 1.0733519792556763 1.1357899904251099
H 3.9264943599700928 -2.2410049438476562 -0.19615840911865234
H 3.696653366088867 0.19239917397499084 -1.5156530141830444
H 5.375900745391846 -0.2488171011209488 -1.0728126764297485
H 5.398137092590332 1.219649314880371 0.7795238494873047
H 4.3460001945495605 2.4779999256134033 -1.350000023841858
H 2.8919999599456787 2.506999969482422 -0.3240000009536743
H 4.394999980926514 3.2780001163482666 0.23899999260902405
