C 3.9800000190734863 2.441999912261963 -0.3240000009536743
C 4.4120001792907715 1.1249998807907104 0.32500001788139343
C 5.304516315460205 1.3787238597869873 1.5632582902908325
C 6.347863674163818 0.28685763478279114 1.485487937927246
N 6.372142791748047 -0.24636541306972504 0.3302249312400818
C 5.391585350036621 0.34872302412986755 -0.5854204893112183
C 4.661044597625732 -0.7291334867477417 -1.3430771827697754
O 4.70842981338501 -1.878956913948059 -0.9591284394264221
N 3.953118085861206 -0.4165176749229431 -2.4465506076812744
C 3.2422235012054443 -1.464957356452942 -3.1827902793884277
C 2.5250306129455566 -0.8473776578903198 -4.384594917297363
C 1.7827439308166504 -1.9416139125823975 -5.1530561447143555
C 1.0655510425567627 -1.3240342140197754 -6.354861259460449
C 0.3227382302284241 -2.4185163974761963 -7.1241374015808105
C -0.48265737295150757 -1.7941882610321045 -8.234177589416504
O -1.6686758995056152 -1.226425290107727 -7.9650492668151855
O -0.060964345932006836 -1.8059308528900146 -9.366272926330566
N 1.2945213317871094 -3.3608922958374023 -7.694483280181885
H -2.148837089538574 -0.8389212489128113 -8.7101469039917
H -0.34428897500038147 -2.9504404067993164 -6.445662021636963
H 0.8267470598220825 -4.12973165512085 -8.152641296386719
H 1.9248794317245483 -2.892286539077759 -8.327713012695312
H 0.3514997959136963 -0.5767717957496643 -6.007505416870117
H 1.7956684827804565 -0.8510139584541321 -7.010862827301025
H 2.496269464492798 -2.689121961593628 -5.50122594833374
H 1.0516047477722168 -2.414013624191284 -4.497809410095215
H 1.8121960163116455 -0.09943477064371109 -4.0370025634765625
H 3.256364583969116 -0.3736768066883087 -5.040359973907471
H 3.9562747478485107 -2.212219476699829 -3.5301456451416016
H 2.511610269546509 -1.937111258506775 -2.5267293453216553
H 3.915369749069214 0.5027340650558472 -2.753629207611084
H 5.886002540588379 1.0309257507324219 -1.2776025533676147
H 6.989623546600342 -0.003913313616067171 2.3045761585235596
H 5.773409843444824 2.361199140548706 1.503067970275879
H 4.722972393035889 1.2881340980529785 2.4806995391845703
H 3.546170234680176 0.5148201584815979 0.5819736123085022
H 4.3460001945495605 2.4779999256134033 -1.350000023841858
H 2.8919999599456787 2.506999969482422 -0.3240000009536743
H 4.394999980926514 3.2780001163482666 0.23899999260902405
