C 3.9800000190734863 2.441999912261963 -0.3240000009536743
C 4.4120001792907715 1.125 0.32499998807907104
C 5.953790187835693 1.0199847221374512 0.403094619512558
C 6.231979846954346 -0.4348083734512329 0.09816519170999527
N 5.21870756149292 -0.9978631138801575 -0.4269995093345642
C 4.084174633026123 -0.08052138239145279 -0.5862116813659668
C 2.8075809478759766 -0.7438623905181885 -0.13922755420207977
O 2.851381540298462 -1.752816915512085 0.5329687595367432
N 1.616416573524475 -0.21598266065120697 -0.48420846462249756
C 0.3750675618648529 -0.8610315322875977 -0.048765648156404495
C -0.8230779767036438 -0.06684219092130661 -0.5720394253730774
C -2.1188952922821045 -0.7399133443832397 -0.11738850921392441
C -3.3170406818389893 0.05427597463130951 -0.6406623721122742
C -4.613856792449951 -0.6188241839408875 -0.18607185781002045
C -5.7903594970703125 0.22891584038734436 -0.5957238078117371
O -6.131320953369141 1.301559567451477 0.1354432851076126
O -6.427001953125 -0.05793837457895279 -1.5816268920898438
N -4.72294807434082 -1.9431828260421753 -0.8120930790901184
H -6.893650054931641 1.814571499824524 -0.16714216768741608
H -4.605052471160889 -0.7290164828300476 0.8983529806137085
H -5.538703918457031 -2.4354023933410645 -0.4772831201553345
H -4.7334489822387695 -1.8685368299484253 -1.8181942701339722
H -3.279123306274414 1.0706744194030762 -0.24769586324691772
H -3.286184072494507 0.08469516038894653 -1.7293682098388672
H -2.1578104496002197 -1.756340742111206 -0.5104153752326965
H -2.150779962539673 -0.769362211227417 0.9712758660316467
H -0.7841029763221741 0.9496056437492371 -0.1800106167793274
H -0.7911637425422668 -0.03637344017624855 -1.6616829633712769
H 0.3371502161026001 -1.877429723739624 -0.44173210859298706
H 0.3441808223724365 -0.8904513716697693 1.0399590730667114
H 1.5813825130462646 0.5905769467353821 -1.0217771530151367
H 4.001282691955566 0.2417040765285492 -1.6246068477630615
H 7.1693196296691895 -0.9326419234275818 0.3003166913986206
H 6.420202255249023 1.6634970903396606 -0.3432924151420593
H 6.305881977081299 1.2759819030761719 1.402391791343689
H 3.9589695930480957 1.0087475776672363 1.3095126152038574
H 4.3460001945495605 2.4779999256134033 -1.350000023841858
H 2.8919999599456787 2.506999969482422 -0.3240000009536743
H 4.394999980926514 3.2780001163482666 0.23899999260902405
