C 3.9800000190734863 2.441999912261963 -0.3240000009536743
C 4.4120001792907715 1.125 0.32499998807907104
C 5.77969217300415 0.6537643671035767 -0.22418072819709778
C 5.626377582550049 -0.846616268157959 -0.3343934118747711
N 4.402601718902588 -1.1907241344451904 -0.2751348614692688
C 3.5015499591827393 -0.0424889512360096 -0.12121507525444031
C 2.4627888202667236 -0.32931986451148987 0.931501030921936
O 2.620096445083618 -1.2519022226333618 1.7034152746200562
N 1.3592772483825684 0.4397074580192566 1.0175297260284424
C 0.34954750537872314 0.16084833443164825 2.0418975353240967
C -0.7918576002120972 1.172187328338623 1.9215116500854492
C -1.8457967042922974 0.8813732862472534 2.990863800048828
C -2.987201690673828 1.8927123546600342 2.8704779148101807
C -4.042048454284668 1.6021089553833008 3.9401955604553223
C -5.104158401489258 2.6703248023986816 3.9018054008483887
O -4.884236812591553 3.8565125465393066 4.4900383949279785
O -6.153796195983887 2.4582018852233887 3.342458724975586
N -4.654784202575684 0.2927260994911194 3.679809808731079
H -5.595536231994629 4.510219573974609 4.438994407653809
H -3.5701305866241455 1.5936274528503418 4.922752857208252
H -5.308878421783447 0.04801284521818161 4.4092698097229
H -5.099614143371582 0.27453696727752686 2.7744274139404297
H -2.5961503982543945 2.9007503986358643 3.0114190578460693
H -3.440577745437622 1.8140993118286133 1.8828401565551758
H -2.2377548217773438 -0.12645427882671356 2.850287675857544
H -1.393166184425354 0.9611704349517822 3.978705883026123
H -0.400288850069046 2.1799280643463135 2.0611705780029297
H -1.2447160482406616 1.093277096748352 0.9325918555259705
H -0.041503533720970154 -0.8471895456314087 1.9009562730789185
H 0.8030849695205688 0.2404349446296692 3.029374361038208
H 1.233412265777588 1.1772061586380005 0.4002781808376312
H 3.0232789516448975 0.1930198073387146 -1.0724023580551147
H 6.449008941650391 -1.5377393960952759 -0.4481256306171417
H 5.970984935760498 1.091983437538147 -1.2040342092514038
H 6.58030366897583 0.9069311022758484 0.47081997990608215
H 4.433349609375 1.214403510093689 1.4110790491104126
H 4.3460001945495605 2.4779999256134033 -1.350000023841858
H 2.8919999599456787 2.506999969482422 -0.3240000009536743
H 4.394999980926514 3.2780001163482666 0.23899999260902405
