C 3.9800000190734863 2.441999912261963 -0.3240000009536743
C 4.4120001792907715 1.125 0.32500001788139343
C 5.439694881439209 0.37773770093917847 -0.5579989552497864
C 5.048361778259277 -1.075951337814331 -0.41502705216407776
N 3.877638816833496 -1.1928194761276245 0.07004938274621964
C 3.2500224113464355 0.10497697442770004 0.34546083211898804
C 2.588909149169922 0.09029103815555573 1.699056625366211
O 2.8609976768493652 -0.7815188765525818 2.4975998401641846
N 1.6963919401168823 1.0464125871658325 2.0243048667907715
C 1.0541045665740967 1.032178282737732 3.341085195541382
C 0.09210111200809479 2.216381072998047 3.452070713043213
C -0.5782273411750793 2.2017838954925537 4.826596736907959
C -1.5402308702468872 3.385986804962158 4.937582492828369
C -2.2112555503845215 3.3717854022979736 6.312708854675293
C -3.0641019344329834 4.604283332824707 6.468397617340088
O -2.4967191219329834 5.775801181793213 6.7955780029296875
O -4.258528232574463 4.537189960479736 6.2997331619262695
N -3.0539774894714355 2.1747028827667236 6.4332990646362305
H -3.0849685668945312 6.5386881828308105 6.884183406829834
H -1.4468610286712646 3.357938766479492 7.089694499969482
H -3.457277774810791 2.107837677001953 7.356723785400391
H -3.7713136672973633 2.163710594177246 5.723911762237549
H -0.9864221811294556 4.317099094390869 4.81408166885376
H -2.301302909851074 3.310709238052368 4.161527633666992
H -1.132731556892395 1.2710672616958618 4.95069694519043
H 0.18238390982151031 2.2783710956573486 5.6029205322265625
H 0.6459261178970337 3.1470086574554443 3.3272416591644287
H -0.6689544916152954 2.1406190395355225 2.674687623977661
H 0.5002961158752441 0.10106629878282547 3.464585542678833
H 1.8154114484786987 1.1083698272705078 4.116809368133545
H 1.478716254234314 1.7433295249938965 1.3858144283294678
H 2.522135019302368 0.34516629576683044 -0.4300738275051117
H 5.680647373199463 -1.9082472324371338 -0.6885359883308411
H 5.355626106262207 0.6963323354721069 -1.5973119735717773
H 6.452488899230957 0.539802074432373 -0.18910737335681915
H 4.804111957550049 1.2949278354644775 1.3276910781860352
H 4.3460001945495605 2.4779999256134033 -1.350000023841858
H 2.8919999599456787 2.506999969482422 -0.3240000009536743
H 4.394999980926514 3.2780001163482666 0.23899999260902405
