C 3.9800000190734863 2.441999912261963 -0.3240000009536743
C 4.4120001792907715 1.125 0.32499998807907104
C 5.731461524963379 1.2976714372634888 1.1145884990692139
C 6.484860420227051 0.015007260255515575 0.8426379561424255
N 5.990525722503662 -0.6084707975387573 -0.1505676507949829
C 4.844359397888184 0.0922699123620987 -0.7415795922279358
C 3.7241382598876953 -0.8763110041618347 -1.018099069595337
O 3.731478691101074 -1.975074291229248 -0.5038802027702332
N 2.7124860286712646 -0.5222233533859253 -1.8352426290512085
C 1.6228481531143188 -1.4642479419708252 -2.1034302711486816
C 0.6135784387588501 -0.8191076517105103 -3.054888963699341
C -0.5239890813827515 -1.8022172451019287 -3.334728956222534
C -1.5332587957382202 -1.1570769548416138 -4.286187648773193
C -2.6716511249542236 -2.1403896808624268 -4.566556453704834
C -3.7260608673095703 -1.4630411863327026 -5.403250217437744
O -4.620089530944824 -0.6466372609138489 -4.823921203613281
O -3.7669756412506104 -1.6560120582580566 -6.595178127288818
N -2.144918441772461 -3.3046634197235107 -5.290951728820801
H -5.277548789978027 -0.2349855601787567 -5.4019999504089355
H -3.110032796859741 -2.466920852661133 -3.623478651046753
H -2.8644049167633057 -3.9993233680725098 -5.431029796600342
H -1.7329883575439453 -3.028654098510742 -6.169618129730225
H -1.9386065006256104 -0.25420424342155457 -3.8285412788391113
H -1.038017988204956 -0.8988471031188965 -5.221715450286865
H -0.11946554481983185 -2.7052927017211914 -3.7929041385650635
H -1.0203496217727661 -2.059699535369873 -2.3996336460113525
H 0.20953787863254547 0.08420339226722717 -2.597557306289673
H 1.110126256942749 -0.5604393482208252 -3.9907314777374268
H 2.028195858001709 -2.3671202659606934 -2.5610766410827637
H 1.1273119449615479 -1.7215274572372437 -1.1678063869476318
H 2.7066946029663086 0.3561696410179138 -2.246506690979004
H 5.143388271331787 0.5991219878196716 -1.6595380306243896
H 7.33285665512085 -0.3286047875881195 1.4172178506851196
H 6.291073322296143 2.1564345359802246 0.742966890335083
H 5.52982759475708 1.4048155546188354 2.180403470993042
H 3.6216986179351807 0.7263971567153931 0.9610467553138733
H 4.3460001945495605 2.4779999256134033 -1.350000023841858
H 2.8919999599456787 2.506999969482422 -0.3240000009536743
H 4.394999980926514 3.2780001163482666 0.23899999260902405
