C 3.9800000190734863 2.441999912261963 -0.3240000009536743
C 4.4120001792907715 1.1249998807907104 0.3250000774860382
C 4.5923686027526855 0.012479756958782673 -0.7351935505867004
C 4.052089214324951 -1.2251373529434204 -0.05460779368877411
N 3.3545780181884766 -0.9228749871253967 0.9660118222236633
C 3.2743031978607178 0.5262569189071655 1.1841919422149658
C 3.490565299987793 0.8495402336120605 2.6396048069000244
O 3.97017765045166 0.017642639577388763 3.381005048751831
N 3.153130292892456 2.0633974075317383 3.118384838104248
C 3.364201307296753 2.377673387527466 4.533773899078369
C 2.8996872901916504 3.808123826980591 4.813314914703369
C 3.1201703548431396 4.13638973236084 6.290644645690918
C 2.655656099319458 5.566840171813965 6.570186138153076
C 2.87599515914917 5.895755290985107 8.048263549804688
C 2.5342812538146973 7.34203577041626 8.29754638671875
O 3.418137311935425 8.303311347961426 7.987429141998291
O 1.4651875495910645 7.635707378387451 8.777545928955078
N 2.013747453689575 5.039559364318848 8.873603820800781
H 3.153733253479004 9.216642379760742 8.165761947631836
H 3.919711112976074 5.718667030334473 8.308059692382812
H 2.1877710819244385 5.191471576690674 9.856698036193848
H 1.0402312278747559 5.1849846839904785 8.652153968811035
H 3.227998733520508 6.261720657348633 5.95496940612793
H 1.5964523553848267 5.658758163452148 6.3318657875061035
H 2.5476837158203125 3.4421579837799072 6.9066081047058105
H 4.179427146911621 4.045878887176514 6.529090881347656
H 3.4712040424346924 4.502413272857666 4.19711446762085
H 1.8396575450897217 3.8994510173797607 4.574010848999023
H 2.7918589115142822 1.6827926635742188 5.148989677429199
H 4.423602104187012 2.286513566970825 4.771472930908203
H 2.7695162296295166 2.7284483909606934 2.5256848335266113
H 2.3082149028778076 0.9059656262397766 0.8503366708755493
H 4.234739303588867 -2.235652208328247 -0.3904765546321869
H 4.014481544494629 0.23961015045642853 -1.6314082145690918
H 5.646329402923584 -0.11536610871553421 -0.982012152671814
H 5.319885730743408 1.2597030401229858 0.9128910303115845
H 4.3460001945495605 2.4779999256134033 -1.350000023841858
H 2.8919999599456787 2.506999969482422 -0.3240000009536743
H 4.394999980926514 3.2780001163482666 0.23899999260902405
