C 3.9800000190734863 2.441999912261963 -0.3240000009536743
C 4.4120001792907715 1.124999761581421 0.325000137090683
C 3.2603540420532227 0.09166081249713898 0.31212887167930603
C 3.3855295181274414 -0.604369044303894 1.648792028427124
N 4.122453689575195 0.05871351808309555 2.446798086166382
C 4.631048202514648 1.2974095344543457 1.845970630645752
C 6.097399711608887 1.462942123413086 2.1491546630859375
O 6.74422025680542 0.5183749198913574 2.550616979598999
N 6.691802024841309 2.6596739292144775 1.9729138612747192
C 8.11807632446289 2.8201262950897217 2.2672650814056396
C 8.537674903869629 4.26394510269165 1.9854333400726318
C 10.02648639678955 4.43151330947876 2.292414426803589
C 10.446084976196289 5.875332355499268 2.010582685470581
C 11.935670852661133 6.043528079986572 2.317655324935913
C 12.37643814086914 7.429709434509277 1.924128770828247
O 12.645116806030273 7.70875883102417 0.6390730142593384
O 12.488896369934082 8.289151191711426 2.765744686126709
N 12.163877487182617 5.846776485443115 3.755341053009033
H 12.92460823059082 8.6122407913208 0.43538206815719604
H 12.508066177368164 5.3063225746154785 1.7545491456985474
H 13.148885726928711 5.888088226318359 3.9741735458374023
H 11.64413833618164 6.518527984619141 4.299899578094482
H 10.263694763183594 6.108695983886719 0.9612011313438416
H 9.867348670959473 6.551835060119629 2.6387276649475098
H 10.209650039672852 4.198776721954346 3.3418874740600586
H 10.605687141418457 3.7561373710632324 1.6635520458221436
H 8.353959083557129 4.497279644012451 0.9365408420562744
H 7.95761251449585 4.940418720245361 2.614067316055298
H 8.300466537475586 2.5867624282836914 3.3166463375091553
H 8.696503639221191 2.144123077392578 1.6383110284805298
H 6.1746416091918945 3.414907932281494 1.6521133184432983
H 4.067887783050537 2.155359983444214 2.2143945693969727
H 2.911432981491089 -1.543485403060913 1.8949673175811768
H 2.295849323272705 0.5935044884681702 0.23073135316371918
H 3.3915560245513916 -0.6192440390586853 -0.5036519169807434
H 5.304010391235352 0.7266071438789368 -0.15833985805511475
H 4.3460001945495605 2.4779999256134033 -1.350000023841858
H 2.8919999599456787 2.506999969482422 -0.3240000009536743
H 4.394999980926514 3.2780001163482666 0.23899999260902405
