C 3.9800000190734863 2.441999912261963 -0.3240000009536743
C 4.4120001792907715 1.1249998807907104 0.3250000476837158
C 4.835292816162109 1.3403164148330688 1.7976529598236084
C 6.021771430969238 0.41874366998672485 1.9701813459396362
N 6.4812822341918945 0.042870763689279556 0.844517707824707
C 5.735719680786133 0.6093243360519409 -0.285658061504364
C 5.4586501121521 -0.4541824460029602 -1.3160432577133179
O 5.58107328414917 -1.6258957386016846 -1.0264637470245361
N 5.072967529296875 -0.10474786907434464 -2.5592997074127197
C 4.8029632568359375 -1.1393617391586304 -3.560957193374634
C 4.386857986450195 -0.479148268699646 -4.876662254333496
C 4.104759693145752 -1.5589931011199951 -5.922238826751709
C 3.6886544227600098 -0.8987796306610107 -7.23794412612915
C 3.40634822845459 -1.9788354635238647 -8.284476280212402
C 2.8787283897399902 -1.3354774713516235 -9.54079818725586
O 1.5889114141464233 -0.972349226474762 -9.617838859558105
O 3.6167385578155518 -1.147780418395996 -10.478730201721191
N 4.648494243621826 -2.7014498710632324 -8.58882999420166
H 1.2968144416809082 -0.5633165836334229 -10.444432258605957
H 2.6656744480133057 -2.6772725582122803 -7.894880294799805
H 4.476202964782715 -3.463127851486206 -9.229141235351562
H 5.351790904998779 -2.0758941173553467 -8.952115058898926
H 2.788278579711914 -0.3049454987049103 -7.077911853790283
H 4.491711616516113 -0.25247907638549805 -7.590864181518555
H 5.004928112030029 -2.1530380249023438 -6.083226203918457
H 3.300865650177002 -2.2047278881073 -5.570308208465576
H 3.487438917160034 0.11549021303653717 -4.715968608856201
H 5.1908721923828125 0.16795672476291656 -5.228921413421631
H 5.703339099884033 -1.7331956624984741 -3.720989227294922
H 3.999276876449585 -1.7848856449127197 -3.208071231842041
H 4.975256443023682 0.8320378661155701 -2.7908835411071777
H 6.293190956115723 1.4337223768234253 -0.7312576174736023
H 6.427099227905273 0.11744964122772217 2.9252943992614746
H 5.128452301025391 2.3770973682403564 1.9646395444869995
H 4.028894901275635 1.0572537183761597 2.4741854667663574
H 3.624464273452759 0.3755047619342804 0.24714864790439606
H 4.3460001945495605 2.4779999256134033 -1.350000023841858
H 2.8919999599456787 2.506999969482422 -0.3240000009536743
H 4.394999980926514 3.2780001163482666 0.23899999260902405
