C 3.9800000190734863 2.441999912261963 -0.3240000009536743
C 4.4120001792907715 1.125 0.32499998807907104
C 5.9488372802734375 1.063138723373413 0.49396300315856934
C 6.288512706756592 -0.37639516592025757 0.17907112836837769
N 5.32587194442749 -0.9576603174209595 -0.4167496860027313
C 4.17571496963501 -0.07051089406013489 -0.6268303394317627
C 2.895296573638916 -0.7796380519866943 -0.2702132761478424
O 2.9292874336242676 -1.8005181550979614 0.38431259989738464
N 1.7114828824996948 -0.27952325344085693 -0.6764297485351562
C 0.4663679897785187 -0.9691106081008911 -0.32886114716529846
C -0.721795916557312 -0.1993878185749054 -0.908428430557251
C -2.0215587615966797 -0.9189540147781372 -0.5455024242401123
C -3.2097227573394775 -0.14923125505447388 -1.1250697374343872
C -4.510477542877197 -0.8688541650772095 -0.7622648477554321
C -5.685450077056885 -0.04732533171772957 -1.2261250019073486
O -6.101688385009766 0.9997096657752991 -0.4968182146549225
O -6.253116607666016 -0.3321649730205536 -2.2538530826568604
N -4.5419697761535645 -2.182655096054077 -1.4185149669647217
H -6.859711647033691 1.4965250492095947 -0.8351366519927979
H -4.56314754486084 -1.0010379552841187 0.31845274567604065
H -5.361045837402344 -2.705101490020752 -1.1428335905075073
H -4.494599342346191 -2.0876564979553223 -2.4218361377716064
H -3.2260313034057617 0.8595370650291443 -0.7114918231964111
H -3.114818572998047 -0.09553240984678268 -2.209167242050171
H -2.0062413215637207 -1.927778959274292 -0.9592013359069824
H -2.1175155639648438 -0.9717121124267578 0.5385100245475769
H -0.7369948625564575 0.809479832649231 -0.49572160840034485
H -0.6257820725440979 -0.14558950066566467 -1.9933971166610718
H 0.48267677426338196 -1.9778786897659302 -0.7424390316009521
H 0.3714025914669037 -1.021812081336975 0.7552722096443176
H 1.684303641319275 0.5365735292434692 -1.199873447418213
H 4.145315647125244 0.27047696709632874 -1.6620925664901733
H 7.226696014404297 -0.8509016633033752 0.42799803614616394
H 6.439373016357422 1.735124945640564 -0.21070069074630737
H 6.23272180557251 1.3086165189743042 1.5173143148422241
H 3.9046823978424072 0.97542804479599 1.27803373336792
H 4.3460001945495605 2.4779999256134033 -1.350000023841858
H 2.8919999599456787 2.506999969482422 -0.3240000009536743
H 4.394999980926514 3.2780001163482666 0.23899999260902405
