C 3.9800000190734863 2.441999912261963 -0.3240000009536743
C 4.4120001792907715 1.1249998807907104 0.3250000476837158
C 4.81154203414917 1.3360884189605713 1.804882526397705
C 6.0021209716796875 0.42242956161499023 1.9907411336898804
N 6.481247901916504 0.055563122034072876 0.8702967762947083
C 5.74852991104126 0.6221345067024231 -0.2681894302368164
C 5.494864463806152 -0.43823733925819397 -1.307792067527771
O 5.621642112731934 -1.6104453802108765 -1.022114872932434
N 5.125285625457764 -0.08546295762062073 -2.554990530014038
C 4.878039360046387 -1.1170340776443481 -3.565622091293335
C 4.476817607879639 -0.45335620641708374 -4.884203910827637
C 4.218474388122559 -1.5300267934799194 -5.939151287078857
C 3.8172523975372314 -0.8663488626480103 -7.25773286819458
C 3.5587170124053955 -1.9432272911071777 -8.313640594482422
C 3.0452306270599365 -1.2975211143493652 -9.574604988098145
O 1.7540491819381714 -0.9435213804244995 -9.66926097869873
O 3.7958102226257324 -1.0997244119644165 -10.500408172607422
N 4.810628890991211 -2.6551499366760254 -8.602798461914062
H 1.471349835395813 -0.5325378775596619 -10.498150825500488
H 2.817497968673706 -2.6490318775177 -7.938632011413574
H 4.653631210327148 -3.414876699447632 -9.249329566955566
H 5.514623165130615 -2.022630214691162 -8.95241641998291
H 2.9101853370666504 -0.27996566891670227 -7.108366966247559
H 4.6206841468811035 -0.21240217983722687 -7.595386028289795
H 5.125349521636963 -2.1166176795959473 -6.089476585388184
H 3.4142167568206787 -2.1834089756011963 -5.602497577667236
H 3.5706913471221924 0.1338350921869278 -4.734158039093018
H 5.281189918518066 0.20139868557453156 -5.221177577972412
H 5.785106658935547 -1.7034170627593994 -3.7149879932403564
H 4.073974132537842 -1.770208716392517 -3.228008985519409
H 5.024094581604004 0.8517199158668518 -2.783451795578003
H 6.306474685668945 1.4528249502182007 -0.701335608959198
H 6.39530611038208 0.11937398463487625 2.950361967086792
H 5.094444274902344 2.374155282974243 1.9813061952590942
H 3.9972147941589355 1.0437284708023071 2.4678266048431396
H 3.631317138671875 0.3701229691505432 0.23166608810424805
H 4.3460001945495605 2.4779999256134033 -1.350000023841858
H 2.8919999599456787 2.506999969482422 -0.3240000009536743
H 4.394999980926514 3.2780001163482666 0.23899999260902405
