C 3.9800000190734863 2.441999912261963 -0.3240000009536743
C 4.4120001792907715 1.124999761581421 0.325000137090683
C 3.3582606315612793 0.01588357612490654 0.09318544715642929
C 3.338202476501465 -0.7415738105773926 1.401868224143982
N 3.8957555294036865 -0.07309883832931519 2.3302135467529297
C 4.390143394470215 1.2290687561035156 1.8676440715789795
C 5.778439044952393 1.4799728393554688 2.3960273265838623
O 6.429996490478516 0.5624687671661377 2.849255323410034
N 6.298007011413574 2.7231783866882324 2.363908052444458
C 7.648482799530029 2.9667012691497803 2.877286195755005
C 7.992170810699463 4.449553966522217 2.725194215774536
C 9.401894569396973 4.703849792480469 3.260812759399414
C 9.745582580566406 6.186702251434326 3.1087207794189453
C 11.156007766723633 6.441672325134277 3.6445744037628174
C 11.541512489318848 7.874689102172852 3.382875442504883
O 11.974543571472168 8.24154281616211 2.1665992736816406
O 11.461709022521973 8.6926908493042 4.268374443054199
N 11.18402099609375 6.183219909667969 5.090308666229248
H 12.21033000946045 9.172125816345215 2.04699444770813
H 11.860526084899902 5.778132915496826 3.143010377883911
H 12.119760513305664 6.281327247619629 5.457189559936523
H 10.53922176361084 6.786258220672607 5.578674793243408
H 9.702596664428711 6.463642120361328 2.054973602294922
H 9.029905319213867 6.7857866287231445 3.6709156036376953
H 9.445581436157227 4.427583694458008 4.314795017242432
H 10.118047714233398 4.105959415435791 2.698029041290283
H 7.9478068351745605 4.726344585418701 1.6717281341552734
H 7.275115966796875 5.048489570617676 3.2876698970794678
H 7.691468715667725 2.6897616386413574 3.931033134460449
H 8.363935470581055 2.3681371212005615 2.314267635345459
H 5.777030944824219 3.4567642211914062 2.0017170906066895
H 3.7141313552856445 2.0241451263427734 2.1835973262786865
H 2.907015562057495 -1.723580241203308 1.5324457883834839
H 2.38045072555542 0.4527263343334198 -0.11126034706830978
H 3.6630172729492188 -0.6385332942008972 -0.7234906554222107
H 5.393690586090088 0.8169410824775696 -0.03472216799855232
H 4.3460001945495605 2.4779999256134033 -1.350000023841858
H 2.8919999599456787 2.506999969482422 -0.3240000009536743
H 4.394999980926514 3.2780001163482666 0.23899999260902405
