N -0.7829999923706055 1.6759999990463257 -0.33899998664855957
C -0.9380000233650208 0.21699999272823334 -0.4050000011920929
C 0.04199988767504692 -0.44499990344047546 0.5649998188018799
SE -0.3366398513317108 -2.3653204441070557 0.6669983267784119
C -2.3489999771118164 -0.15600000321865082 -0.027000000700354576
O -3.0299999713897705 0.6190000176429749 0.6019999980926514
O -2.8480000495910645 -1.3480000495910645 -0.3889999985694885
H -1.3730000257492065 2.134000062942505 -1.0169999599456787
H -0.968999981880188 2.0179998874664307 0.5920000076293945
H -0.7319999933242798 -0.125 -1.4190000295639038
H 1.0616872310638428 -0.29463011026382446 0.21045862138271332
H -0.06829972565174103 0.0006207343540154397 1.5540889501571655
H 0.75227290391922 -2.8291146755218506 1.6845110654830933
H -3.756999969482422 -1.5420000553131104 -0.12300000339746475
