N -0.7829999923706055 1.6759999990463257 -0.33899998664855957
C -0.9380000233650208 0.21699999272823334 -0.4050000011920929
C 0.04199991002678871 -0.4449999928474426 0.5649999380111694
SE 0.7357179522514343 0.8990702629089355 1.8114479780197144
C -2.3489999771118164 -0.15600000321865082 -0.027000000700354576
O -3.0299999713897705 0.6190000176429749 0.6019999980926514
O -2.8480000495910645 -1.3480000495910645 -0.3889999985694885
H -1.3730000257492065 2.134000062942505 -1.0169999599456787
H -0.968999981880188 2.0179998874664307 0.5920000076293945
H -0.7319999933242798 -0.125 -1.4190000295639038
H -0.47216352820396423 -1.2269034385681152 1.1238700151443481
H 0.8687616586685181 -0.8825725317001343 0.0046106064692139626
H 1.6899960041046143 0.02778458036482334 2.6868813037872314
H -3.756999969482422 -1.5420000553131104 -0.12300000339746475
