N -0.7829999923706055 1.6759999990463257 -0.33899998664855957
C -0.9380000233650208 0.21699999272823334 -0.4050000011920929
C 0.04199989140033722 -0.44499996304512024 0.5649998784065247
SE 0.390826940536499 0.7639766931533813 2.0676965713500977
C -2.3489999771118164 -0.15600000321865082 -0.027000000700354576
O -3.0299999713897705 0.6190000176429749 0.6019999980926514
O -2.8480000495910645 -1.3480000495910645 -0.3889999985694885
H -1.3730000257492065 2.134000062942505 -1.0169999599456787
H -0.968999981880188 2.0179998874664307 0.5920000076293945
H -0.7319999933242798 -0.125 -1.4190000295639038
H -0.3885315954685211 -1.3738579750061035 0.9390831589698792
H 0.9769333004951477 -0.6605479717254639 0.04684978350996971
H 1.3881480693817139 -0.09056220203638077 2.911072254180908
H -3.756999969482422 -1.5420000553131104 -0.12300000339746475
