N -0.7829999923706055 1.6759999990463257 -0.33899998664855957
C -0.9380000233650208 0.21699999272823334 -0.4050000011920929
C 0.04199987277388573 -0.44499996304512024 0.5649998784065247
SE 0.026436269283294678 0.5212149620056152 2.270165205001831
C -2.3489999771118164 -0.15600000321865082 -0.027000000700354576
O -3.0299999713897705 0.6190000176429749 0.6019999980926514
O -2.8480000495910645 -1.3480000495910645 -0.3889999985694885
H -1.3730000257492065 2.134000062942505 -1.0169999599456787
H -0.968999981880188 2.0179998874664307 0.5920000076293945
H -0.7319999933242798 -0.125 -1.4190000295639038
H -0.2553735673427582 -1.4802659749984741 0.7319315671920776
H 1.0464379787445068 -0.4191879630088806 0.14135049283504486
H 1.0692622661590576 -0.3031308352947235 3.088172674179077
H -3.756999969482422 -1.5420000553131104 -0.12300000339746475
