N -0.7829999923706055 1.6759999990463257 -0.33899998664855957
C -0.9380000233650208 0.21699999272823334 -0.4050000011920929
C 0.041999876499176025 -0.44499996304512024 0.5649998784065247
SE 0.09772393107414246 0.5771976113319397 2.23634934425354
C -2.3489999771118164 -0.15600000321865082 -0.027000000700354576
O -3.0299999713897705 0.6190000176429749 0.6019999980926514
O -2.8480000495910645 -1.3480000495910645 -0.3889999985694885
H -1.3730000257492065 2.134000062942505 -1.0169999599456787
H -0.968999981880188 2.0179998874664307 0.5920000076293945
H -0.7319999933242798 -0.125 -1.4190000295639038
H -0.28522610664367676 -1.4635953903198242 0.7734691500663757
H 1.036641240119934 -0.4669821262359619 0.11862987279891968
H 1.1316452026367188 -0.25411584973335266 3.058598041534424
H -3.756999969482422 -1.5420000553131104 -0.12300000339746475
