N -0.7829999923706055 1.6759999990463257 -0.33899998664855957
C -0.9380000233650208 0.21699999272823334 -0.4050000011920929
C 0.041999977082014084 -0.445000022649765 0.5649999976158142
SE 1.7153691053390503 0.5747970342636108 0.6003894805908203
C -2.3489999771118164 -0.15600000321865082 -0.027000000700354576
O -3.0299999713897705 0.6190000176429749 0.6019999980926514
O -2.8480000495910645 -1.3480000495910645 -0.3889999985694885
H -1.3730000257492065 2.134000062942505 -1.0169999599456787
H -0.968999981880188 2.0179998874664307 0.5920000076293945
H -0.7319999933242798 -0.125 -1.4190000295639038
H -0.3926447331905365 -0.4636923372745514 1.5644036531448364
H 0.24453619122505188 -1.4652199745178223 0.2376297414302826
H 2.547584295272827 -0.25558751821517944 1.6270579099655151
H -3.756999969482422 -1.5420000553131104 -0.12300000339746475
