N -0.7829999923706055 1.6759999990463257 -0.33899998664855957
C -0.9380000233650208 0.21699999272823334 -0.4050000011920929
C 0.04199983552098274 -0.44499990344047546 0.5649997591972351
SE -0.9532591104507446 -1.52089524269104 1.8662726879119873
C -2.3489999771118164 -0.15600000321865082 -0.027000000700354576
O -3.0299999713897705 0.6190000176429749 0.6019999980926514
O -2.8480000495910645 -1.3480000495910645 -0.3889999985694885
H -1.3730000257492065 2.134000062942505 -1.0169999599456787
H -0.968999981880188 2.0179998874664307 0.5920000076293945
H -0.7319999933242798 -0.125 -1.4190000295639038
H 0.7248747944831848 -1.0877509117126465 0.009458712302148342
H 0.6112712025642395 0.3239384591579437 1.0881679058074951
H 0.21230266988277435 -2.0904459953308105 2.7341699600219727
H -3.756999969482422 -1.5420000553131104 -0.12300000339746475
