N -0.7829999923706055 1.6759999990463257 -0.33899998664855957
C -0.9380000233650208 0.21699999272823334 -0.4050000011920929
C 0.04199991747736931 -0.44499993324279785 0.5649998784065247
SE 0.13691112399101257 -2.366023063659668 0.1880859136581421
C -2.3489999771118164 -0.15600000321865082 -0.027000000700354576
O -3.0299999713897705 0.6190000176429749 0.6019999980926514
O -2.8480000495910645 -1.3480000495910645 -0.3889999985694885
H -1.3730000257492065 2.134000062942505 -1.0169999599456787
H -0.968999981880188 2.0179998874664307 0.5920000076293945
H -0.7319999933242798 -0.125 -1.4190000295639038
H 1.0302414894104004 -0.0019175618654116988 0.4419975280761719
H -0.3001813292503357 -0.2916043698787689 1.5889250040054321
H 1.1667762994766235 -2.829545497894287 1.265440583229065
H -3.756999969482422 -1.5420000553131104 -0.12300000339746475
