N -0.7829999923706055 1.6759999990463257 -0.33899998664855957
C -0.9380000233650208 0.21699999272823334 -0.4050000011920929
C 0.04199983924627304 -0.44499990344047546 0.5649997591972351
SE -0.9450881481170654 -1.5964751243591309 1.8064361810684204
C -2.3489999771118164 -0.15600000321865082 -0.027000000700354576
O -3.0299999713897705 0.6190000176429749 0.6019999980926514
O -2.8480000495910645 -1.3480000495910645 -0.3889999985694885
H -1.3730000257492065 2.134000062942505 -1.0169999599456787
H -0.968999981880188 2.0179998874664307 0.5920000076293945
H -0.7319999933242798 -0.125 -1.4190000295639038
H 0.7581745982170105 -1.045792579650879 0.0044510988518595695
H 0.5734390020370483 0.32402005791664124 1.1264458894729614
H 0.21947608888149261 -2.156578540802002 2.681788921356201
H -3.756999969482422 -1.5420000553131104 -0.12300000339746475
