N -0.7829999923706055 1.6759999990463257 -0.33899998664855957
C -0.9380000233650208 0.21699999272823334 -0.4050000011920929
C 0.04199989140033722 -0.44499990344047546 0.5649998188018799
SE -0.2741224765777588 -2.379063367843628 0.5944572687149048
C -2.3489999771118164 -0.15600000321865082 -0.027000000700354576
O -3.0299999713897705 0.6190000176429749 0.6019999980926514
O -2.8480000495910645 -1.3480000495910645 -0.3889999985694885
H -1.3730000257492065 2.134000062942505 -1.0169999599456787
H -0.968999981880188 2.0179998874664307 0.5920000076293945
H -0.7319999933242798 -0.125 -1.4190000295639038
H 1.0636489391326904 -0.2493198961019516 0.2393997758626938
H -0.10502342879772186 -0.03703277185559273 1.5654937028884888
H 0.8069987893104553 -2.841115951538086 1.6210304498672485
H -3.756999969482422 -1.5420000553131104 -0.12300000339746475
