N -0.7829999923706055 1.6759999990463257 -0.33899998664855957
C -0.9380000233650208 0.21699999272823334 -0.4050000011920929
C 0.041999995708465576 -0.445000022649765 0.565000057220459
SE 1.8775904178619385 0.013861466199159622 0.05367171764373779
C -2.3489999771118164 -0.15600000321865082 -0.027000000700354576
O -3.0299999713897705 0.6190000176429749 0.6019999980926514
O -2.8480000495910645 -1.3480000495910645 -0.3889999985694885
H -1.3730000257492065 2.134000062942505 -1.0169999599456787
H -0.968999981880188 2.0179998874664307 0.5920000076293945
H -0.7319999933242798 -0.125 -1.4190000295639038
H -0.15231461822986603 -0.08957349509000778 1.5769224166870117
H -0.08591730892658234 -1.5273079872131348 0.5291165709495544
H 2.6897363662719727 -0.7463672161102295 1.1484960317611694
H -3.756999969482422 -1.5420000553131104 -0.12300000339746475
