N -0.7829999923706055 1.6759999990463257 -0.33899998664855957
C -0.9380000233650208 0.21699999272823334 -0.4050000011920929
C 0.041999831795692444 -0.44499990344047546 0.5649997591972351
SE -0.9359121322631836 -1.114724040031433 2.125948190689087
C -2.3489999771118164 -0.15600000321865082 -0.027000000700354576
O -3.0299999713897705 0.6190000176429749 0.6019999980926514
O -2.8480000495910645 -1.3480000495910645 -0.3889999985694885
H -1.3730000257492065 2.134000062942505 -1.0169999599456787
H -0.968999981880188 2.0179998874664307 0.5920000076293945
H -0.7319999933242798 -0.125 -1.4190000295639038
H 0.5418111085891724 -1.2754169702529907 0.06633240729570389
H 0.7846286296844482 0.2856917083263397 0.8869209289550781
H 0.22737208008766174 -1.735021948814392 2.961513042449951
H -3.756999969482422 -1.5420000553131104 -0.12300000339746475
