N -0.7829999923706055 1.6759999990463257 -0.33899998664855957
C -0.9380000233650208 0.21699999272823334 -0.4050000011920929
C 0.04199983552098274 -0.44499990344047546 0.5649997591972351
SE -0.9544850587844849 -1.2819689512252808 2.0305724143981934
C -2.3489999771118164 -0.15600000321865082 -0.027000000700354576
O -3.0299999713897705 0.6190000176429749 0.6019999980926514
O -2.8480000495910645 -1.3480000495910645 -0.3889999985694885
H -1.3730000257492065 2.134000062942505 -1.0169999599456787
H -0.968999981880188 2.0179998874664307 0.5920000076293945
H -0.7319999933242798 -0.125 -1.4190000295639038
H 0.6179559826850891 -1.2052006721496582 0.03732340782880783
H 0.7188364267349243 0.30849480628967285 0.9689539074897766
H 0.21116217970848083 -1.8813756704330444 2.878007411956787
H -3.756999969482422 -1.5420000553131104 -0.12300000339746475
