N -0.7829999923706055 1.6759999990463257 -0.33899998664855957
C -0.9380000233650208 0.21699999272823334 -0.4050000011920929
C 0.041999995708465576 -0.4449999928474426 0.5649999976158142
SE 1.7110795974731445 -0.8603366613388062 -0.37471866607666016
C -2.3489999771118164 -0.15600000321865082 -0.027000000700354576
O -3.0299999713897705 0.6190000176429749 0.6019999980926514
O -2.8480000495910645 -1.3480000495910645 -0.3889999985694885
H -1.3730000257492065 2.134000062942505 -1.0169999599456787
H -0.968999981880188 2.0179998874664307 0.5920000076293945
H -0.7319999933242798 -0.125 -1.4190000295639038
H 0.2503551244735718 0.23458586633205414 1.3913317918777466
H -0.39586594700813293 -1.3652639389038086 0.952851414680481
H 2.54423451423645 -1.5113929510116577 0.7733873724937439
H -3.756999969482422 -1.5420000553131104 -0.12300000339746475
