N -0.7829999923706055 1.6759999990463257 -0.33899998664855957
C -0.9380000233650208 0.21699999272823334 -0.4050000011920929
C 0.04199991747736931 -0.4449999928474426 0.5649999380111694
SE 0.855977475643158 0.9241403341293335 1.7070584297180176
C -2.3489999771118164 -0.15600000321865082 -0.027000000700354576
O -3.0299999713897705 0.6190000176429749 0.6019999980926514
O -2.8480000495910645 -1.3480000495910645 -0.3889999985694885
H -1.3730000257492065 2.134000062942505 -1.0169999599456787
H -0.968999981880188 2.0179998874664307 0.5920000076293945
H -0.7319999933242798 -0.125 -1.4190000295639038
H -0.49145662784576416 -1.1648998260498047 1.1856778860092163
H 0.8211783170700073 -0.9584958553314209 0.0008688098751008511
H 1.7952531576156616 0.04976876825094223 2.5955426692962646
H -3.756999969482422 -1.5420000553131104 -0.12300000339746475
