N -0.7829999923706055 1.6759999990463257 -0.33899998664855957
C -0.9380000233650208 0.21699999272823334 -0.4050000011920929
C 0.041999995708465576 -0.4449999928474426 0.5649999976158142
SE 1.8782719373703003 -0.11896978318691254 -0.0376707948744297
C -2.3489999771118164 -0.15600000321865082 -0.027000000700354576
O -3.0299999713897705 0.6190000176429749 0.6019999980926514
O -2.8480000495910645 -1.3480000495910645 -0.3889999985694885
H -1.3730000257492065 2.134000062942505 -1.0169999599456787
H -0.968999981880188 2.0179998874664307 0.5920000076293945
H -0.7319999933242798 -0.125 -1.4190000295639038
H -0.09287301450967789 -0.02427723817527294 1.5614309310913086
H -0.14571824669837952 -1.5187220573425293 0.5953936576843262
H 2.6903703212738037 -0.8626000285148621 1.0685296058654785
H -3.756999969482422 -1.5420000553131104 -0.12300000339746475
