N -0.7829999923706055 1.6759999990463257 -0.33899998664855957
C -0.9380000233650208 0.21699999272823334 -0.4050000011920929
C 0.041999977082014084 -0.445000022649765 0.5649999976158142
SE 1.7267321348190308 0.5564738512039185 0.5764041543006897
C -2.3489999771118164 -0.15600000321865082 -0.027000000700354576
O -3.0299999713897705 0.6190000176429749 0.6019999980926514
O -2.8480000495910645 -1.3480000495910645 -0.3889999985694885
H -1.3730000257492065 2.134000062942505 -1.0169999599456787
H -0.968999981880188 2.0179998874664307 0.5920000076293945
H -0.7319999933242798 -0.125 -1.4190000295639038
H -0.38520097732543945 -0.44772765040397644 1.5677785873413086
H 0.23077645897865295 -1.4709908962249756 0.24759288132190704
H 2.5575358867645264 -0.271616667509079 1.6060644388198853
H -3.756999969482422 -1.5420000553131104 -0.12300000339746475
