N -0.7829999923706055 1.6759999990463257 -0.33899998664855957
C -0.9380000233650208 0.21699999272823334 -0.4050000011920929
C 0.04199995845556259 -0.4449999928474426 0.5649999976158142
SE 1.4842747449874878 0.8105968832969666 0.9947935342788696
C -2.3489999771118164 -0.15600000321865082 -0.027000000700354576
O -3.0299999713897705 0.6190000176429749 0.6019999980926514
O -2.8480000495910645 -1.3480000495910645 -0.3889999985694885
H -1.3730000257492065 2.134000062942505 -1.0169999599456787
H -0.968999981880188 2.0179998874664307 0.5920000076293945
H -0.7319999933242798 -0.125 -1.4190000295639038
H -0.4827463924884796 -0.721535325050354 1.4794628620147705
H 0.4631076157093048 -1.3385783433914185 0.1032346710562706
H 2.3452389240264893 -0.04934236779808998 1.9722462892532349
H -3.756999969482422 -1.5420000553131104 -0.12300000339746475
