N -0.7829999923706055 1.6759999990463257 -0.33899998664855957
C -0.9380000233650208 0.21699999272823334 -0.4050000011920929
C 0.041999951004981995 -0.44499996304512024 0.5649999380111694
SE 0.7752222418785095 -2.067967653274536 -0.25339052081108093
C -2.3489999771118164 -0.15600000321865082 -0.027000000700354576
O -3.0299999713897705 0.6190000176429749 0.6019999980926514
O -2.8480000495910645 -1.3480000495910645 -0.3889999985694885
H -1.3730000257492065 2.134000062942505 -1.0169999599456787
H -0.968999981880188 2.0179998874664307 0.5920000076293945
H -0.7319999933242798 -0.125 -1.4190000295639038
H 0.8539491295814514 0.2466026097536087 0.7897160053253174
H -0.47887885570526123 -0.7057755589485168 1.4868037700653076
H 1.725411295890808 -2.568485975265503 0.8792130351066589
H -3.756999969482422 -1.5420000553131104 -0.12300000339746475
