N -0.7829999923706055 1.6759999990463257 -0.33899998664855957
C -0.9380000233650208 0.21699999272823334 -0.4050000011920929
C 0.041999999433755875 -0.4449999928474426 0.5649999976158142
SE 1.8084440231323242 -0.5699674487113953 -0.27491727471351624
C -2.3489999771118164 -0.15600000321865082 -0.027000000700354576
O -3.0299999713897705 0.6190000176429749 0.6019999980926514
O -2.8480000495910645 -1.3480000495910645 -0.3889999985694885
H -1.3730000257492065 2.134000062942505 -1.0169999599456787
H -0.968999981880188 2.0179998874664307 0.5920000076293945
H -0.7319999933242798 -0.125 -1.4190000295639038
H 0.11378563940525055 0.15288066864013672 1.4735474586486816
H -0.3134809136390686 -1.445044994354248 0.815168559551239
H 2.6293766498565674 -1.2572695016860962 0.8608003258705139
H -3.756999969482422 -1.5420000553131104 -0.12300000339746475
