N -0.7829999923706055 1.6759999990463257 -0.33899998664855957
C -0.9380000233650208 0.21699999272823334 -0.4050000011920929
C 0.04199989140033722 -0.44499990344047546 0.5649998188018799
SE -0.2528272569179535 -2.3826398849487305 0.5705015063285828
C -2.3489999771118164 -0.15600000321865082 -0.027000000700354576
O -3.0299999713897705 0.6190000176429749 0.6019999980926514
O -2.8480000495910645 -1.3480000495910645 -0.3889999985694885
H -1.3730000257492065 2.134000062942505 -1.0169999599456787
H -0.968999981880188 2.0179998874664307 0.5920000076293945
H -0.7319999933242798 -0.125 -1.4190000295639038
H 1.0638225078582764 -0.2344254106283188 0.24938955903053284
H -0.1170380637049675 -0.0499335378408432 1.568827748298645
H 0.8256396651268005 -2.8442373275756836 1.6000670194625854
H -3.756999969482422 -1.5420000553131104 -0.12300000339746475
