N -0.7829999923706055 1.6759999990463257 -0.33899998664855957
C -0.9380000233650208 0.21699999272823334 -0.4050000011920929
C 0.04199996963143349 -0.445000022649765 0.5649999976158142
SE 1.611018419265747 0.7066561579704285 0.7958062887191772
C -2.3489999771118164 -0.15600000321865082 -0.027000000700354576
O -3.0299999713897705 0.6190000176429749 0.6019999980926514
O -2.8480000495910645 -1.3480000495910645 -0.3889999985694885
H -1.3730000257492065 2.134000062942505 -1.0169999599456787
H -0.968999981880188 2.0179998874664307 0.5920000076293945
H -0.7319999933242798 -0.125 -1.4190000295639038
H -0.4446980059146881 -0.5925188064575195 1.5290727615356445
H 0.35459619760513306 -1.409756064414978 0.1642877757549286
H 2.4562082290649414 -0.1402457058429718 1.7980939149856567
H -3.756999969482422 -1.5420000553131104 -0.12300000339746475
