N -0.7829999923706055 1.6759999990463257 -0.33899998664855957
C -0.9380000233650208 0.21699999272823334 -0.4050000011920929
C 0.04199996218085289 -0.44499996304512024 0.5649999380111694
SE 0.9877657294273376 -1.8967005014419556 -0.3512396514415741
C -2.3489999771118164 -0.15600000321865082 -0.027000000700354576
O -3.0299999713897705 0.6190000176429749 0.6019999980926514
O -2.8480000495910645 -1.3480000495910645 -0.3889999985694885
H -1.3730000257492065 2.134000062942505 -1.0169999599456787
H -0.968999981880188 2.0179998874664307 0.5920000076293945
H -0.7319999933242798 -0.125 -1.4190000295639038
H 0.7629935145378113 0.29417872428894043 0.9140788316726685
H -0.5061376690864563 -0.848568856716156 1.4168909788131714
H 1.9114041328430176 -2.418537139892578 0.793639063835144
H -3.756999969482422 -1.5420000553131104 -0.12300000339746475
