N -0.7829999923706055 1.6759999990463257 -0.33899998664855957
C -0.9380000233650208 0.21699999272823334 -0.4050000011920929
C 0.041999995708465576 -0.4449999928474426 0.5649999976158142
SE 1.7647247314453125 -0.7151040434837341 -0.3297992944717407
C -2.3489999771118164 -0.15600000321865082 -0.027000000700354576
O -3.0299999713897705 0.6190000176429749 0.6019999980926514
O -2.8480000495910645 -1.3480000495910645 -0.3889999985694885
H -1.3730000257492065 2.134000062942505 -1.0169999599456787
H -0.968999981880188 2.0179998874664307 0.5920000076293945
H -0.7319999933242798 -0.125 -1.4190000295639038
H 0.18171602487564087 0.19677391648292542 1.4348727464675903
H -0.35707882046699524 -1.4082207679748535 0.8843474984169006
H 2.5911498069763184 -1.3842873573303223 0.8127350211143494
H -3.756999969482422 -1.5420000553131104 -0.12300000339746475
