N -0.7829999923706055 1.6759999990463257 -0.33899998664855957
C -0.9380000233650208 0.21699999272823334 -0.4050000011920929
C 0.041999999433755875 -0.4449999928474426 0.5649999976158142
SE 1.852357029914856 -0.3690388798713684 -0.18215444684028625
C -2.3489999771118164 -0.15600000321865082 -0.027000000700354576
O -3.0299999713897705 0.6190000176429749 0.6019999980926514
O -2.8480000495910645 -1.3480000495910645 -0.3889999985694885
H -1.3730000257492065 2.134000062942505 -1.0169999599456787
H -0.968999981880188 2.0179998874664307 0.5920000076293945
H -0.7319999933242798 -0.125 -1.4190000295639038
H 0.020856348797678947 0.08185795694589615 1.5189636945724487
H -0.24500007927417755 -1.4857717752456665 0.7181867957115173
H 2.667757272720337 -1.081431269645691 0.9420289993286133
H -3.756999969482422 -1.5420000553131104 -0.12300000339746475
