N -0.7829999923706055 1.6759999990463257 -0.33899998664855957
C -0.9380000233650208 0.21699999272823334 -0.4050000011920929
C 0.04199990630149841 -0.44499993324279785 0.5649998784065247
SE -0.02902548387646675 -2.3905770778656006 0.3389756381511688
C -2.3489999771118164 -0.15600000321865082 -0.027000000700354576
O -3.0299999713897705 0.6190000176429749 0.6019999980926514
O -2.8480000495910645 -1.3480000495910645 -0.3889999985694885
H -1.3730000257492065 2.134000062942505 -1.0169999599456787
H -0.968999981880188 2.0179998874664307 0.5920000076293945
H -0.7319999933242798 -0.125 -1.4190000295639038
H 1.0523669719696045 -0.09237413108348846 0.35790959000587463
H -0.230030819773674 -0.1875244379043579 1.589083194732666
H 1.0215375423431396 -2.851095676422119 1.3974690437316895
H -3.756999969482422 -1.5420000553131104 -0.12300000339746475
