N -0.4690000116825104 1.1100000143051147 -0.9929999709129333
C 0.004000000189989805 2.2939999103546143 -1.7079999446868896
C -0.9070000052452087 2.5209999084472656 -2.9010000228881836
O -1.8270000219345093 1.7890000343322754 -3.242000102996826
C 1.475000023841858 2.1500000953674316 -2.127000093460083
C 2.4594790935516357 2.9930579662323 -1.3007720708847046
C 3.9112205505371094 2.7697501182556152 -1.719225287437439
N 4.111165523529053 3.1242353916168213 -3.1042027473449707
C 5.355103969573975 3.0168604850769043 -3.7502243518829346
N 5.500492095947266 3.3700711727142334 -5.087285995483398
N 6.461569309234619 2.5509543418884277 -3.0473928451538086
O -0.5879999995231628 3.6589999198913574 -3.5739998817443848
H -0.057999998331069946 0.902999997138977 -0.10899999737739563
H -1.0240000486373901 0.4519999921321869 -1.49399995803833
H -0.10300000011920929 3.1519999504089355 -1.034000039100647
H 1.571323275566101 2.4214680194854736 -3.1858677864074707
H 1.7629363536834717 1.093016505241394 -2.0528652667999268
H 2.367859125137329 2.7296011447906494 -0.24025961756706238
H 2.210939645767212 4.0573554039001465 -1.3918598890304565
H 4.569036960601807 3.391401529312134 -1.1020894050598145
H 4.202248573303223 1.7257962226867676 -1.5611462593078613
H 3.3290905952453613 3.4763479232788086 -3.6691362857818604
H 6.401554584503174 3.29119873046875 -5.55374002456665
H 4.721153259277344 3.7179505825042725 -5.639428615570068
H 6.389730930328369 2.283400297164917 -2.069087028503418
H 7.371105194091797 2.4636998176574707 -3.4948220252990723
H -1.1490000486373901 3.8550000190734863 -4.355000019073486
