N -0.4690000116825104 1.1100000143051147 -0.9929999709129333
C 0.004000000189989805 2.2939999103546143 -1.7079999446868896
C -0.9070000052452087 2.5209999084472656 -2.9010000228881836
O -1.8270000219345093 1.7890000343322754 -3.242000102996826
C 1.475000023841858 2.1500000953674316 -2.127000093460083
C 1.7377045154571533 1.048600673675537 -3.166472911834717
C 3.2034988403320312 0.9858764410018921 -3.5907790660858154
N 4.058400630950928 0.7118281126022339 -2.460362672805786
C 5.455731391906738 0.6000804305076599 -2.566361665725708
N 6.239757061004639 0.33514106273651123 -1.448891282081604
N 6.0701069831848145 0.7557622194290161 -3.8047523498535156
O -0.5879999995231628 3.6589999198913574 -3.5739998817443848
H -0.057999998331069946 0.902999997138977 -0.10899999737739563
H -1.0240000486373901 0.4519999921321869 -1.49399995803833
H -0.10300000011920929 3.1519999504089355 -1.034000039100647
H 2.0813589096069336 1.9522879123687744 -1.2340203523635864
H 1.8244595527648926 3.1097445487976074 -2.5299718379974365
H 1.1332672834396362 1.2373658418655396 -4.061746120452881
H 1.4291242361068726 0.07460557669401169 -2.767839193344116
H 3.3361644744873047 0.1878325492143631 -4.3293962478637695
H 3.5089797973632812 1.9253607988357544 -4.063617706298828
H 3.657252550125122 0.585224449634552 -1.5234390497207642
H 7.251286029815674 0.25513580441474915 -1.5271377563476562
H 5.834672451019287 0.21100883185863495 -0.5249060392379761
H 5.526552677154541 0.9510008096694946 -4.641567230224609
H 7.07974910736084 0.680508553981781 -3.9048590660095215
H -1.1490000486373901 3.8550000190734863 -4.355000019073486
