N -0.4690000116825104 1.1100000143051147 -0.9929999709129333
C 0.004000000189989805 2.2939999103546143 -1.7079999446868896
C -0.9070000052452087 2.5209999084472656 -2.9010000228881836
O -1.8270000219345093 1.7890000343322754 -3.242000102996826
C 1.475000023841858 2.1500000953674316 -2.127000093460083
C 1.9735326766967773 3.2383718490600586 -3.091111421585083
C 3.454517364501953 3.082315444946289 -3.4300119876861572
N 3.7097017765045166 1.809749960899353 -4.0618815422058105
C 4.98960018157959 1.4051445722579956 -4.479506492614746
N 5.188000679016113 0.16874796152114868 -5.084146976470947
N 6.0786356925964355 2.2493467330932617 -4.288117408752441
O -0.5879999995231628 3.6589999198913574 -3.5739998817443848
H -0.057999998331069946 0.902999997138977 -0.10899999737739563
H -1.0240000486373901 0.4519999921321869 -1.49399995803833
H -0.10300000011920929 3.1519999504089355 -1.034000039100647
H 1.6176087856292725 1.166333794593811 -2.592013359069824
H 2.102714776992798 2.158452272415161 -1.2261556386947632
H 1.8322288990020752 4.22544002532959 -2.6348001956939697
H 1.3820933103561401 3.2217295169830322 -4.01453971862793
H 3.7579708099365234 3.8795523643493652 -4.117295742034912
H 4.068706512451172 3.1746811866760254 -2.5279223918914795
H 2.9415149688720703 1.1491481065750122 -4.230012893676758
H 6.115285396575928 -0.12299341708421707 -5.385385513305664
H 4.4220356941223145 -0.4793345034122467 -5.2470502853393555
H 5.968641757965088 3.1595659255981445 -3.848536968231201
H 7.014033794403076 1.9768328666687012 -4.581081390380859
H -1.1490000486373901 3.8550000190734863 -4.355000019073486
