N -0.4690000116825104 1.1100000143051147 -0.9929999709129333
C 0.004000000189989805 2.2939999103546143 -1.7079999446868896
C -0.9070000052452087 2.5209999084472656 -2.9010000228881836
O -1.8270000219345093 1.7890000343322754 -3.242000102996826
C 1.475000023841858 2.1500000953674316 -2.127000093460083
C 2.4656262397766113 2.0521178245544434 -0.9558137655258179
C 3.9050629138946533 1.8526134490966797 -1.4256466627120972
N 4.3370232582092285 2.954009771347046 -2.252772331237793
C 5.621119022369385 3.027944803237915 -2.8201241493225098
N 5.993265628814697 4.109220027923584 -3.6113131046295166
N 6.538434982299805 2.0075342655181885 -2.5907773971557617
O -0.5879999995231628 3.6589999198913574 -3.5739998817443848
H -0.057999998331069946 0.902999997138977 -0.10899999737739563
H -1.0240000486373901 0.4519999921321869 -1.49399995803833
H -0.10300000011920929 3.1519999504089355 -1.034000039100647
H 1.7499877214431763 3.0040173530578613 -2.758831024169922
H 1.5786324739456177 1.255926251411438 -2.7558958530426025
H 2.1963050365448 1.2020623683929443 -0.3175644874572754
H 2.4039154052734375 2.9542956352233887 -0.3352784514427185
H 4.567842483520508 1.789432406425476 -0.5557265281677246
H 4.002902984619141 0.9143846035003662 -1.9821354150772095
H 3.701125383377075 3.735473871231079 -2.4520747661590576
H 6.9230475425720215 4.161008834838867 -4.021846294403076
H 5.357710361480713 4.878855228424072 -3.8036177158355713
H 6.298490047454834 1.2024885416030884 -2.017928123474121
H 7.472702980041504 2.039269208908081 -2.9922711849212646
H -1.1490000486373901 3.8550000190734863 -4.355000019073486
