N -0.4690000116825104 1.1100000143051147 -0.9929999709129333
C 0.004000000189989805 2.2939999103546143 -1.7079999446868896
C -0.9070000052452087 2.5209999084472656 -2.9010000228881836
O -1.8270000219345093 1.7890000343322754 -3.242000102996826
C 1.475000023841858 2.1500000953674316 -2.127000093460083
C 1.6829091310501099 1.6499736309051514 -3.5655221939086914
C 3.159301996231079 1.579750657081604 -3.950042486190796
N 3.8780720233917236 0.6779120564460754 -3.0817928314208984
C 5.254613399505615 0.4240344166755676 -3.211930513381958
N 5.905489921569824 -0.4532337486743927 -2.351471424102783
N 5.982868671417236 1.0565179586410522 -4.214385032653809
O -0.5879999995231628 3.6589999198913574 -3.5739998817443848
H -0.057999998331069946 0.902999997138977 -0.10899999737739563
H -1.0240000486373901 0.4519999921321869 -1.49399995803833
H -0.10300000011920929 3.1519999504089355 -1.034000039100647
H 1.976923942565918 1.4641033411026 -1.4328875541687012
H 1.9728895425796509 3.1219804286956787 -2.013078212738037
H 1.1819607019424438 2.328916311264038 -4.265934467315674
H 1.2240264415740967 0.6616309285163879 -3.689629554748535
H 3.251715660095215 1.219085693359375 -4.980289936065674
H 3.6169025897979736 2.573897361755371 -3.9076149463653564
H 3.388960599899292 0.18230019509792328 -2.32686710357666
H 6.9022040367126465 -0.6355255842208862 -2.44657564163208
H 5.413852214813232 -0.9399682879447937 -1.6067347526550293
H 5.538145065307617 1.704253077507019 -4.859744548797607
H 6.98009729385376 0.8890175819396973 -4.326369762420654
H -1.1490000486373901 3.8550000190734863 -4.355000019073486
