N -0.4690000116825104 1.1100000143051147 -0.9929999709129333
C 0.004000000189989805 2.2939999103546143 -1.7079999446868896
C -0.9070000052452087 2.5209999084472656 -2.9010000228881836
O -1.8270000219345093 1.7890000343322754 -3.242000102996826
C 1.475000023841858 2.1500000953674316 -2.127000093460083
C 1.8204436302185059 2.7981181144714355 -3.4772629737854004
C 3.3040547370910645 2.6768534183502197 -3.8189001083374023
N 3.7050623893737793 1.29253089427948 -3.900413751602173
C 5.01870059967041 0.892267107963562 -4.20107889175415
N 5.359306335449219 -0.4542294442653656 -4.2686357498168945
N 5.997743606567383 1.8523443937301636 -4.435668468475342
O -0.5879999995231628 3.6589999198913574 -3.5739998817443848
H -0.057999998331069946 0.902999997138977 -0.10899999737739563
H -1.0240000486373901 0.4519999921321869 -1.49399995803833
H -0.10300000011920929 3.1519999504089355 -1.034000039100647
H 1.731107473373413 1.0836374759674072 -2.165128469467163
H 2.110421657562256 2.5914368629455566 -1.347904086112976
H 1.5650784969329834 3.864163875579834 -3.4485340118408203
H 1.2216852903366089 2.343935251235962 -4.27601432800293
H 3.4961376190185547 3.1527135372161865 -4.7867279052734375
H 3.9156975746154785 3.193472385406494 -3.0715556144714355
H 3.0220139026641846 0.542754590511322 -3.7390003204345703
H 6.310883045196533 -0.7424134016036987 -4.485814094543457
H 4.676993370056152 -1.1902834177017212 -4.107626438140869
H 5.782695293426514 2.8452131748199463 -4.393311977386475
H 6.955118179321289 1.585837721824646 -4.653543949127197
H -1.1490000486373901 3.8550000190734863 -4.355000019073486
