N -0.4690000116825104 1.1100000143051147 -0.9929999709129333
C 0.004000000189989805 2.2939999103546143 -1.7079999446868896
C -0.9070000052452087 2.5209999084472656 -2.9010000228881836
O -1.8270000219345093 1.7890000343322754 -3.242000102996826
C 1.475000023841858 2.1500000953674316 -2.127000093460083
C 1.7116961479187012 2.1767687797546387 -3.645504951477051
C 3.1932456493377686 2.0883312225341797 -4.005661964416504
N 3.774418592453003 0.8636342287063599 -3.509521245956421
C 5.125388145446777 0.5248809456825256 -3.700265407562256
N 5.641849994659424 -0.666858971118927 -3.2036240100860596
N 5.963981628417969 1.3902536630630493 -4.395389080047607
O -0.5879999995231628 3.6589999198913574 -3.5739998817443848
H -0.057999998331069946 0.902999997138977 -0.10899999737739563
H -1.0240000486373901 0.4519999921321869 -1.49399995803833
H -0.10300000011920929 3.1519999504089355 -1.034000039100647
H 1.8707174062728882 1.211368203163147 -1.718892216682434
H 2.056662082672119 2.9570529460906982 -1.6622929573059082
H 1.3166241645812988 3.111090660095215 -4.0619797706604
H 1.1677911281585693 1.3539289236068726 -4.124982833862305
H 3.3063738346099854 2.111273765563965 -5.095021724700928
H 3.7408525943756104 2.9458413124084473 -3.6002867221832275
H 3.2000083923339844 0.18758349120616913 -2.99204421043396
H 6.620242118835449 -0.9104052782058716 -3.3419995307922363
H 5.066329479217529 -1.3307627439498901 -2.6924891471862793
H 5.618829727172852 2.2698638439178467 -4.770868301391602
H 6.945213794708252 1.1663987636566162 -4.544166088104248
H -1.1490000486373901 3.8550000190734863 -4.355000019073486
