N -0.4690000116825104 1.1100000143051147 -0.9929999709129333
C 0.004000000189989805 2.2939999103546143 -1.7079999446868896
C -0.9070000052452087 2.5209999084472656 -2.9010000228881836
O -1.8270000219345093 1.7890000343322754 -3.242000102996826
C 1.475000023841858 2.1500000953674316 -2.127000093460083
C 2.1158289909362793 0.8033989667892456 -1.7547072172164917
C 3.5581774711608887 0.6897729635238647 -2.2438321113586426
N 4.383574485778809 1.723832607269287 -1.6665620803833008
C 5.755276203155518 1.8536492586135864 -1.9455571174621582
N 6.511224269866943 2.8666181564331055 -1.3658450841903687
N 6.372246265411377 0.9587538838386536 -2.8137829303741455
O -0.5879999995231628 3.6589999198913574 -3.5739998817443848
H -0.057999998331069946 0.902999997138977 -0.10899999737739563
H -1.0240000486373901 0.4519999921321869 -1.49399995803833
H -0.10300000011920929 3.1519999504089355 -1.034000039100647
H 2.05572509765625 2.9617531299591064 -1.670941710472107
H 1.5496457815170288 2.290924310684204 -3.2133636474609375
H 1.5397230386734009 -0.013952700421214104 -2.2047390937805176
H 2.0846354961395264 0.6603221297264099 -0.6678065061569214
H 3.9666075706481934 -0.28443342447280884 -1.9537696838378906
H 3.601247549057007 0.7520208358764648 -3.3364417552948
H 3.9800965785980225 2.409367322921753 -1.0169302225112915
H 7.504032135009766 2.9596621990203857 -1.569288969039917
H 6.104070663452148 3.541161298751831 -0.7236080169677734
H 5.8486175537109375 0.2072761505842209 -3.2552833557128906
H 7.363215923309326 1.0344101190567017 -3.03130841255188
H -1.1490000486373901 3.8550000190734863 -4.355000019073486
