N -0.4690000116825104 1.1100000143051147 -0.9929999709129333
C 0.004000000189989805 2.2939999103546143 -1.7079999446868896
C -0.9070000052452087 2.5209999084472656 -2.9010000228881836
O -1.8270000219345093 1.7890000343322754 -3.242000102996826
C 1.475000023841858 2.1500000953674316 -2.127000093460083
C 2.488785982131958 2.598886489868164 -1.0624167919158936
C 3.9339358806610107 2.381495952606201 -1.506044864654541
N 4.224687576293945 3.1279237270355225 -2.706923484802246
C 5.482885837554932 3.110297441482544 -3.3337268829345703
N 5.717077255249023 3.8457601070404053 -4.49039363861084
N 6.513797760009766 2.3477745056152344 -2.794203758239746
O -0.5879999995231628 3.6589999198913574 -3.5739998817443848
H -0.057999998331069946 0.902999997138977 -0.10899999737739563
H -1.0240000486373901 0.4519999921321869 -1.49399995803833
H -0.10300000011920929 3.1519999504089355 -1.034000039100647
H 1.6410425901412964 2.726395606994629 -3.0458972454071045
H 1.6696282625198364 1.1001142263412476 -2.382884979248047
H 2.328023910522461 2.029118299484253 -0.139372780919075
H 2.3347482681274414 3.657261371612549 -0.8196982145309448
H 4.613317489624023 2.716425895690918 -0.7146589159965515
H 4.128979206085205 1.31759512424469 -1.6780883073806763
H 3.5009782314300537 3.7096123695373535 -3.145850896835327
H 6.628310680389404 3.8314919471740723 -4.943345069885254
H 4.995163917541504 4.41921854019165 -4.918456554412842
H 6.376062393188477 1.7977893352508545 -1.9501813650131226
H 7.431910991668701 2.3188788890838623 -3.2315762042999268
H -1.1490000486373901 3.8550000190734863 -4.355000019073486
