N -0.4690000116825104 1.1100000143051147 -0.9929999709129333
C 0.004000000189989805 2.2939999103546143 -1.7079999446868896
C -0.9070000052452087 2.5209999084472656 -2.9010000228881836
O -1.8270000219345093 1.7890000343322754 -3.242000102996826
C 1.475000023841858 2.1500000953674316 -2.127000093460083
C 1.9467966556549072 3.1806640625 -3.1651418209075928
C 3.4284842014312744 3.030179500579834 -3.5034902095794678
N 3.704376220703125 1.7232424020767212 -4.050847053527832
C 4.9893364906311035 1.31576406955719 -4.449713706970215
N 5.207921504974365 0.04566098749637604 -4.971909046173096
N 6.063035488128662 2.191204309463501 -4.322903156280518
O -0.5879999995231628 3.6589999198913574 -3.5739998817443848
H -0.057999998331069946 0.902999997138977 -0.10899999737739563
H -1.0240000486373901 0.4519999921321869 -1.49399995803833
H -0.10300000011920929 3.1519999504089355 -1.034000039100647
H 1.6337647438049316 1.1403024196624756 -2.5263476371765137
H 2.1077418327331543 2.2304627895355225 -1.2332545518875122
H 1.789219856262207 4.193198204040527 -2.7747130393981934
H 1.3503470420837402 3.091203451156616 -4.081133842468262
H 3.712477684020996 3.785250186920166 -4.244601249694824
H 4.046095848083496 3.1941821575164795 -2.614004611968994
H 2.9480655193328857 1.0385481119155884 -4.169005870819092
H 6.138854026794434 -0.2480761855840683 -5.259653568267822
H 4.453621864318848 -0.626152753829956 -5.085702896118164
H 5.9381422996521 3.1265451908111572 -3.9442641735076904
H 7.0017595291137695 1.9173541069030762 -4.603733062744141
H -1.1490000486373901 3.8550000190734863 -4.355000019073486
