N -0.4690000116825104 1.1100000143051147 -0.9929999709129333
C 0.004000000189989805 2.2939999103546143 -1.7079999446868896
C -0.9070000052452087 2.5209999084472656 -2.9010000228881836
O -1.8270000219345093 1.7890000343322754 -3.242000102996826
C 1.475000023841858 2.1500000953674316 -2.127000093460083
C 2.242311716079712 3.4778785705566406 -2.2298104763031006
C 3.7118966579437256 3.274761915206909 -2.592559814453125
N 3.843427896499634 2.6115503311157227 -3.867961883544922
C 5.087189674377441 2.300313711166382 -4.444542407989502
N 5.165283679962158 1.6599109172821045 -5.6763763427734375
N 6.261624813079834 2.635094165802002 -3.77826189994812
O -0.5879999995231628 3.6589999198913574 -3.5739998817443848
H -0.057999998331069946 0.902999997138977 -0.10899999737739563
H -1.0240000486373901 0.4519999921321869 -1.49399995803833
H -0.10300000011920929 3.1519999504089355 -1.034000039100647
H 1.5202972888946533 1.633851170539856 -3.094322443008423
H 1.9867948293685913 1.4985896348953247 -1.4063419103622437
H 2.1998307704925537 4.001621723175049 -1.2673248052597046
H 1.7675244808197021 4.129436492919922 -2.9733471870422363
H 4.211157321929932 4.247966766357422 -2.652890682220459
H 4.222995281219482 2.690577507019043 -1.8198809623718262
H 3.009010076522827 2.3444437980651855 -4.403848648071289
H 6.066442489624023 1.4347132444381714 -6.0922040939331055
H 4.33433198928833 1.3990120887756348 -6.200496673583984
H 6.240180969238281 3.102950096130371 -2.875776767730713
H 7.172693252563477 2.4183826446533203 -4.175819396972656
H -1.1490000486373901 3.8550000190734863 -4.355000019073486
