N -0.4690000116825104 1.1100000143051147 -0.9929999709129333
C 0.004000000189989805 2.2939999103546143 -1.7079999446868896
C -0.9070000052452087 2.5209999084472656 -2.9010000228881836
O -1.8270000219345093 1.7890000343322754 -3.242000102996826
C 1.475000023841858 2.1500000953674316 -2.127000093460083
C 2.2615561485290527 3.4701762199401855 -2.1596009731292725
C 3.730008602142334 3.26434326171875 -2.525392532348633
N 3.8588528633117676 2.6640076637268066 -3.8318369388580322
C 5.10110330581665 2.3641610145568848 -4.417637348175049
N 5.176609992980957 1.7851907014846802 -5.679667949676514
N 6.27663516998291 2.6482126712799072 -3.7300727367401123
O -0.5879999995231628 3.6589999198913574 -3.5739998817443848
H -0.057999998331069946 0.902999997138977 -0.10899999737739563
H -1.0240000486373901 0.4519999921321869 -1.49399995803833
H -0.10300000011920929 3.1519999504089355 -1.034000039100647
H 1.5180796384811401 1.6823410987854004 -3.1187727451324463
H 1.9737251996994019 1.4560176134109497 -1.4375951290130615
H 2.2214255332946777 3.9456210136413574 -1.1722651720046997
H 1.7999569177627563 4.164918422698975 -2.8716797828674316
H 4.243301868438721 4.232059478759766 -2.5345728397369385
H 4.228715419769287 2.6349005699157715 -1.7806649208068848
H 3.023571014404297 2.436112880706787 -4.384233474731445
H 6.0766682624816895 1.5681483745574951 -6.102163314819336
H 4.34481954574585 1.562855839729309 -6.219985485076904
H 6.257063865661621 3.0705480575561523 -2.805368185043335
H 7.1866254806518555 2.4385876655578613 -4.133850574493408
H -1.1490000486373901 3.8550000190734863 -4.355000019073486
