N -0.4690000116825104 1.1100000143051147 -0.9929999709129333
C 0.004000000189989805 2.2939999103546143 -1.7079999446868896
C -0.9070000052452087 2.5209999084472656 -2.9010000228881836
O -1.8270000219345093 1.7890000343322754 -3.242000102996826
C 1.475000023841858 2.1500000953674316 -2.127000093460083
C 1.8478918075561523 2.899895668029785 -3.4158780574798584
C 3.33132266998291 2.771792411804199 -3.7557976245880127
N 3.700516700744629 1.3898168802261353 -3.9498066902160645
C 5.007116317749023 0.9844502806663513 -4.273428916931152
N 5.316686153411865 -0.35954901576042175 -4.450803279876709
N 6.010493278503418 1.9368536472320557 -4.419952392578125
O -0.5879999995231628 3.6589999198913574 -3.5739998817443848
H -0.057999998331069946 0.902999997138977 -0.10899999737739563
H -1.0240000486373901 0.4519999921321869 -1.49399995803833
H -0.10300000011920929 3.1519999504089355 -1.034000039100647
H 1.7063918113708496 1.0846625566482544 -2.252250909805298
H 2.113424062728882 2.5095086097717285 -1.3092067241668701
H 1.6173207759857178 3.9656832218170166 -3.3000147342681885
H 1.2460010051727295 2.5284435749053955 -4.254059314727783
H 3.5433621406555176 3.321899890899658 -4.679080009460449
H 3.9480278491973877 3.2094197273254395 -2.9635331630706787
H 2.998638868331909 0.6458837985992432 -3.856506824493408
H 6.263199806213379 -0.6514875888824463 -4.6844658851623535
H 4.61586856842041 -1.0897955894470215 -4.356754302978516
H 5.818386554718018 2.9276323318481445 -4.296334266662598
H 6.963316917419434 1.666428804397583 -4.652457237243652
H -1.1490000486373901 3.8550000190734863 -4.355000019073486
