N -0.4690000116825104 1.1100000143051147 -0.9929999709129333
C 0.004000000189989805 2.2939999103546143 -1.7079999446868896
C -0.9070000052452087 2.5209999084472656 -2.9010000228881836
O -1.8270000219345093 1.7890000343322754 -3.242000102996826
C 1.475000023841858 2.1500000953674316 -2.127000093460083
C 1.90446138381958 0.7135766744613647 -2.4658939838409424
C 3.3570284843444824 0.6343687176704407 -2.9309723377227783
N 4.255218029022217 1.112928032875061 -1.9072355031967163
C 5.651071071624756 1.1506667137145996 -2.069796323776245
N 6.47773551940918 1.6205717325210571 -1.0551807880401611
N 6.22077751159668 0.7128930687904358 -3.261054039001465
O -0.5879999995231628 3.6589999198913574 -3.5739998817443848
H -0.057999998331069946 0.902999997138977 -0.10899999737739563
H -1.0240000486373901 0.4519999921321869 -1.49399995803833
H -0.10300000011920929 3.1519999504089355 -1.034000039100647
H 2.113419532775879 2.5345656871795654 -1.3215783834457397
H 1.6597156524658203 2.791308879852295 -2.9989066123962402
H 1.2693759202957153 0.32054704427719116 -3.2688164710998535
H 1.76236093044281 0.06349640339612961 -1.5941139459609985
H 3.6114253997802734 -0.4065062999725342 -3.1587677001953125
H 3.501035213470459 1.216037631034851 -3.8477325439453125
H 3.88844895362854 1.4452581405639648 -1.0073405504226685
H 7.488036632537842 1.6478420495986938 -1.1746063232421875
H 6.106564521789551 1.9476497173309326 -0.1672039031982422
H 5.645224571228027 0.3641907274723053 -4.023270606994629
H 7.228247165679932 0.7324119806289673 -3.401357889175415
H -1.1490000486373901 3.8550000190734863 -4.355000019073486
