N -0.4690000116825104 1.1100000143051147 -0.9929999709129333
C 0.004000000189989805 2.2939999103546143 -1.7079999446868896
C -0.9070000052452087 2.5209999084472656 -2.9010000228881836
O -1.8270000219345093 1.7890000343322754 -3.242000102996826
C 1.475000023841858 2.1500000953674316 -2.127000093460083
C 2.4048807621002197 1.6239506006240845 -1.0219244956970215
C 3.8421339988708496 1.4449149370193481 -1.506457805633545
N 4.3948540687561035 2.6982762813568115 -1.9618544578552246
C 5.703314304351807 2.8219218254089355 -2.4607536792755127
N 6.193356513977051 4.050853729248047 -2.8887884616851807
N 6.525803089141846 1.7020996809005737 -2.5301547050476074
O -0.5879999995231628 3.6589999198913574 -3.5739998817443848
H -0.057999998331069946 0.902999997138977 -0.10899999737739563
H -1.0240000486373901 0.4519999921321869 -1.49399995803833
H -0.10300000011920929 3.1519999504089355 -1.034000039100647
H 1.843470811843872 3.1243622303009033 -2.4719955921173096
H 1.5330393314361572 1.4754067659378052 -2.991391658782959
H 2.042102098464966 0.6509645581245422 -0.6695324778556824
H 2.3895890712738037 2.3050007820129395 -0.16242805123329163
H 4.460851669311523 1.0697182416915894 -0.6839950084686279
H 3.8878540992736816 0.7074886560440063 -2.314936637878418
H 3.832294464111328 3.5569379329681396 -1.930215835571289
H 7.140629291534424 4.138641357421875 -3.2502877712249756
H 5.6299004554748535 4.896168231964111 -2.853978157043457
H 6.198606491088867 0.788604199886322 -2.2263505458831787
H 7.475564479827881 1.767745018005371 -2.8889102935791016
H -1.1490000486373901 3.8550000190734863 -4.355000019073486
