N -0.4690000116825104 1.1100000143051147 -0.9929999709129333
C 0.004000000189989805 2.2939999103546143 -1.7079999446868896
C -0.9070000052452087 2.5209999084472656 -2.9010000228881836
O -1.8270000219345093 1.7890000343322754 -3.242000102996826
C 1.475000023841858 2.1500000953674316 -2.127000093460083
C 2.077587604522705 3.402984619140625 -2.782374858856201
C 3.5550737380981445 3.2268195152282715 -3.1266467571258545
N 3.7445483207702637 2.134481906890869 -4.051145553588867
C 5.007343769073486 1.7524129152297974 -4.536560535430908
N 5.141735076904297 0.692480206489563 -5.4265666007995605
N 6.143957138061523 2.4406332969665527 -4.124531269073486
O -0.5879999995231628 3.6589999198913574 -3.5739998817443848
H -0.057999998331069946 0.902999997138977 -0.10899999737739563
H -1.0240000486373901 0.4519999921321869 -1.49399995803833
H -0.10300000011920929 3.1519999504089355 -1.034000039100647
H 1.5661951303482056 1.303889513015747 -2.8197875022888184
H 2.0716359615325928 1.8894723653793335 -1.2428232431411743
H 1.988211989402771 4.254435062408447 -2.097148895263672
H 1.517319917678833 3.6585044860839844 -3.6899027824401855
H 3.934295177459717 4.144506454467773 -3.589324951171875
H 4.143848419189453 3.0480597019195557 -2.2206029891967773
H 2.939502239227295 1.5942872762680054 -4.39006233215332
H 6.056678771972656 0.41669100522994995 -5.776614189147949
H 4.339576721191406 0.1629275530576706 -5.757272720336914
H 6.081167697906494 3.219655990600586 -3.4741392135620117
H 7.0680155754089355 2.180781364440918 -4.461658477783203
H -1.1490000486373901 3.8550000190734863 -4.355000019073486
