N -0.4690000116825104 1.1100000143051147 -0.9929999709129333
C 0.004000000189989805 2.2939999103546143 -1.7079999446868896
C -0.9070000052452087 2.5209999084472656 -2.9010000228881836
O -1.8270000219345093 1.7890000343322754 -3.242000102996826
C 1.475000023841858 2.1500000953674316 -2.127000093460083
C 2.4005205631256104 1.6011286973953247 -1.0293889045715332
C 3.8377177715301514 1.4233542680740356 -1.5145524740219116
N 4.39714241027832 2.6814963817596436 -1.948053002357483
C 5.7070088386535645 2.8072121143341064 -2.4427266120910645
N 6.203595161437988 4.040770530700684 -2.8493776321411133
N 6.524288654327393 1.6847922801971436 -2.5295228958129883
O -0.5879999995231628 3.6589999198913574 -3.5739998817443848
H -0.057999998331069946 0.902999997138977 -0.10899999737739563
H -1.0240000486373901 0.4519999921321869 -1.49399995803833
H -0.10300000011920929 3.1519999504089355 -1.034000039100647
H 1.8486688137054443 3.1282198429107666 -2.4550726413726807
H 1.5312851667404175 1.4896730184555054 -3.002452850341797
H 2.0325379371643066 0.624133825302124 -0.6938888430595398
H 2.38702130317688 2.267789363861084 -0.15865443646907806
H 4.453268527984619 1.0315197706222534 -0.6974893808364868
H 3.8812918663024902 0.6993282437324524 -2.335170269012451
H 3.8386125564575195 3.542185068130493 -1.902964472770691
H 7.151878356933594 4.130062580108643 -3.2078466415405273
H 5.644100189208984 4.888065338134766 -2.801342487335205
H 6.192251682281494 0.7679209113121033 -2.2415525913238525
H 7.474950790405273 1.7518876791000366 -2.8856146335601807
H -1.1490000486373901 3.8550000190734863 -4.355000019073486
