N -0.4690000116825104 1.1100000143051147 -0.9929999709129333
C 0.004000000189989805 2.2939999103546143 -1.7079999446868896
C -0.9070000052452087 2.5209999084472656 -2.9010000228881836
O -1.8270000219345093 1.7890000343322754 -3.242000102996826
C 1.475000023841858 2.1500000953674316 -2.127000093460083
C 2.4823038578033447 2.2702813148498535 -0.9722403883934021
C 3.9236204624176025 2.0625123977661133 -1.4326331615447998
N 4.297461032867432 3.044266939163208 -2.422684669494629
C 5.570510387420654 3.0855062007904053 -3.017580032348633
N 5.885890483856201 4.050293445587158 -3.9680275917053223
N 6.534176826477051 2.1500983238220215 -2.6547229290008545
O -0.5879999995231628 3.6589999198913574 -3.5739998817443848
H -0.057999998331069946 0.902999997138977 -0.10899999737739563
H -1.0240000486373901 0.4519999921321869 -1.49399995803833
H -0.10300000011920929 3.1519999504089355 -1.034000039100647
H 1.705092191696167 2.910184621810913 -2.884199619293213
H 1.6104609966278076 1.1767451763153076 -2.6169419288635254
H 2.25777268409729 1.5152091979980469 -0.2093890756368637
H 2.3882713317871094 3.252028703689575 -0.49252456426620483
H 4.598445415496826 2.1582250595092773 -0.5750320553779602
H 4.056056499481201 1.0562691688537598 -1.8442895412445068
H 3.6257271766662598 3.759850263595581 -2.7251551151275635
H 6.807754039764404 4.078470706939697 -4.3982462882995605
H 5.215096950531006 4.7552571296691895 -4.261817455291748
H 6.336272239685059 1.430890679359436 -1.9637794494628906
H 7.461503028869629 2.1600093841552734 -3.0730881690979004
H -1.1490000486373901 3.8550000190734863 -4.355000019073486
