N -0.4690000116825104 1.1100000143051147 -0.9929999709129333
C 0.004000000189989805 2.2939999103546143 -1.7079999446868896
C -0.9070000052452087 2.5209999084472656 -2.9010000228881836
O -1.8270000219345093 1.7890000343322754 -3.242000102996826
C 1.475000023841858 2.1500000953674316 -2.127000093460083
C 1.8151901960372925 2.777090549468994 -3.4884796142578125
C 3.298816204071045 2.657175302505493 -3.830528497695923
N 3.706296682357788 1.2736026048660278 -3.8895747661590576
C 5.0213494300842285 0.87460857629776 -4.185711860656738
N 5.368270397186279 -0.47119730710983276 -4.2313337326049805
N 5.99542236328125 1.8352665901184082 -4.437948703765869
O -0.5879999995231628 3.6589999198913574 -3.5739998817443848
H -0.057999998331069946 0.902999997138977 -0.10899999737739563
H -1.0240000486373901 0.4519999921321869 -1.49399995803833
H -0.10300000011920929 3.1519999504089355 -1.034000039100647
H 1.7361338138580322 1.0843766927719116 -2.1477365493774414
H 2.1095499992370605 2.6074085235595703 -1.3564536571502686
H 1.5547852516174316 3.8422436714172363 -3.477137327194214
H 1.2173327207565308 2.306783437728882 -4.278526782989502
H 3.4870800971984863 3.1176984310150146 -4.806491851806641
H 3.9091780185699463 3.1891109943389893 -3.0929455757141113
H 3.0270936489105225 0.5233955383300781 -3.714513063430786
H 6.320864200592041 -0.7584514021873474 -4.445261001586914
H 4.689736843109131 -1.2076873779296875 -4.056906223297119
H 5.775704383850098 2.8276729583740234 -4.411825656890869
H 6.953709125518799 1.5697022676467896 -4.652945041656494
H -1.1490000486373901 3.8550000190734863 -4.355000019073486
