N -0.4690000116825104 1.1100000143051147 -0.9929999709129333
C 0.004000000189989805 2.2939999103546143 -1.7079999446868896
C -0.9070000052452087 2.5209999084472656 -2.9010000228881836
O -1.8270000219345093 1.7890000343322754 -3.242000102996826
C 1.475000023841858 2.1500000953674316 -2.127000093460083
C 2.1646194458007812 0.8777338266372681 -1.6089634895324707
C 3.6052911281585693 0.7547538876533508 -2.1007602214813232
N 4.400585174560547 1.8755285739898682 -1.6589770317077637
C 5.764390468597412 2.0164520740509033 -1.9695101976394653
N 6.491016387939453 3.1143155097961426 -1.5219162702560425
N 6.4030938148498535 1.0467830896377563 -2.735738515853882
O -0.5879999995231628 3.6589999198913574 -3.5739998817443848
H -0.057999998331069946 0.902999997138977 -0.10899999737739563
H -1.0240000486373901 0.4519999921321869 -1.49399995803833
H -0.10300000011920929 3.1519999504089355 -1.034000039100647
H 2.032162666320801 3.0279746055603027 -1.776422142982483
H 1.534525990486145 2.1653380393981934 -3.2232842445373535
H 1.6123201847076416 -0.00494292052462697 -1.9529659748077393
H 2.14859676361084 0.8617371320724487 -0.5124761462211609
H 4.049249649047852 -0.16504929959774017 -1.704663872718811
H 3.6358697414398193 0.6902384161949158 -3.1936593055725098
H 3.980268716812134 2.6187875270843506 -1.0882980823516846
H 7.478126049041748 3.215228319168091 -1.7480697631835938
H 6.0673298835754395 3.845679998397827 -0.9572514295578003
H 5.901086330413818 0.23219995200634003 -3.0796444416046143
H 7.388822078704834 1.1287308931350708 -2.9738261699676514
H -1.1490000486373901 3.8550000190734863 -4.355000019073486
