N -0.4690000116825104 1.1100000143051147 -0.9929999709129333
C 0.004000000189989805 2.2939999103546143 -1.7079999446868896
C -0.9070000052452087 2.5209999084472656 -2.9010000228881836
O -1.8270000219345093 1.7890000343322754 -3.242000102996826
C 1.475000023841858 2.1500000953674316 -2.127000093460083
C 1.7183983325958252 1.1508550643920898 -3.2693943977355957
C 3.1865317821502686 1.088370680809021 -3.6855709552764893
N 4.020672798156738 0.6780359745025635 -2.58120059967041
C 5.415426254272461 0.53696608543396 -2.6861705780029297
N 6.179124355316162 0.13904018700122833 -1.5943603515625
N 6.047789096832275 0.7977588772773743 -3.8975377082824707
O -0.5879999995231628 3.6589999198913574 -3.5739998817443848
H -0.057999998331069946 0.902999997138977 -0.10899999737739563
H -1.0240000486373901 0.4519999921321869 -1.49399995803833
H -0.10300000011920929 3.1519999504089355 -1.034000039100647
H 2.065516710281372 1.846526026725769 -1.2532908916473389
H 1.8557144403457642 3.134674549102783 -2.428812026977539
H 1.12957763671875 1.4456042051315308 -4.146265983581543
H 1.378193974494934 0.15125538408756256 -2.972984552383423
H 3.3050715923309326 0.36463552713394165 -4.499318599700928
H 3.5235044956207275 2.0611534118652344 -4.0592942237854
H 3.6056406497955322 0.4701104760169983 -1.665073275566101
H 7.1888298988342285 0.03795497119426727 -1.6717652082443237
H 5.760372161865234 -0.06502003967761993 -0.6908912658691406
H 5.519348621368408 1.091338038444519 -4.715089321136475
H 7.0559868812561035 0.7036390900611877 -3.9962313175201416
H -1.1490000486373901 3.8550000190734863 -4.355000019073486
