N -0.4690000116825104 1.1100000143051147 -0.9929999709129333
C 0.004000000189989805 2.2939999103546143 -1.7079999446868896
C -0.9070000052452087 2.5209999084472656 -2.9010000228881836
O -1.8270000219345093 1.7890000343322754 -3.242000102996826
C 1.475000023841858 2.1500000953674316 -2.127000093460083
C 1.717146396636963 2.2252063751220703 -3.643017053604126
C 3.199019193649292 2.134669065475464 -4.001317024230957
N 3.7668707370758057 0.8885761499404907 -3.5445916652679443
C 5.115220546722412 0.5434654951095581 -3.742349147796631
N 5.618673801422119 -0.669087290763855 -3.2842230796813965
N 5.964345455169678 1.4235056638717651 -4.405539512634277
O -0.5879999995231628 3.6589999198913574 -3.5739998817443848
H -0.057999998331069946 0.902999997138977 -0.10899999737739563
H -1.0240000486373901 0.4519999921321869 -1.49399995803833
H -0.10300000011920929 3.1519999504089355 -1.034000039100647
H 1.8604145050048828 1.194515585899353 -1.749271273612976
H 2.062676429748535 2.9354755878448486 -1.6337631940841675
H 1.3323653936386108 3.17665696144104 -4.029250144958496
H 1.1671265363693237 1.4240853786468506 -4.151426792144775
H 3.3160958290100098 2.1929004192352295 -5.0889434814453125
H 3.7533230781555176 2.97287917137146 -3.5657975673675537
H 3.184316635131836 0.20114821195602417 -3.0517959594726562
H 6.595186710357666 -0.9172308444976807 -3.4276177883148193
H 5.035146236419678 -1.3441531658172607 -2.79736328125
H 5.628823280334473 2.318430185317993 -4.752473831176758
H 6.943919658660889 1.195361852645874 -4.5586628913879395
H -1.1490000486373901 3.8550000190734863 -4.355000019073486
