N -0.4690000116825104 1.1100000143051147 -0.9929999709129333
C 0.004000000189989805 2.2939999103546143 -1.7079999446868896
C -0.9070000052452087 2.5209999084472656 -2.9010000228881836
O -1.8270000219345093 1.7890000343322754 -3.242000102996826
C 1.475000023841858 2.1500000953674316 -2.127000093460083
C 1.8652451038360596 2.958052158355713 -3.3749420642852783
C 3.3484833240509033 2.8257880210876465 -3.7141082286834717
N 3.6991000175476074 1.450089931488037 -3.975494623184204
C 5.0015177726745605 1.0426689386367798 -4.313092231750488
N 5.292967319488525 -0.2950790524482727 -4.55623197555542
N 6.019028663635254 1.9866704940795898 -4.407106399536133
O -0.5879999995231628 3.6589999198913574 -3.5739998817443848
H -0.057999998331069946 0.902999997138977 -0.10899999737739563
H -1.0240000486373901 0.4519999921321869 -1.49399995803833
H -0.10300000011920929 3.1519999504089355 -1.034000039100647
H 1.6919491291046143 1.089050531387329 -2.3044633865356445
H 2.1141343116760254 2.458875894546509 -1.2893123626708984
H 1.6491724252700806 4.019909381866455 -3.2068278789520264
H 1.2625782489776611 2.6377437114715576 -4.233424663543701
H 3.5731427669525146 3.4183309078216553 -4.607668876647949
H 3.9671409130096436 3.2142677307128906 -2.8980982303619385
H 2.986283779144287 0.7126001715660095 -3.922811269760132
H 6.236471652984619 -0.588546872138977 -4.799933433532715
H 4.581400394439697 -1.018953800201416 -4.502109050750732
H 5.840313911437988 2.9726784229278564 -4.234833717346191
H 6.969141006469727 1.714538335800171 -4.6485443115234375
H -1.1490000486373901 3.8550000190734863 -4.355000019073486
