N -0.4690000116825104 1.1100000143051147 -0.9929999709129333
C 0.004000000189989805 2.2939999103546143 -1.7079999446868896
C -0.9070000052452087 2.5209999084472656 -2.9010000228881836
O -1.8270000219345093 1.7890000343322754 -3.242000102996826
C 1.475000023841858 2.1500000953674316 -2.127000093460083
C 2.105731964111328 3.432096481323242 -2.6935722827911377
C 3.582075834274292 3.2508976459503174 -3.0401248931884766
N 3.757601737976074 2.219243288040161 -4.034449100494385
C 5.0164384841918945 1.8461878299713135 -4.536859035491943
N 5.13725471496582 0.8456185460090637 -5.494926929473877
N 6.162808418273926 2.4833788871765137 -4.0730390548706055
O -0.5879999995231628 3.6589999198913574 -3.5739998817443848
H -0.057999998331069946 0.902999997138977 -0.10899999737739563
H -1.0240000486373901 0.4519999921321869 -1.49399995803833
H -0.10300000011920929 3.1519999504089355 -1.034000039100647
H 1.5552347898483276 1.350407600402832 -2.874253749847412
H 2.060271739959717 1.8196183443069458 -1.258712887763977
H 2.0274710655212402 4.237485885620117 -1.9534952640533447
H 1.5568945407867432 3.758340835571289 -3.585278034210205
H 3.9817984104156494 4.189945697784424 -3.438169479370117
H 4.1608686447143555 3.0007786750793457 -2.1445999145507812
H 2.944991111755371 1.718461275100708 -4.413467884063721
H 6.049337387084961 0.576246976852417 -5.857222557067871
H 4.327672004699707 0.35484927892684937 -5.865025043487549
H 6.110016345977783 3.2183279991149902 -3.3724029064178467
H 7.084211349487305 2.228868246078491 -4.421324729919434
H -1.1490000486373901 3.8550000190734863 -4.355000019073486
