N -0.4690000116825104 1.1100000143051147 -0.9929999709129333
C 0.004000000189989805 2.2939999103546143 -1.7079999446868896
C -0.9070000052452087 2.5209999084472656 -2.9010000228881836
O -1.8270000219345093 1.7890000343322754 -3.242000102996826
C 1.475000023841858 2.1500000953674316 -2.127000093460083
C 1.91434645652771 3.1010935306549072 -3.2517197132110596
C 3.39676570892334 2.957622528076172 -3.589909553527832
N 3.7001559734344482 1.6163471937179565 -4.028926372528076
C 4.991672515869141 1.2071861028671265 -4.404196739196777
N 5.237066268920898 -0.09663444012403488 -4.820685863494873
N 6.044833183288574 2.11507511138916 -4.360644340515137
O -0.5879999995231628 3.6589999198913574 -3.5739998817443848
H -0.057999998331069946 0.902999997138977 -0.10899999737739563
H -1.0240000486373901 0.4519999921321869 -1.49399995803833
H -0.10300000011920929 3.1519999504089355 -1.034000039100647
H 1.6551949977874756 1.1144651174545288 -2.442232131958008
H 2.1120147705078125 2.3196563720703125 -1.248907446861267
H 1.7352066040039062 4.138736724853516 -2.945622205734253
H 1.3136698007583618 2.9214649200439453 -4.1515631675720215
H 3.657144784927368 3.654578924179077 -4.393951416015625
H 4.016610145568848 3.2097930908203125 -2.722886800765991
H 2.9597461223602295 0.9066436290740967 -4.082665920257568
H 6.172722339630127 -0.3914937376976013 -5.0914626121521
H 4.498387813568115 -0.793094277381897 -4.87116813659668
H 5.900143146514893 3.0755972862243652 -4.060160160064697
H 6.987847805023193 1.8407880067825317 -4.6262593269348145
H -1.1490000486373901 3.8550000190734863 -4.355000019073486
