N -0.4690000116825104 1.1100000143051147 -0.9929999709129333
C 0.004000000189989805 2.2939999103546143 -1.7079999446868896
C -0.9070000052452087 2.5209999084472656 -2.9010000228881836
O -1.8270000219345093 1.7890000343322754 -3.242000102996826
C 1.475000023841858 2.1500000953674316 -2.127000093460083
C 2.215996026992798 3.482229471206665 -2.3236937522888184
C 3.6870508193969727 3.282989501953125 -2.682614803314209
N 3.8237903118133545 2.538586139678955 -3.9118282794952393
C 5.069886207580566 2.212944746017456 -4.475263595581055
N 5.153017520904541 1.493202805519104 -5.662146091461182
N 6.241573810577393 2.6135480403900146 -3.8412513732910156
O -0.5879999995231628 3.6589999198913574 -3.5739998817443848
H -0.057999998331069946 0.902999997138977 -0.10899999737739563
H -1.0240000486373901 0.4519999921321869 -1.49399995803833
H -0.10300000011920929 3.1519999504089355 -1.034000039100647
H 1.5245113372802734 1.5712791681289673 -3.058023452758789
H 2.0034804344177246 1.5579670667648315 -1.368169903755188
H 2.16912579536438 4.06825590133667 -1.3980228900909424
H 1.7243778705596924 4.073575973510742 -3.105626106262207
H 4.167126178741455 4.259200572967529 -2.8113338947296143
H 4.21384859085083 2.7614850997924805 -1.8763622045516968
H 2.99151873588562 2.2206053733825684 -4.422696113586426
H 6.055873394012451 1.257696509361267 -6.068473815917969
H 4.324161529541016 1.1822664737701416 -6.161712646484375
H 6.216457366943359 3.140206813812256 -2.971867561340332
H 7.154281139373779 2.3879153728485107 -4.229988098144531
H -1.1490000486373901 3.8550000190734863 -4.355000019073486
