N -0.4690000116825104 1.1100000143051147 -0.9929999709129333
C 0.004000000189989805 2.2939999103546143 -1.7079999446868896
C -0.9070000052452087 2.5209999084472656 -2.9010000228881836
O -1.8270000219345093 1.7890000343322754 -3.242000102996826
C 1.475000023841858 2.1500000953674316 -2.127000093460083
C 1.8227665424346924 0.804633378982544 -2.7839972972869873
C 3.2808837890625 0.7354218363761902 -3.2330260276794434
N 4.175998687744141 0.901868462562561 -2.1128182411193848
C 5.575739860534668 0.8802073001861572 -2.24131441116333
N 6.399235725402832 1.045270323753357 -1.133055567741394
N 6.1525750160217285 0.6912561655044556 -3.4930591583251953
O -0.5879999995231628 3.6589999198913574 -3.5739998817443848
H -0.057999998331069946 0.902999997138977 -0.10899999737739563
H -1.0240000486373901 0.4519999921321869 -1.49399995803833
H -0.10300000011920929 3.1519999504089355 -1.034000039100647
H 2.1116793155670166 2.2934584617614746 -1.244824767112732
H 1.7263990640640259 2.961055278778076 -2.823136329650879
H 1.1888009309768677 0.6521543860435486 -3.6656594276428223
H 1.6133259534835815 -0.01783127523958683 -2.0893867015838623
H 3.4756815433502197 -0.239675834774971 -3.692664623260498
H 3.4892632961273193 1.5017437934875488 -3.987250566482544
H 3.80379056930542 1.0418205261230469 -1.1659029722213745
H 7.412402153015137 1.0299568176269531 -1.2277872562408447
H 6.022666931152344 1.1831786632537842 -0.19901704788208008
H 5.579562664031982 0.5683141946792603 -4.323944568634033
H 7.163061618804932 0.6734342575073242 -3.609938859939575
H -1.1490000486373901 3.8550000190734863 -4.355000019073486
