N -0.4690000116825104 1.1100000143051147 -0.9929999709129333
C 0.004000000189989805 2.2939999103546143 -1.7079999446868896
C -0.9070000052452087 2.5209999084472656 -2.9010000228881836
O -1.8270000219345093 1.7890000343322754 -3.242000102996826
C 1.475000023841858 2.1500000953674316 -2.127000093460083
C 2.471348762512207 2.8972697257995605 -1.2261805534362793
C 3.9212331771850586 2.674679756164551 -1.651400089263916
N 4.142110824584961 3.1384520530700684 -3.0004475116729736
C 5.389059543609619 3.055337429046631 -3.6442387104034424
N 5.554928779602051 3.5151612758636475 -4.9460368156433105
N 6.477818489074707 2.505924701690674 -2.974869728088379
O -0.5879999995231628 3.6589999198913574 -3.5739998817443848
H -0.057999998331069946 0.902999997138977 -0.10899999737739563
H -1.0240000486373901 0.4519999921321869 -1.49399995803833
H -0.10300000011920929 3.1519999504089355 -1.034000039100647
H 1.5873554944992065 2.5063836574554443 -3.158766031265259
H 1.7374016046524048 1.0838810205459595 -2.139371156692505
H 2.36386775970459 2.5486161708831787 -0.19207274913787842
H 2.2486581802368164 3.9711380004882812 -1.229809045791626
H 4.587751388549805 3.2266833782196045 -0.9797787666320801
H 4.1862616539001465 1.6144694089889526 -1.5790117979049683
H 3.3737096786499023 3.5551841259002686 -3.539583921432495
H 6.458132743835449 3.4537413120269775 -5.4109721183776855
H 4.789046287536621 3.926544427871704 -5.472761631011963
H 6.390769958496094 2.159564733505249 -2.022879123687744
H 7.389122009277344 2.434363842010498 -3.4214863777160645
H -1.1490000486373901 3.8550000190734863 -4.355000019073486
