N -0.4690000116825104 1.1100000143051147 -0.9929999709129333
C 0.004000000189989805 2.2939999103546143 -1.7079999446868896
C -0.9070000052452087 2.5209999084472656 -2.9010000228881836
O -1.8270000219345093 1.7890000343322754 -3.242000102996826
C 1.475000023841858 2.1500000953674316 -2.127000093460083
C 2.2025928497314453 3.4818615913391113 -2.3706226348876953
C 3.674363374710083 3.2846641540527344 -2.7277326583862305
N 3.814396619796753 2.5009090900421143 -3.9318583011627197
C 5.061793327331543 2.1684200763702393 -4.488373279571533
N 5.1481170654296875 1.4102193117141724 -5.650831699371338
N 6.231559753417969 2.6010665893554688 -3.8721187114715576
O -0.5879999995231628 3.6589999198913574 -3.5739998817443848
H -0.057999998331069946 0.902999997138977 -0.10899999737739563
H -1.0240000486373901 0.4519999921321869 -1.49399995803833
H -0.10300000011920929 3.1519999504089355 -1.034000039100647
H 1.5271515846252441 1.5409709215164185 -3.0383384227752686
H 2.0114827156066895 1.5886954069137573 -1.3506361246109009
H 2.1529955863952637 4.098038196563721 -1.4648869037628174
H 1.7029050588607788 4.042056560516357 -3.1701793670654297
H 4.1446685791015625 4.260525703430176 -2.8906326293945312
H 4.2086358070373535 2.795414924621582 -1.906322956085205
H 2.98362135887146 2.1581642627716064 -4.428962230682373
H 6.051916599273682 1.169815182685852 -6.052161693572998
H 4.3207244873046875 1.0749250650405884 -6.136888027191162
H 6.204108715057373 3.1562349796295166 -3.0207297801971436
H 7.145171165466309 2.371211290359497 -4.25623083114624
H -1.1490000486373901 3.8550000190734863 -4.355000019073486
