N -0.4690000116825104 1.1100000143051147 -0.9929999709129333
C 0.004000000189989805 2.2939999103546143 -1.7079999446868896
C -0.9070000052452087 2.5209999084472656 -2.9010000228881836
O -1.8270000219345093 1.7890000343322754 -3.242000102996826
C 1.475000023841858 2.1500000953674316 -2.127000093460083
C 2.4173738956451416 1.6932405233383179 -1.0018776655197144
C 3.854837417602539 1.510488510131836 -1.4843957424163818
N 4.387378692626953 2.7471320629119873 -2.0048887729644775
C 5.691640853881836 2.8641068935394287 -2.5162339210510254
N 6.1619873046875 4.076839447021484 -3.0078465938568115
N 6.529842376708984 1.753964900970459 -2.5337984561920166
O -0.5879999995231628 3.6589999198913574 -3.5739998817443848
H -0.057999998331069946 0.902999997138977 -0.10899999737739563
H -1.0240000486373901 0.4519999921321869 -1.49399995803833
H -0.10300000011920929 3.1519999504089355 -1.034000039100647
H 1.8278319835662842 3.110952138900757 -2.5222909450531006
H 1.538813829421997 1.4337975978851318 -2.9568190574645996
H 2.070247173309326 0.7341139912605286 -0.5992987155914307
H 2.3961877822875977 2.416250467300415 -0.17749610543251038
H 4.482626438140869 1.185801386833191 -0.6474440097808838
H 3.907492160797119 0.7341679334640503 -2.2551612854003906
H 3.8126649856567383 3.598253011703491 -2.013328790664673
H 7.1062445640563965 4.159784317016602 -3.3782694339752197
H 5.586584091186523 4.914777755737305 -3.0124456882476807
H 6.217216491699219 0.8523151278495789 -2.1829121112823486
H 7.476918697357178 1.8149704933166504 -2.900385618209839
H -1.1490000486373901 3.8550000190734863 -4.355000019073486
