N -0.4690000116825104 1.1100000143051147 -0.9929999709129333
C 0.004000000189989805 2.2939999103546143 -1.7079999446868896
C -0.9070000052452087 2.5209999084472656 -2.9010000228881836
O -1.8270000219345093 1.7890000343322754 -3.242000102996826
C 1.475000023841858 2.1500000953674316 -2.127000093460083
C 1.8281357288360596 0.7955055236816406 -2.762010335922241
C 3.2858481407165527 0.7257196307182312 -3.2122626304626465
N 4.181945323944092 0.915113627910614 -2.096493721008301
C 5.581567287445068 0.8979514241218567 -2.2269554138183594
N 6.406033515930176 1.085422396659851 -1.1229902505874634
N 6.157299041748047 0.6908440589904785 -3.4763333797454834
O -0.5879999995231628 3.6589999198913574 -3.5739998817443848
H -0.057999998331069946 0.902999997138977 -0.10899999737739563
H -1.0240000486373901 0.4519999921321869 -1.49399995803833
H -0.10300000011920929 3.1519999504089355 -1.034000039100647
H 2.1123945713043213 2.311203956604004 -1.2484127283096313
H 1.721413016319275 2.9504902362823486 -2.8370096683502197
H 1.1934988498687744 0.6253037452697754 -3.6399383544921875
H 1.623732566833496 -0.016218775883316994 -2.05340576171875
H 3.4845645427703857 -0.25598904490470886 -3.655872106552124
H 3.489363193511963 1.480308175086975 -3.9795329570770264
H 3.8105850219726562 1.0691053867340088 -1.1514264345169067
H 7.419108867645264 1.0733364820480347 -1.2191505432128906
H 6.030301570892334 1.2371348142623901 -0.1907564401626587
H 5.583554267883301 0.5513128638267517 -4.3040876388549805
H 7.167671203613281 0.6758672595024109 -3.5945920944213867
H -1.1490000486373901 3.8550000190734863 -4.355000019073486
