N -0.4690000116825104 1.1100000143051147 -0.9929999709129333
C 0.004000000189989805 2.2939999103546143 -1.7079999446868896
C -0.9070000052452087 2.5209999084472656 -2.9010000228881836
O -1.8270000219345093 1.7890000343322754 -3.242000102996826
C 1.475000023841858 2.1500000953674316 -2.127000093460083
C 1.9235514402389526 0.7046106457710266 -2.395792245864868
C 3.3749783039093018 0.6227431297302246 -2.863959789276123
N 4.270831108093262 1.1647002696990967 -1.8702143430709839
C 5.665242671966553 1.2139884233474731 -2.0418059825897217
N 6.489661693572998 1.745833396911621 -1.0563600063323975
N 6.235769271850586 0.7251330018043518 -3.2126286029815674
O -0.5879999995231628 3.6589999198913574 -3.5739998817443848
H -0.057999998331069946 0.902999997138977 -0.10899999737739563
H -1.0240000486373901 0.4519999921321869 -1.49399995803833
H -0.10300000011920929 3.1519999504089355 -1.034000039100647
H 2.1114728450775146 2.5834672451019287 -1.3452184200286865
H 1.6464965343475342 2.7493278980255127 -3.0308876037597656
H 1.2905453443527222 0.262863427400589 -3.1746716499328613
H 1.7947909832000732 0.0971200168132782 -1.4918160438537598
H 3.6432957649230957 -0.42454129457473755 -3.0406811237335205
H 3.506425142288208 1.1596866846084595 -3.809443473815918
H 3.903411865234375 1.5365161895751953 -0.9861724972724915
H 7.4989118576049805 1.7813745737075806 -1.1823174953460693
H 6.117862224578857 2.1117444038391113 -0.18393509089946747
H 5.661835670471191 0.3305365741252899 -3.9533867835998535
H 7.2422051429748535 0.7518462538719177 -3.359034776687622
H -1.1490000486373901 3.8550000190734863 -4.355000019073486
