N -0.4690000116825104 1.1100000143051147 -0.9929999709129333
C 0.004000000189989805 2.2939999103546143 -1.7079999446868896
C -0.9070000052452087 2.5209999084472656 -2.9010000228881836
O -1.8270000219345093 1.7890000343322754 -3.242000102996826
C 1.475000023841858 2.1500000953674316 -2.127000093460083
C 1.966792106628418 3.224458694458008 -3.1099941730499268
C 3.4479620456695557 3.0697903633117676 -3.4487216472625732
N 3.708209276199341 1.7880667448043823 -4.05966854095459
C 4.989356517791748 1.3826165199279785 -4.472619533538818
N 5.192691802978516 0.1372419148683548 -5.056850910186768
N 6.0746541023254395 2.2350592613220215 -4.297186374664307
O -0.5879999995231628 3.6589999198913574 -3.5739998817443848
H -0.057999998331069946 0.902999997138977 -0.10899999737739563
H -1.0240000486373901 0.4519999921321869 -1.49399995803833
H -0.10300000011920929 3.1519999504089355 -1.034000039100647
H 1.6215604543685913 1.1593865156173706 -2.5757524967193604
H 2.1041042804718018 2.176487684249878 -1.2274757623672485
H 1.8215065002441406 4.218334197998047 -2.67000150680542
H 1.3739657402038574 3.189577102661133 -4.0320234298706055
H 3.746509075164795 3.8568594455718994 -4.149735927581787
H 4.063142776489258 3.180135488510132 -2.5493314266204834
H 2.942917585372925 1.1211082935333252 -4.215452671051025
H 6.120876312255859 -0.15508943796157837 -5.354726791381836
H 4.429570198059082 -0.5171011090278625 -5.207620620727539
H 5.961018085479736 3.1519663333892822 -3.8726906776428223
H 7.010873317718506 1.9621293544769287 -4.587123394012451
H -1.1490000486373901 3.8550000190734863 -4.355000019073486
