N -0.4690000116825104 1.1100000143051147 -0.9929999709129333
C 0.004000000189989805 2.2939999103546143 -1.7079999446868896
C -0.9070000052452087 2.5209999084472656 -2.9010000228881836
O -1.8270000219345093 1.7890000343322754 -3.242000102996826
C 1.475000023841858 2.1500000953674316 -2.127000093460083
C 2.3548507690429688 3.3661906719207764 -1.7963314056396484
C 3.816964864730835 3.148941993713379 -2.1804516315460205
N 3.9493203163146973 2.9050345420837402 -3.597064256668091
C 5.187130451202393 2.6730217933654785 -4.221765995025635
N 5.2662553787231445 2.4421768188476562 -5.590736389160156
N 6.354521751403809 2.672921895980835 -3.4651262760162354
O -0.5879999995231628 3.6589999198913574 -3.5739998817443848
H -0.057999998331069946 0.902999997138977 -0.10899999737739563
H -1.0240000486373901 0.4519999921321869 -1.49399995803833
H -0.10300000011920929 3.1519999504089355 -1.034000039100647
H 1.520066738128662 1.9576821327209473 -3.2064244747161865
H 1.897573709487915 1.2621694803237915 -1.6383222341537476
H 2.313441276550293 3.566930055618286 -0.7190759778022766
H 1.9701528549194336 4.25779390335083 -2.3060851097106934
H 4.398319721221924 4.041541576385498 -1.9248700141906738
H 4.242158889770508 2.3086280822753906 -1.6213372945785522
H 3.1202497482299805 2.8968329429626465 -4.2031569480896
H 6.163041591644287 2.2737648487091064 -6.041431427001953
H 4.440629482269287 2.435871124267578 -6.183655738830566
H 6.3320488929748535 2.837441921234131 -2.462002754211426
H 7.261066913604736 2.505939483642578 -3.89565372467041
H -1.1490000486373901 3.8550000190734863 -4.355000019073486
