N -0.4690000116825104 1.1100000143051147 -0.9929999709129333
C 0.004000000189989805 2.2939999103546143 -1.7079999446868896
C -0.9070000052452087 2.5209999084472656 -2.9010000228881836
O -1.8270000219345093 1.7890000343322754 -3.242000102996826
C 1.475000023841858 2.1500000953674316 -2.127000093460083
C 2.2643227577209473 1.0961076021194458 -1.3339812755584717
C 3.702414035797119 0.9522656798362732 -1.8276671171188354
N 4.4196977615356445 2.1987624168395996 -1.7029647827148438
C 5.76448917388916 2.3497986793518066 -2.0837268829345703
N 6.41507625579834 3.5709657669067383 -1.9454621076583862
N 6.461026191711426 1.2654567956924438 -2.607506275177002
O -0.5879999995231628 3.6589999198913574 -3.5739998817443848
H -0.057999998331069946 0.902999997138977 -0.10899999737739563
H -1.0240000486373901 0.4519999921321869 -1.49399995803833
H -0.10300000011920929 3.1519999504089355 -1.034000039100647
H 1.9713079929351807 3.123133659362793 -2.022770643234253
H 1.5163872241973877 1.896201491355896 -3.194469451904297
H 1.7733114957809448 0.12039442360401154 -1.430842638015747
H 2.266367197036743 1.3522582054138184 -0.2675948739051819
H 4.218940734863281 0.1920163631439209 -1.2316380739212036
H 3.7208688259124756 0.6201975345611572 -2.87117862701416
H 3.954599618911743 3.0304572582244873 -1.3198964595794678
H 7.388482093811035 3.6788885593414307 -2.2221343517303467
H 5.94740104675293 4.389444828033447 -1.5651689767837524
H 6.015150547027588 0.3589576184749603 -2.722757339477539
H 7.434268474578857 1.3519937992095947 -2.8910069465637207
H -1.1490000486373901 3.8550000190734863 -4.355000019073486
