N -0.4690000116825104 1.1100000143051147 -0.9929999709129333
C 0.004000000189989805 2.2939999103546143 -1.7079999446868896
C -0.9070000052452087 2.5209999084472656 -2.9010000228881836
O -1.8270000219345093 1.7890000343322754 -3.242000102996826
C 1.475000023841858 2.1500000953674316 -2.127000093460083
C 2.1228432655334473 0.8128665685653687 -1.7333358526229858
C 3.5649349689483643 0.6979278922080994 -2.2229104042053223
N 4.3863067626953125 1.745397925376892 -1.6643807888031006
C 5.756926536560059 1.8770420551300049 -1.9478038549423218
N 6.5089545249938965 2.9031357765197754 -1.3863638639450073
N 6.376774787902832 0.9706979393959045 -2.801990032196045
O -0.5879999995231628 3.6589999198913574 -3.5739998817443848
H -0.057999998331069946 0.902999997138977 -0.10899999737739563
H -1.0240000486373901 0.4519999921321869 -1.49399995803833
H -0.10300000011920929 3.1519999504089355 -1.034000039100647
H 2.0525708198547363 2.9720098972320557 -1.685541033744812
H 1.5472381114959717 2.273098945617676 -3.2156901359558105
H 1.549928069114685 -0.014618211425840855 -2.1686832904815674
H 2.0940678119659424 0.6878306269645691 -0.6441457271575928
H 3.978473424911499 -0.2693445682525635 -1.917297124862671
H 3.605963706970215 0.7421080470085144 -3.3164782524108887
H 3.9805984497070312 2.439772605895996 -1.0256175994873047
H 7.500980854034424 2.9974772930145264 -1.5929970741271973
H 6.099611282348633 3.586379289627075 -0.7548046112060547
H 5.856034755706787 0.2094687819480896 -3.2299959659576416
H 7.36702299118042 1.047410249710083 -3.022409200668335
H -1.1490000486373901 3.8550000190734863 -4.355000019073486
