N -0.4690000116825104 1.1100000143051147 -0.9929999709129333
C 0.004000000189989805 2.2939999103546143 -1.7079999446868896
C -0.9070000052452087 2.5209999084472656 -2.9010000228881836
O -1.8270000219345093 1.7890000343322754 -3.242000102996826
C 1.475000023841858 2.1500000953674316 -2.127000093460083
C 2.4346237182617188 3.1317429542541504 -1.4356954097747803
C 3.8894660472869873 2.9085588455200195 -1.8433046340942383
N 4.060936450958252 3.0821330547332764 -3.266073226928711
C 5.301252365112305 2.9356749057769775 -3.911381959915161
N 5.418763160705566 3.112360715866089 -5.285646438598633
N 6.432295799255371 2.6091299057006836 -3.1701571941375732
O -0.5879999995231628 3.6589999198913574 -3.5739998817443848
H -0.057999998331069946 0.902999997138977 -0.10899999737739563
H -1.0240000486373901 0.4519999921321869 -1.49399995803833
H -0.10300000011920929 3.1519999504089355 -1.034000039100647
H 1.5495818853378296 2.281053304672241 -3.2139391899108887
H 1.8045258522033691 1.1237881183624268 -1.9174306392669678
H 2.364447593688965 3.0090172290802 -0.3482653796672821
H 2.144000768661499 4.164395332336426 -1.6636520624160767
H 4.529092788696289 3.6310009956359863 -1.3246674537658691
H 4.222456932067871 1.9065728187561035 -1.5523282289505005
H 3.259888172149658 3.326422691345215 -3.860562562942505
H 6.317259788513184 3.0053889751434326 -5.7514519691467285
H 4.620747089385986 3.3542673587799072 -5.866940021514893
H 6.381180763244629 2.472104787826538 -2.1639564037323
H 7.339784145355225 2.496710777282715 -3.616126537322998
H -1.1490000486373901 3.8550000190734863 -4.355000019073486
