N -0.4690000116825104 1.1100000143051147 -0.9929999709129333
C 0.004000000189989805 2.2939999103546143 -1.7079999446868896
C -0.9070000052452087 2.5209999084472656 -2.9010000228881836
O -1.8270000219345093 1.7890000343322754 -3.242000102996826
C 1.475000023841858 2.1500000953674316 -2.127000093460083
C 1.7200406789779663 2.2493672370910645 -3.641159772872925
C 3.2020654678344727 2.1577558517456055 -3.9985570907592773
N 3.7632298469543457 0.9015098214149475 -3.5618181228637695
C 5.110256195068359 0.5533186793327332 -3.7631640434265137
N 5.607180595397949 -0.6691082119941711 -3.324566602706909
N 5.964658737182617 1.4402525424957275 -4.410195827484131
O -0.5879999995231628 3.6589999198913574 -3.5739998817443848
H -0.057999998331069946 0.902999997138977 -0.10899999737739563
H -1.0240000486373901 0.4519999921321869 -1.49399995803833
H -0.10300000011920929 3.1519999504089355 -1.034000039100647
H 1.8552416563034058 1.1865092515945435 -1.7646801471710205
H 2.065570592880249 2.9243111610412598 -1.6197656393051147
H 1.3404273986816406 3.208963632583618 -4.012049198150635
H 1.1670773029327393 1.459486722946167 -4.163766384124756
H 3.3212392330169678 2.233590602874756 -5.084870338439941
H 3.759610891342163 2.985917091369629 -3.548204183578491
H 3.1765949726104736 0.20873337984085083 -3.081511974334717
H 6.582743167877197 -0.9194801449775696 -3.4705302715301514
H 5.0196404457092285 -1.3494205474853516 -2.8499903678894043
H 5.633969306945801 2.342439889907837 -4.742658615112305
H 6.943393707275391 1.2100253105163574 -4.565547466278076
H -1.1490000486373901 3.8550000190734863 -4.355000019073486
