N -0.4690000116825104 1.1100000143051147 -0.9929999709129333
C 0.004000000189989805 2.2939999103546143 -1.7079999446868896
C -0.9070000052452087 2.5209999084472656 -2.9010000228881836
O -1.8270000219345093 1.7890000343322754 -3.242000102996826
C 1.475000023841858 2.1500000953674316 -2.127000093460083
C 2.171510934829712 0.889857828617096 -1.5889363288879395
C 3.611966371536255 0.765514075756073 -2.0810229778289795
N 4.402605056762695 1.8972785472869873 -1.6593595743179321
C 5.765225410461426 2.0394632816314697 -1.9744887351989746
N 6.487315654754639 3.1480910778045654 -1.5465174913406372
N 6.4073262214660645 1.0601648092269897 -2.7254791259765625
O -0.5879999995231628 3.6589999198913574 -3.5739998817443848
H -0.057999998331069946 0.902999997138977 -0.10899999737739563
H -1.0240000486373901 0.4519999921321869 -1.49399995803833
H -0.10300000011920929 3.1519999504089355 -1.034000039100647
H 2.0285239219665527 3.036346197128296 -1.7920734882354736
H 1.5327022075653076 2.147294282913208 -3.2234857082366943
H 1.6228830814361572 -0.0010568968718871474 -1.9172179698944092
H 2.1573147773742676 0.89211505651474 -0.49230945110321045
H 4.06094217300415 -0.14542248845100403 -1.6703593730926514
H 3.641108274459839 0.6828858852386475 -3.172741413116455
H 3.979656934738159 2.6479690074920654 -1.1004743576049805
H 7.473569869995117 3.2498936653137207 -1.7759790420532227
H 6.061044216156006 3.886772394180298 -0.9934411644935608
H 5.908664703369141 0.23757360875606537 -3.0548858642578125
H 7.392271041870117 1.1427991390228271 -2.9665539264678955
H -1.1490000486373901 3.8550000190734863 -4.355000019073486
