N -0.4690000116825104 1.1100000143051147 -0.9929999709129333
C 0.004000000189989805 2.2939999103546143 -1.7079999446868896
C -0.9070000052452087 2.5209999084472656 -2.9010000228881836
O -1.8270000219345093 1.7890000343322754 -3.242000102996826
C 1.475000023841858 2.1500000953674316 -2.127000093460083
C 2.396064519882202 1.5784556865692139 -1.037240743637085
C 3.8332126140594482 1.401953101158142 -1.5230134725570679
N 4.399328231811523 2.6644773483276367 -1.9345303773880005
C 5.710603713989258 2.7921857833862305 -2.4249424934387207
N 6.213719844818115 4.0299811363220215 -2.8101248741149902
N 6.522691249847412 1.667484164237976 -2.5291826725006104
O -0.5879999995231628 3.6589999198913574 -3.5739998817443848
H -0.057999998331069946 0.902999997138977 -0.10899999737739563
H -1.0240000486373901 0.4519999921321869 -1.49399995803833
H -0.10300000011920929 3.1519999504089355 -1.034000039100647
H 1.8538566827774048 3.1317696571350098 -2.438079357147217
H 1.5296173095703125 1.5041301250457764 -3.0132768154144287
H 2.0228872299194336 0.5977597832679749 -0.7187055349349976
H 2.384270668029785 2.2305328845977783 -0.155507430434227
H 4.445527076721191 0.9935887455940247 -0.7116324305534363
H 3.874725103378296 0.6915385127067566 -2.3555479049682617
H 3.8448147773742676 3.526948928833008 -1.8759534358978271
H 7.163015365600586 4.12072229385376 -3.1655373573303223
H 5.658173084259033 4.879016876220703 -2.7488269805908203
H 6.185824394226074 0.747525155544281 -2.257108449935913
H 7.47425651550293 1.73598051071167 -2.8825857639312744
H -1.1490000486373901 3.8550000190734863 -4.355000019073486
