N -0.4690000116825104 1.1100000143051147 -0.9929999709129333
C 0.004000000189989805 2.2939999103546143 -1.7079999446868896
C -0.9070000052452087 2.5209999084472656 -2.9010000228881836
O -1.8270000219345093 1.7890000343322754 -3.242000102996826
C 1.475000023841858 2.1500000953674316 -2.127000093460083
C 2.280319929122925 3.458691358566284 -2.0897793769836426
C 3.747617483139038 3.250314474105835 -2.4587507247924805
N 3.874828338623047 2.714362621307373 -3.7930572032928467
C 5.115777492523193 2.4263737201690674 -4.3875017166137695
N 5.189724922180176 1.910301923751831 -5.676621913909912
N 6.291575908660889 2.658684253692627 -3.6812188625335693
O -0.5879999995231628 3.6589999198913574 -3.5739998817443848
H -0.057999998331069946 0.902999997138977 -0.10899999737739563
H -1.0240000486373901 0.4519999921321869 -1.49399995803833
H -0.10300000011920929 3.1519999504089355 -1.034000039100647
H 1.5166771411895752 1.7320213317871094 -3.140770673751831
H 1.9602190256118774 1.4152566194534302 -1.4710029363632202
H 2.241725206375122 3.88462495803833 -1.0800361633300781
H 1.832352638244629 4.194794654846191 -2.768214702606201
H 4.274594783782959 4.209786415100098 -2.4170567989349365
H 4.233440399169922 2.5772531032562256 -1.7442647218704224
H 3.0393242835998535 2.52646541595459 -4.359979629516602
H 6.088833332061768 1.701753854751587 -6.105371952056885
H 4.357727527618408 1.727302074432373 -6.231186389923096
H 6.273116111755371 3.034420967102051 -2.7365972995758057
H 7.200621604919434 2.456462860107422 -4.090857982635498
H -1.1490000486373901 3.8550000190734863 -4.355000019073486
