N -0.4690000116825104 1.1100000143051147 -0.9929999709129333
C 0.004000000189989805 2.2939999103546143 -1.7079999446868896
C -0.9070000052452087 2.5209999084472656 -2.9010000228881836
O -1.8270000219345093 1.7890000343322754 -3.242000102996826
C 1.475000023841858 2.1500000953674316 -2.127000093460083
C 2.091663122177124 3.4183497428894043 -2.7382400035858154
C 3.5685882568359375 3.2396459579467773 -3.083609104156494
N 3.750886917114258 2.1770331859588623 -4.043516635894775
C 5.011667728424072 1.7993195056915283 -4.537500858306885
N 5.139074325561523 0.7684674263000488 -5.46202278137207
N 6.153323173522949 2.4624812602996826 -4.099157810211182
O -0.5879999995231628 3.6589999198913574 -3.5739998817443848
H -0.057999998331069946 0.902999997138977 -0.10899999737739563
H -1.0240000486373901 0.4519999921321869 -1.49399995803833
H -0.10300000011920929 3.1519999504089355 -1.034000039100647
H 1.560559630393982 1.326667308807373 -2.847400426864624
H 2.0661070346832275 1.854385495185852 -1.2501749992370605
H 2.0079994201660156 4.247254371643066 -2.025212526321411
H 1.5369551181793213 3.7093911170959473 -3.6384570598602295
H 3.9580624103546143 4.168602466583252 -3.5141658782958984
H 4.152533054351807 3.025094985961914 -2.182220220565796
H 2.941931962966919 1.6561917066574097 -4.402807235717773
H 6.052562236785889 0.4957779049873352 -5.818245887756348
H 4.3330793380737305 0.25795963406562805 -5.812742710113525
H 6.095678329467773 3.2199108600616455 -3.423283576965332
H 7.0760321617126465 2.205200433731079 -4.441906452178955
H -1.1490000486373901 3.8550000190734863 -4.355000019073486
