N -0.4690000116825104 1.1100000143051147 -0.9929999709129333
C 0.004000000189989805 2.2939999103546143 -1.7079999446868896
C -0.9070000052452087 2.5209999084472656 -2.9010000228881836
O -1.8270000219345093 1.7890000343322754 -3.242000102996826
C 1.475000023841858 2.1500000953674316 -2.127000093460083
C 2.1577041149139404 0.8659790754318237 -1.6292015314102173
C 3.598598003387451 0.7443569898605347 -2.120684862136841
N 4.398460865020752 1.8537852764129639 -1.6589611768722534
C 5.763438701629639 1.9933652877807617 -1.9649183750152588
N 6.494515895843506 3.0801162719726562 -1.4978772401809692
N 6.398815155029297 1.033595085144043 -2.7462270259857178
O -0.5879999995231628 3.6589999198913574 -3.5739998817443848
H -0.057999998331069946 0.902999997138977 -0.10899999737739563
H -1.0240000486373901 0.4519999921321869 -1.49399995803833
H -0.10300000011920929 3.1519999504089355 -1.034000039100647
H 2.0357351303100586 3.0193252563476562 -1.7609071731567383
H 1.5364350080490112 2.1833672523498535 -3.2227783203125
H 1.6017988920211792 -0.008180693723261356 -1.9887906312942505
H 2.139768362045288 0.8317422866821289 -0.5331616401672363
H 4.0375213623046875 -0.18404421210289001 -1.7393101453781128
H 3.6307013034820557 0.6979643106460571 -3.2144594192504883
H 3.9807214736938477 2.5894038677215576 -1.0766100883483887
H 7.482470989227295 3.1800801753997803 -1.7207366228103638
H 6.073359966278076 3.8039591312408447 -0.921743631362915
H 5.893524169921875 0.22727690637111664 -3.104501247406006
H 7.385319232940674 1.1148027181625366 -2.9813380241394043
H -1.1490000486373901 3.8550000190734863 -4.355000019073486
