N -0.4690000116825104 1.1100000143051147 -0.9929999709129333
C 0.004000000189989805 2.2939999103546143 -1.7079999446868896
C -0.9070000052452087 2.5209999084472656 -2.9010000228881836
O -1.8270000219345093 1.7890000343322754 -3.242000102996826
C 1.475000023841858 2.1500000953674316 -2.127000093460083
C 1.739714503288269 2.393057346343994 -3.6214723587036133
C 3.22251033782959 2.294684648513794 -3.973839282989502
N 3.743318796157837 0.9853351712226868 -3.660529613494873
C 5.0822367668151855 0.6200941801071167 -3.884481906890869
N 5.539761066436768 -0.6539425849914551 -3.5664708614349365
N 5.968364715576172 1.5421029329299927 -4.432188987731934
O -0.5879999995231628 3.6589999198913574 -3.5739998817443848
H -0.057999998331069946 0.902999997138977 -0.10899999737739563
H -1.0240000486373901 0.4519999921321869 -1.49399995803833
H -0.10300000011920929 3.1519999504089355 -1.034000039100647
H 1.8240058422088623 1.144500970840454 -1.8599038124084473
H 2.0813000202178955 2.852283000946045 -1.5397891998291016
H 1.3913240432739258 3.395521402359009 -3.897480010986328
H 1.1707409620285034 1.6757351160049438 -4.225223064422607
H 3.355952262878418 2.4752254486083984 -5.046046257019043
H 3.797947883605957 3.057168483734131 -3.4381003379821777
H 3.132148265838623 0.2653280198574066 -3.257002353668213
H 6.509503364562988 -0.9166581630706787 -3.728626012802124
H 4.928099155426025 -1.3609544038772583 -3.167402982711792
H 5.666835784912109 2.482210159301758 -4.675309181213379
H 6.941947937011719 1.3002688884735107 -4.6016387939453125
H -1.1490000486373901 3.8550000190734863 -4.355000019073486
