N -0.4690000116825104 1.1100000143051147 -0.9929999709129333
C 0.004000000189989805 2.2939999103546143 -1.7079999446868896
C -0.9070000052452087 2.5209999084472656 -2.9010000228881836
O -1.8270000219345093 1.7890000343322754 -3.242000102996826
C 1.475000023841858 2.1500000953674316 -2.127000093460083
C 2.222639322280884 3.4817771911621094 -2.300215244293213
C 3.693331241607666 3.281541585922241 -2.6600680351257324
N 3.8285956382751465 2.5571343898773193 -3.9013328552246094
C 5.0740742683410645 2.2350070476531982 -4.468142509460449
N 5.155777454376221 1.534806251525879 -5.666755199432373
N 6.246585845947266 2.6193642616271973 -3.8256537914276123
O -0.5879999995231628 3.6589999198913574 -3.5739998817443848
H -0.057999998331069946 0.902999997138977 -0.10899999737739563
H -1.0240000486373901 0.4519999921321869 -1.49399995803833
H -0.10300000011920929 3.1519999504089355 -1.034000039100647
H 1.5233240127563477 1.5866847038269043 -3.067486524581909
H 1.9993921518325806 1.542855978012085 -1.3773291110992432
H 2.177000045776367 4.052474021911621 -1.3649545907974243
H 1.7351442575454712 4.088444709777832 -3.0729379653930664
H 4.178249359130859 4.257464408874512 -2.771685838699341
H 4.216296195983887 2.744131088256836 -1.8618053197860718
H 2.9956812858581543 2.251709461212158 -4.418771743774414
H 6.058184623718262 1.301814079284668 -6.075521469116211
H 4.326292991638184 1.2362197637557983 -6.17277193069458
H 6.222512722015381 3.1315386295318604 -2.947629451751709
H 7.158862590789795 2.3959033489227295 -4.216650485992432
H -1.1490000486373901 3.8550000190734863 -4.355000019073486
