N -0.4690000116825104 1.1100000143051147 -0.9929999709129333
C 0.004000000189989805 2.2939999103546143 -1.7079999446868896
C -0.9070000052452087 2.5209999084472656 -2.9010000228881836
O -1.8270000219345093 1.7890000343322754 -3.242000102996826
C 1.475000023841858 2.1500000953674316 -2.127000093460083
C 2.431028366088867 3.1477043628692627 -1.4538028240203857
C 3.8862671852111816 2.9246459007263184 -1.8600635528564453
N 4.054636001586914 3.0752265453338623 -3.2858188152313232
C 5.294605255126953 2.923891305923462 -3.9306681156158447
N 5.4090776443481445 3.0781376361846924 -5.307887554168701
N 6.4283766746521 2.6151530742645264 -3.1859874725341797
O -0.5879999995231628 3.6589999198913574 -3.5739998817443848
H -0.057999998331069946 0.902999997138977 -0.10899999737739563
H -1.0240000486373901 0.4519999921321869 -1.49399995803833
H -0.10300000011920929 3.1519999504089355 -1.034000039100647
H 1.5472204685211182 2.2632195949554443 -3.2161004543304443
H 1.8097549676895142 1.1290099620819092 -1.9008674621582031
H 2.3631746768951416 3.0428402423858643 -0.364358127117157
H 2.1351158618927 4.175011157989502 -1.6984928846359253
H 4.5232648849487305 3.6586837768554688 -1.3546411991119385
H 4.224501609802246 1.9292552471160889 -1.5529460906982422
H 3.2514827251434326 3.3057403564453125 -3.8829636573791504
H 6.307330131530762 2.967660427093506 -5.773345947265625
H 4.608989238739014 3.306504011154175 -5.891803741455078
H 6.379522323608398 2.4947245121002197 -2.177553653717041
H 7.3356781005859375 2.4996039867401123 -3.6315362453460693
H -1.1490000486373901 3.8550000190734863 -4.355000019073486
