N -0.4690000116825104 1.1100000143051147 -0.9929999709129333
C 0.004000000189989805 2.2939999103546143 -1.7079999446868896
C -0.9070000052452087 2.5209999084472656 -2.9010000228881836
O -1.8270000219345093 1.7890000343322754 -3.242000102996826
C 1.475000023841858 2.1500000953674316 -2.127000093460083
C 1.8561272621154785 0.7558331489562988 -2.6501052379608154
C 3.3118302822113037 0.682844877243042 -3.106311798095703
N 4.21108341217041 0.9857416749000549 -2.0184707641601562
C 5.609739780426025 0.990536093711853 -2.159867286682129
N 6.437346458435059 1.2888526916503906 -1.0829720497131348
N 6.181318283081055 0.6933133602142334 -3.3928568363189697
O -0.5879999995231628 3.6589999198913574 -3.5739998817443848
H -0.057999998331069946 0.902999997138977 -0.10899999737739563
H -1.0240000486373901 0.4519999921321869 -1.49399995803833
H -0.10300000011920929 3.1519999504089355 -1.034000039100647
H 2.114610195159912 2.398935556411743 -1.2707850933074951
H 1.6969387531280518 2.893923044204712 -2.903491973876953
H 1.219495415687561 0.49805355072021484 -3.5049383640289307
H 1.6764458417892456 0.0015853827353566885 -1.8744620084762573
H 3.5309717655181885 -0.3275686800479889 -3.468348979949951
H 3.4915802478790283 1.375249981880188 -3.935643434524536
H 3.8429088592529297 1.2094122171401978 -1.0861655473709106
H 7.449702739715576 1.2925136089324951 -1.1870691776275635
H 6.064764976501465 1.509077787399292 -0.16322501003742218
H 5.605179786682129 0.47170740365982056 -4.200807094573975
H 7.190883159637451 0.6921846866607666 -3.5187087059020996
H -1.1490000486373901 3.8550000190734863 -4.355000019073486
