N -0.4690000116825104 1.1100000143051147 -0.9929999709129333
C 0.004000000189989805 2.2939999103546143 -1.7079999446868896
C -0.9070000052452087 2.5209999084472656 -2.9010000228881836
O -1.8270000219345093 1.7890000343322754 -3.242000102996826
C 1.475000023841858 2.1500000953674316 -2.127000093460083
C 1.8335835933685303 0.7867720127105713 -2.7398829460144043
C 3.2908921241760254 0.7163894772529602 -3.1913485527038574
N 4.187854290008545 0.9286578297615051 -2.0804026126861572
C 5.587332248687744 0.9159605503082275 -2.212904453277588
N 6.412655353546143 1.1257688999176025 -1.113608479499817
N 6.162051200866699 0.6907339692115784 -3.459610939025879
O -0.5879999995231628 3.6589999198913574 -3.5739998817443848
H -0.057999998331069946 0.902999997138977 -0.10899999737739563
H -1.0240000486373901 0.4519999921321869 -1.49399995803833
H -0.10300000011920929 3.1519999504089355 -1.034000039100647
H 2.1130192279815674 2.328890323638916 -1.2522978782653809
H 1.7164554595947266 2.939671277999878 -2.850696325302124
H 1.1983659267425537 0.5989094376564026 -3.6137802600860596
H 1.6341887712478638 -0.01395571418106556 -2.017474412918091
H 3.493584156036377 -0.27164262533187866 -3.6188271045684814
H 3.4895777702331543 1.459005355834961 -3.971458673477173
H 3.817272186279297 1.0966603755950928 -1.1374189853668213
H 7.42562198638916 1.116885781288147 -1.211250901222229
H 6.037692070007324 1.2912571430206299 -0.18341124057769775
H 5.587658882141113 0.5346649885177612 -4.2839555740356445
H 7.172293663024902 0.67857825756073 -3.5792958736419678
H -1.1490000486373901 3.8550000190734863 -4.355000019073486
