N -0.4690000116825104 1.1100000143051147 -0.9929999709129333
C 0.004000000189989805 2.2939999103546143 -1.7079999446868896
C -0.9070000052452087 2.5209999084472656 -2.9010000228881836
O -1.8270000219345093 1.7890000343322754 -3.242000102996826
C 1.475000023841858 2.1500000953674316 -2.127000093460083
C 2.463186502456665 2.027836799621582 -0.9560338258743286
C 3.9024453163146973 1.8293406963348389 -1.426837682723999
N 4.3410139083862305 2.9423274993896484 -2.2347476482391357
C 5.626394748687744 3.0196001529693604 -2.798734188079834
N 6.004994869232178 4.112154006958008 -3.5711445808410645
N 6.538471698760986 1.9911333322525024 -2.5850114822387695
O -0.5879999995231628 3.6589999198913574 -3.5739998817443848
H -0.057999998331069946 0.902999997138977 -0.10899999737739563
H -1.0240000486373901 0.4519999921321869 -1.49399995803833
H -0.10300000011920929 3.1519999504089355 -1.034000039100647
H 1.7550963163375854 3.013131618499756 -2.744028329849243
H 1.5754414796829224 1.26607346534729 -2.7705860137939453
H 2.188764810562134 1.1685320138931274 -0.33251285552978516
H 2.4047188758850098 2.9198057651519775 -0.3206048011779785
H 4.5634589195251465 1.7484716176986694 -0.557038426399231
H 3.9967634677886963 0.9000836610794067 -1.9987740516662598
H 3.709167003631592 3.73003888130188 -2.4219748973846436
H 6.935698509216309 4.166355609893799 -3.9792702198028564
H 5.373422145843506 4.887920379638672 -3.7515718936920166
H 6.29374885559082 1.1777839660644531 -2.0260822772979736
H 7.4735517501831055 2.025111436843872 -2.9844272136688232
H -1.1490000486373901 3.8550000190734863 -4.355000019073486
