N -0.4690000116825104 1.1100000143051147 -0.9929999709129333
C 0.004000000189989805 2.2939999103546143 -1.7079999446868896
C -0.9070000052452087 2.5209999084472656 -2.9010000228881836
O -1.8270000219345093 1.7890000343322754 -3.242000102996826
C 1.475000023841858 2.1500000953674316 -2.127000093460083
C 2.3915140628814697 1.5559386014938354 -1.0454775094985962
C 3.828620195388794 1.3807181119918823 -1.531838059425354
N 4.4014105796813965 2.6472244262695312 -1.921290636062622
C 5.714097023010254 2.7768473625183105 -2.4074060916900635
N 6.223727226257324 4.018489837646484 -2.7710416316986084
N 6.5210113525390625 1.6501805782318115 -2.529134511947632
O -0.5879999995231628 3.6589999198913574 -3.5739998817443848
H -0.057999998331069946 0.902999997138977 -0.10899999737739563
H -1.0240000486373901 0.4519999921321869 -1.49399995803833
H -0.10300000011920929 3.1519999504089355 -1.034000039100647
H 1.8590329885482788 3.135010004043579 -2.421020746231079
H 1.5280362367630005 1.5187739133834839 -3.023860216140747
H 2.013153314590454 0.5718503594398499 -0.7439749240875244
H 2.381337881088257 2.1932425498962402 -0.152988001704216
H 4.437629222869873 0.9559367299079895 -0.7264198660850525
H 3.8681552410125732 0.6841216683387756 -2.376063346862793
H 3.8508994579315186 3.5112342834472656 -1.8491910696029663
H 7.174036979675293 4.110623359680176 -3.1233720779418945
H 5.672114372253418 4.869024753570557 -2.6964476108551025
H 6.179326057434082 0.7274229526519775 -2.273013114929199
H 7.47348165512085 1.7200285196304321 -2.879823923110962
H -1.1490000486373901 3.8550000190734863 -4.355000019073486
