N -0.4690000116825104 1.1100000143051147 -0.9929999709129333
C 0.004000000189989805 2.2939999103546143 -1.7079999446868896
C -0.9070000052452087 2.5209999084472656 -2.9010000228881836
O -1.8270000219345093 1.7890000343322754 -3.242000102996826
C 1.475000023841858 2.1500000953674316 -2.127000093460083
C 1.6876331567764282 1.8619955778121948 -3.6218039989471436
C 3.1664702892303467 1.7854825258255005 -3.9955813884735107
N 3.83150053024292 0.7334086298942566 -3.2643661499023438
C 5.1984076499938965 0.44182923436164856 -3.415369987487793
N 5.796773910522461 -0.5818378925323486 -2.6889455318450928
N 5.970125675201416 1.1845580339431763 -4.303126335144043
O -0.5879999995231628 3.6589999198913574 -3.5739998817443848
H -0.057999998331069946 0.902999997138977 -0.10899999737739563
H -1.0240000486373901 0.4519999921321869 -1.49399995803833
H -0.10300000011920929 3.1519999504089355 -1.034000039100647
H 1.9354941844940186 1.3467531204223633 -1.5380064249038696
H 2.0107390880584717 3.0712976455688477 -1.8627800941467285
H 1.22793710231781 2.6592724323272705 -4.2180585861206055
H 1.1903630495071411 0.9243505001068115 -3.8981032371520996
H 3.262218952178955 1.5791682004928589 -5.067167282104492
H 3.664160966873169 2.74112606048584 -3.7991750240325928
H 3.308795213699341 0.15241259336471558 -2.5980353355407715
H 6.786591529846191 -0.7913163900375366 -2.7989180088043213
H 5.272096157073975 -1.1524313688278198 -2.031383991241455
H 5.5643157958984375 1.9403181076049805 -4.848995685577393
H 6.961373805999756 0.9921911358833313 -4.427560806274414
H -1.1490000486373901 3.8550000190734863 -4.355000019073486
