N -0.4690000116825104 1.1100000143051147 -0.9929999709129333
C 0.004000000189989805 2.2939999103546143 -1.7079999446868896
C -0.9070000052452087 2.5209999084472656 -2.9010000228881836
O -1.8270000219345093 1.7890000343322754 -3.242000102996826
C 1.475000023841858 2.1500000953674316 -2.127000093460083
C 2.3894948959350586 3.288848400115967 -1.6481242179870605
C 3.8487625122070312 3.0683786869049072 -2.041130542755127
N 3.9920318126678467 2.9868221282958984 -3.4752237796783447
C 5.229870319366455 2.7873308658599854 -4.111003398895264
N 5.319730281829834 2.714994430541992 -5.49675989151001
N 6.386418342590332 2.659499168395996 -3.3485324382781982
O -0.5879999995231628 3.6589999198913574 -3.5739998817443848
H -0.057999998331069946 0.902999997138977 -0.10899999737739563
H -1.0240000486373901 0.4519999921321869 -1.49399995803833
H -0.10300000011920929 3.1519999504089355 -1.034000039100647
H 1.5282068252563477 2.0833287239074707 -3.2210283279418945
H 1.861862063407898 1.1974694728851318 -1.7414605617523193
H 2.3402464389801025 3.3640077114105225 -0.5552307963371277
H 2.0408897399902344 4.246294975280762 -2.0537943840026855
H 4.455410957336426 3.904895782470703 -1.6774744987487793
H 4.23884916305542 2.1547188758850098 -1.5800620317459106
H 3.171311378479004 3.0774028301239014 -4.0859503746032715
H 6.216501235961914 2.569925308227539 -5.955531597137451
H 4.502338409423828 2.8058056831359863 -6.094149589538574
H 6.3559064865112305 2.7067010402679443 -2.333313465118408
H 7.292718887329102 2.5131688117980957 -3.787015914916992
H -1.1490000486373901 3.8550000190734863 -4.355000019073486
