N -0.4690000116825104 1.1100000143051147 -0.9929999709129333
C 0.004000000189989805 2.2939999103546143 -1.7079999446868896
C -0.9070000052452087 2.5209999084472656 -2.9010000228881836
O -1.8270000219345093 1.7890000343322754 -3.242000102996826
C 1.475000023841858 2.1500000953674316 -2.127000093460083
C 2.143810272216797 0.8435918092727661 -1.6702852249145508
C 3.5851662158966064 0.7246654033660889 -2.1610732078552246
N 4.393904209136963 1.8103445768356323 -1.6600298881530762
C 5.76118278503418 1.9469926357269287 -1.9569001197814941
N 6.500905990600586 3.010488986968994 -1.4515146017074585
N 6.390124797821045 1.007815957069397 -2.767878293991089
O -0.5879999995231628 3.6589999198913574 -3.5739998817443848
H -0.057999998331069946 0.902999997138977 -0.10899999737739563
H -1.0240000486373901 0.4519999921321869 -1.49399995803833
H -0.10300000011920929 3.1519999504089355 -1.034000039100647
H 2.042678117752075 3.001204490661621 -1.7303050756454468
H 1.5405066013336182 2.2193591594696045 -3.220853805541992
H 1.580893874168396 -0.012707741931080818 -2.060626745223999
H 2.1217916011810303 0.7729384303092957 -0.5760638117790222
H 4.013973236083984 -0.22011537849903107 -1.8095861673355103
H 3.6205809116363525 0.7145267128944397 -3.2556822299957275
H 3.981149673461914 2.530066967010498 -1.0547139644622803
H 7.490521430969238 3.1083786487579346 -1.6678316593170166
H 6.084644794464111 3.7186830043792725 -0.8528168797492981
H 5.878457546234131 0.21878857910633087 -3.15447998046875
H 7.378153324127197 1.0873836278915405 -2.9970715045928955
H -1.1490000486373901 3.8550000190734863 -4.355000019073486
