N -0.4690000116825104 1.1100000143051147 -0.9929999709129333
C 0.004000000189989805 2.2939999103546143 -1.7079999446868896
C -0.9070000052452087 2.5209999084472656 -2.9010000228881836
O -1.8270000219345093 1.7890000343322754 -3.242000102996826
C 1.475000023841858 2.1500000953674316 -2.127000093460083
C 2.48775053024292 2.643801212310791 -1.0814878940582275
C 3.933527708053589 2.425386905670166 -1.5225621461868286
N 4.213381767272949 3.133967399597168 -2.748692512512207
C 5.469734191894531 3.1073036193847656 -3.3788697719573975
N 5.693273544311523 3.80586838722229 -4.560253143310547
N 6.509572982788086 2.373034954071045 -2.817718267440796
O -0.5879999995231628 3.6589999198913574 -3.5739998817443848
H -0.057999998331069946 0.902999997138977 -0.10899999737739563
H -1.0240000486373901 0.4519999921321869 -1.49399995803833
H -0.10300000011920929 3.1519999504089355 -1.034000039100647
H 1.6326565742492676 2.6968982219696045 -3.0652010440826416
H 1.6788727045059204 1.094035267829895 -2.3483409881591797
H 2.3353235721588135 2.103714942932129 -0.13938209414482117
H 2.3243441581726074 3.708193778991699 -0.8737287521362305
H 4.612131595611572 2.793001651763916 -0.7451399564743042
H 4.138210296630859 1.3582223653793335 -1.659642219543457
H 3.482774496078491 3.6937813758850098 -3.2043187618255615
H 6.603187561035156 3.7850894927978516 -5.015598297119141
H 4.964574813842773 4.357837677001953 -5.004752159118652
H 6.379735946655273 1.8502957820892334 -1.9553290605545044
H 7.426555156707764 2.3382229804992676 -3.257028102874756
H -1.1490000486373901 3.8550000190734863 -4.355000019073486
