N -0.4690000116825104 1.1100000143051147 -0.9929999709129333
C 0.004000000189989805 2.2939999103546143 -1.7079999446868896
C -0.9070000052452087 2.5209999084472656 -2.9010000228881836
O -1.8270000219345093 1.7890000343322754 -3.242000102996826
C 1.475000023841858 2.1500000953674316 -2.127000093460083
C 2.455181837081909 1.955137014389038 -0.9591513872146606
C 3.8939456939697266 1.7597662210464478 -1.4327666759490967
N 4.352466583251953 2.9053850173950195 -2.1818439960479736
C 5.641763210296631 2.9922900199890137 -2.7353947162628174
N 6.039845943450928 4.116589069366455 -3.45031476020813
N 6.538057327270508 1.941386342048645 -2.5693700313568115
O -0.5879999995231628 3.6589999198913574 -3.5739998817443848
H -0.057999998331069946 0.902999997138977 -0.10899999737739563
H -1.0240000486373901 0.4519999921321869 -1.49399995803833
H -0.10300000011920929 3.1519999504089355 -1.034000039100647
H 1.7705262899398804 3.038825750350952 -2.698688268661499
H 1.5663090944290161 1.298057198524475 -2.8136394023895264
H 2.1653494834899902 1.0697262287139893 -0.38076120615005493
H 2.405998468399048 2.814915657043457 -0.2800644636154175
H 4.549161434173584 1.6259331703186035 -0.5651201009750366
H 3.9781136512756348 0.8590545654296875 -2.0501484870910645
H 3.7328240871429443 3.710498809814453 -2.3322055339813232
H 6.973359107971191 4.177755355834961 -3.8509719371795654
H 5.420273303985596 4.909429550170898 -3.594482898712158
H 6.2789106369018555 1.1046754121780396 -2.0530500411987305
H 7.475613594055176 1.9818575382232666 -2.96232271194458
H -1.1490000486373901 3.8550000190734863 -4.355000019073486
