N -0.4690000116825104 1.1100000143051147 -0.9929999709129333
C 0.004000000189989805 2.2939999103546143 -1.7079999446868896
C -0.9070000052452087 2.5209999084472656 -2.9010000228881836
O -1.8270000219345093 1.7890000343322754 -3.242000102996826
C 1.475000023841858 2.1500000953674316 -2.127000093460083
C 1.7213413715362549 1.133066177368164 -3.252948522567749
C 3.1890902519226074 1.0706032514572144 -3.670482635498047
N 4.026942253112793 0.6827487945556641 -2.560810089111328
C 5.422183990478516 0.5465654730796814 -2.665745496749878
N 6.189514636993408 0.17057372629642487 -1.568720817565918
N 6.051360130310059 0.7900725603103638 -3.8823585510253906
O -0.5879999995231628 3.6589999198913574 -3.5739998817443848
H -0.057999998331069946 0.902999997138977 -0.10899999737739563
H -1.0240000486373901 0.4519999921321869 -1.49399995803833
H -0.10300000011920929 3.1519999504089355 -1.034000039100647
H 2.068352222442627 1.863978385925293 -1.249333381652832
H 1.8505275249481201 3.1312880516052246 -2.4458584785461426
H 1.1297215223312378 1.4103195667266846 -4.133634090423584
H 1.3863861560821533 0.13695721328258514 -2.939310073852539
H 3.309784412384033 0.33393827080726624 -4.472222328186035
H 3.5208184719085693 2.0385918617248535 -4.060969829559326
H 3.614370107650757 0.4881976544857025 -1.640642762184143
H 7.199565887451172 0.07300230115652084 -1.6461178064346313
H 5.773183345794678 -0.020341916009783745 -0.6612681746482849
H 5.5202202796936035 1.0674340724945068 -4.703814506530762
H 7.0598368644714355 0.699102520942688 -3.9811551570892334
H -1.1490000486373901 3.8550000190734863 -4.355000019073486
