N -0.4690000116825104 1.1100000143051147 -0.9929999709129333
C 0.004000000189989805 2.2939999103546143 -1.7079999446868896
C -0.9070000052452087 2.5209999084472656 -2.9010000228881836
O -1.8270000219345093 1.7890000343322754 -3.242000102996826
C 1.475000023841858 2.1500000953674316 -2.127000093460083
C 2.4213383197784424 1.7165883779525757 -0.9959842562675476
C 3.8588855266571045 1.5326213836669922 -1.4777897596359253
N 4.384686470031738 2.7629058361053467 -2.0197622776031494
C 5.687557220458984 2.8775064945220947 -2.535175323486328
N 6.151324272155762 4.084071159362793 -3.0477678775787354
N 6.531019687652588 1.7712167501449585 -2.5355947017669678
O -0.5879999995231628 3.6589999198913574 -3.5739998817443848
H -0.057999998331069946 0.902999997138977 -0.10899999737739563
H -1.0240000486373901 0.4519999921321869 -1.49399995803833
H -0.10300000011920929 3.1519999504089355 -1.034000039100647
H 1.8226094245910645 3.105874538421631 -2.5388810634613037
H 1.540907382965088 1.4203383922576904 -2.944843292236328
H 2.079437017440796 0.762688159942627 -0.5768563151359558
H 2.3980166912078857 2.4531679153442383 -0.18376275897026062
H 4.4895524978637695 1.2249523401260376 -0.6365834474563599
H 3.914015531539917 0.7437847852706909 -2.235564947128296
H 3.805903434753418 3.6110293865203857 -2.0414576530456543
H 7.0945820808410645 4.1652936935424805 -3.4211065769195557
H 5.571920871734619 4.919075012207031 -3.065401554107666
H 6.223261833190918 0.8740842938423157 -2.1691701412200928
H 7.477207660675049 1.8305808305740356 -2.904736280441284
H -1.1490000486373901 3.8550000190734863 -4.355000019073486
