N -0.4690000116825104 1.1100000143051147 -0.9929999709129333
C 0.004000000189989805 2.2939999103546143 -1.7079999446868896
C -0.9070000052452087 2.5209999084472656 -2.9010000228881836
O -1.8270000219345093 1.7890000343322754 -3.242000102996826
C 1.475000023841858 2.1500000953674316 -2.127000093460083
C 2.47422194480896 2.1492841243743896 -0.9590302109718323
C 3.914433002471924 1.9459216594696045 -1.4248181581497192
N 4.3202290534973145 2.9974849224090576 -2.326674461364746
C 5.599292755126953 3.0574605464935303 -2.906893730163574
N 5.945886611938477 4.090229034423828 -3.771122694015503
N 6.537413120269775 2.07209849357605 -2.61655330657959
O -0.5879999995231628 3.6589999198913574 -3.5739998817443848
H -0.057999998331069946 0.902999997138977 -0.10899999737739563
H -1.0240000486373901 0.4519999921321869 -1.49399995803833
H -0.10300000011920929 3.1519999504089355 -1.034000039100647
H 1.72976815700531 2.964885950088501 -2.816368341445923
H 1.5921050310134888 1.217989206314087 -2.695559501647949
H 2.225080966949463 1.3388861417770386 -0.2635631859302521
H 2.39882493019104 3.089608907699585 -0.39965391159057617
H 4.583428382873535 1.9535161256790161 -0.5573986172676086
H 4.027023792266846 0.974594235420227 -1.918145775794983
H 3.6682450771331787 3.7517788410186768 -2.5731124877929688
H 6.872060298919678 4.131932735443115 -4.190857410430908
H 5.294513702392578 4.833197116851807 -4.009791851043701
H 6.316390037536621 1.3027818202972412 -1.9895532131195068
H 7.468511581420898 2.0944855213165283 -3.0259625911712646
H -1.1490000486373901 3.8550000190734863 -4.355000019073486
