N -0.4690000116825104 1.1100000143051147 -0.9929999709129333
C 0.004000000189989805 2.2939999103546143 -1.7079999446868896
C -0.9070000052452087 2.5209999084472656 -2.9010000228881836
O -1.8270000219345093 1.7890000343322754 -3.242000102996826
C 1.475000023841858 2.1500000953674316 -2.127000093460083
C 1.690024495124817 1.9100620746612549 -3.6299281120300293
C 3.169344663619995 1.8319227695465088 -4.001450538635254
N 3.821876287460327 0.749694287776947 -3.303750991821289
C 5.1864728927612305 0.4502491354942322 -3.4601638317108154
N 5.772629261016846 -0.6027914881706238 -2.766510009765625
N 5.968226432800293 1.2147938013076782 -4.320186614990234
O -0.5879999995231628 3.6589999198913574 -3.5739998817443848
H -0.057999998331069946 0.902999997138977 -0.10899999737739563
H -1.0240000486373901 0.4519999921321869 -1.49399995803833
H -0.10300000011920929 3.1519999504089355 -1.034000039100647
H 1.9258486032485962 1.323156714439392 -1.5637598037719727
H 2.018524408340454 3.0567874908447266 -1.8304606676101685
H 1.239942193031311 2.7311737537384033 -4.200622081756592
H 1.1848536729812622 0.9869722127914429 -3.938966751098633
H 3.2668118476867676 1.6606085300445557 -5.079031467437744
H 3.6753804683685303 2.7756645679473877 -3.7716565132141113
H 3.2914133071899414 0.15179678797721863 -2.658846616744995
H 6.760791778564453 -0.8179458975791931 -2.880343437194824
H 5.240322589874268 -1.1899808645248413 -2.130028486251831
H 5.5714616775512695 1.9922149181365967 -4.841744422912598
H 6.9580302238464355 1.0172100067138672 -4.447897434234619
H -1.1490000486373901 3.8550000190734863 -4.355000019073486
