N -0.4690000116825104 1.1100000143051147 -0.9929999709129333
C 0.004000000189989805 2.2939999103546143 -1.7079999446868896
C -0.9070000052452087 2.5209999084472656 -2.9010000228881836
O -1.8270000219345093 1.7890000343322754 -3.242000102996826
C 1.475000023841858 2.1500000953674316 -2.127000093460083
C 1.9901012182235718 0.702211856842041 -2.1613292694091797
C 3.437920093536377 0.6103142499923706 -2.6387157440185547
N 4.318467140197754 1.3509328365325928 -1.7669808864593506
C 5.706603050231934 1.4350202083587646 -1.9725641012191772
N 6.5161967277526855 2.1610100269317627 -1.1058887243270874
N 6.285815715789795 0.7846412062644958 -3.057380199432373
O -0.5879999995231628 3.6589999198913574 -3.5739998817443848
H -0.057999998331069946 0.902999997138977 -0.10899999737739563
H -1.0240000486373901 0.4519999921321869 -1.49399995803833
H -0.10300000011920929 3.1519999504089355 -1.034000039100647
H 2.0991716384887695 2.736506223678589 -1.441001057624817
H 1.6059521436691284 2.597550392150879 -3.1210663318634033
H 1.3698312044143677 0.10819365829229355 -2.84316349029541
H 1.902229905128479 0.24860207736492157 -1.1666866540908813
H 3.754751205444336 -0.4383096694946289 -2.6446585655212402
H 3.5314009189605713 0.9876453876495361 -3.6626341342926025
H 3.94427752494812 1.8475825786590576 -0.9496101140975952
H 7.5208892822265625 2.2214465141296387 -1.256401777267456
H 6.137777328491211 2.6497061252593994 -0.29890313744544983
H 5.722715377807617 0.24613416194915771 -3.710646390914917
H 7.287876129150391 0.8328453302383423 -3.2265331745147705
H -1.1490000486373901 3.8550000190734863 -4.355000019073486
