N -0.4690000116825104 1.1100000143051147 -0.9929999709129333
C 0.004000000189989805 2.2939999103546143 -1.7079999446868896
C -0.9070000052452087 2.5209999084472656 -2.9010000228881836
O -1.8270000219345093 1.7890000343322754 -3.242000102996826
C 1.475000023841858 2.1500000953674316 -2.127000093460083
C 2.4817163944244385 2.774282932281494 -1.1475149393081665
C 3.929478645324707 2.553353786468506 -1.580756425857544
N 4.178396701812744 3.143035888671875 -2.8746325969696045
C 5.429677486419678 3.088555335998535 -3.5130562782287598
N 5.622971057891846 3.6711831092834473 -4.760778903961182
N 6.495031356811523 2.4436497688293457 -2.8930375576019287
O -0.5879999995231628 3.6589999198913574 -3.5739998817443848
H -0.057999998331069946 0.902999997138977 -0.10899999737739563
H -1.0240000486373901 0.4519999921321869 -1.49399995803833
H -0.10300000011920929 3.1519999504089355 -1.034000039100647
H 1.6088743209838867 2.6043121814727783 -3.116874933242798
H 1.70755136013031 1.0832966566085815 -2.243967056274414
H 2.352904796600342 2.3272836208343506 -0.154494509100914
H 2.289254903793335 3.8491408824920654 -1.045357346534729
H 4.603617191314697 3.015903949737549 -0.8516379594802856
H 4.163869380950928 1.4839794635772705 -1.6127796173095703
H 3.428075075149536 3.633674144744873 -3.375696897506714
H 6.529263019561768 3.6303722858428955 -5.221955299377441
H 4.8748779296875 4.155188083648682 -5.250009536743164
H 6.387629508972168 2.0065462589263916 -1.9813172817230225
H 7.408929824829102 2.3906872272491455 -3.3369369506835938
H -1.1490000486373901 3.8550000190734863 -4.355000019073486
