N -0.4690000116825104 1.1100000143051147 -0.9929999709129333
C 0.004000000189989805 2.2939999103546143 -1.7079999446868896
C -0.9070000052452087 2.5209999084472656 -2.9010000228881836
O -1.8270000219345093 1.7890000343322754 -3.242000102996826
C 1.475000023841858 2.1500000953674316 -2.127000093460083
C 2.0146241188049316 3.314364433288574 -2.9729669094085693
C 3.4943671226501465 3.150078296661377 -3.313398599624634
N 3.7208762168884277 1.9401758909225464 -4.067474365234375
C 4.993545055389404 1.5423901081085205 -4.5128254890441895
N 5.164003849029541 0.36738550662994385 -5.236660480499268
N 6.103587627410889 2.331296920776367 -4.228682518005371
O -0.5879999995231628 3.6589999198913574 -3.5739998817443848
H -0.057999998331069946 0.902999997138977 -0.10899999737739563
H -1.0240000486373901 0.4519999921321869 -1.49399995803833
H -0.10300000011920929 3.1519999504089355 -1.034000039100647
H 1.595205545425415 1.214016079902649 -2.6870522499084473
H 2.09255051612854 2.0501654148101807 -1.2246241569519043
H 1.8959158658981323 4.254563808441162 -2.4212207794189453
H 1.433356523513794 3.4072587490081787 -3.898329496383667
H 3.827735662460327 4.002877712249756 -3.9147534370422363
H 4.100735187530518 3.133969306945801 -2.40148663520813
H 2.9364192485809326 1.322243094444275 -4.30739164352417
H 6.086074352264404 0.08044449239969254 -5.5578532218933105
H 4.382059574127197 -0.23868273198604584 -5.470102310180664
H 6.014209747314453 3.195828676223755 -3.7010226249694824
H 7.034214019775391 2.0624167919158936 -4.539647579193115
H -1.1490000486373901 3.8550000190734863 -4.355000019073486
