N -0.4690000116825104 1.1100000143051147 -0.9929999709129333
C 0.004000000189989805 2.2939999103546143 -1.7079999446868896
C -0.9070000052452087 2.5209999084472656 -2.9010000228881836
O -1.8270000219345093 1.7890000343322754 -3.242000102996826
C 1.475000023841858 2.1500000953674316 -2.127000093460083
C 1.8100193738937378 2.7558536529541016 -3.4993345737457275
C 3.2936530113220215 2.6372809410095215 -3.841817855834961
N 3.707638740539551 1.2548640966415405 -3.8784232139587402
C 5.024106502532959 0.8572220802307129 -4.170055866241455
N 5.37737512588501 -0.48749658465385437 -4.193768501281738
N 5.993178844451904 1.8181421756744385 -4.439939498901367
O -0.5879999995231628 3.6589999198913574 -3.5739998817443848
H -0.057999998331069946 0.902999997138977 -0.10899999737739563
H -1.0240000486373901 0.4519999921321869 -1.49399995803833
H -0.10300000011920929 3.1519999504089355 -1.034000039100647
H 1.7411842346191406 1.085430383682251 -2.1303677558898926
H 2.108588218688965 2.6232306957244873 -1.3652675151824951
H 1.5445512533187866 3.8197996616363525 -3.5053529739379883
H 1.213153600692749 2.2695746421813965 -4.280411243438721
H 3.478158473968506 3.082314968109131 -4.825653076171875
H 3.9026451110839844 3.1843619346618652 -3.114248514175415
H 3.0323050022125244 0.5044728517532349 -3.689714193344116
H 6.330986499786377 -0.7737617492675781 -4.404462814331055
H 4.702643871307373 -1.2241804599761963 -4.005924224853516
H 5.768768310546875 2.8097925186157227 -4.430031776428223
H 6.952378273010254 1.5535727739334106 -4.652074337005615
H -1.1490000486373901 3.8550000190734863 -4.355000019073486
