N -0.4690000116825104 1.1100000143051147 -0.9929999709129333
C 0.004000000189989805 2.2939999103546143 -1.7079999446868896
C -0.9070000052452087 2.5209999084472656 -2.9010000228881836
O -1.8270000219345093 1.7890000343322754 -3.242000102996826
C 1.475000023841858 2.1500000953674316 -2.127000093460083
C 2.225531578063965 0.9996795058250427 -1.4370266199111938
C 3.6644809246063232 0.8642556667327881 -1.9305933713912964
N 4.414960861206055 2.070718765258789 -1.675588846206665
C 5.767646789550781 2.2199912071228027 -2.0280299186706543
N 6.45059871673584 3.401840925216675 -1.7626286745071411
N 6.439367294311523 1.1736876964569092 -2.652006149291992
O -0.5879999995231628 3.6589999198913574 -3.5739998817443848
H -0.057999998331069946 0.902999997138977 -0.10899999737739563
H -1.0240000486373901 0.4519999921321869 -1.49399995803833
H -0.10300000011920929 3.1519999504089355 -1.034000039100647
H 1.9971760511398315 3.09303879737854 -1.9216119050979614
H 1.5212435722351074 2.0030698776245117 -3.2141480445861816
H 1.708495020866394 0.05318498611450195 -1.6352983713150024
H 2.222777843475342 1.1477975845336914 -0.35035714507102966
H 4.152779579162598 0.033583540469408035 -1.409462332725525
H 3.685340642929077 0.6377514600753784 -3.001941442489624
H 3.9690752029418945 2.873098850250244 -1.2149958610534668
H 7.429691314697266 3.508600950241089 -2.0189366340637207
H 6.001797676086426 4.191429138183594 -1.3061431646347046
H 5.9695916175842285 0.2965603768825531 -2.8612594604492188
H 7.417773723602295 1.259865403175354 -2.917252540588379
H -1.1490000486373901 3.8550000190734863 -4.355000019073486
