N -0.4690000116825104 1.1100000143051147 -0.9929999709129333
C 0.004000000189989805 2.2939999103546143 -1.7079999446868896
C -0.9070000052452087 2.5209999084472656 -2.9010000228881836
O -1.8270000219345093 1.7890000343322754 -3.242000102996826
C 1.475000023841858 2.1500000953674316 -2.127000093460083
C 1.804932713508606 2.7344141006469727 -3.509824275970459
C 3.288566827774048 2.6171762943267822 -3.852764368057251
N 3.709088087081909 1.2363213300704956 -3.866962432861328
C 5.026971817016602 0.8401130437850952 -4.154116630554199
N 5.386617183685303 -0.5031222701072693 -4.155951499938965
N 5.99101448059082 1.8009765148162842 -4.4416399002075195
O -0.5879999995231628 3.6589999198913574 -3.5739998817443848
H -0.057999998331069946 0.902999997138977 -0.10899999737739563
H -1.0240000486373901 0.4519999921321869 -1.49399995803833
H -0.10300000011920929 3.1519999504089355 -1.034000039100647
H 1.7462573051452637 1.0867981910705566 -2.113027572631836
H 2.107537031173706 2.6388986110687256 -1.3743427991867065
H 1.5343793630599976 3.7968387603759766 -3.533172369003296
H 1.2091490030288696 2.2323198318481445 -4.2816667556762695
H 3.4693753719329834 3.046574354171753 -4.844205379486084
H 3.8961009979248047 3.1792263984680176 -3.13545823097229
H 3.0376460552215576 0.4859922230243683 -3.664611577987671
H 6.341246604919434 -0.7883398532867432 -4.363431453704834
H 4.7157111167907715 -1.2397575378417969 -3.954695463180542
H 5.76188850402832 2.7915775775909424 -4.447925090789795
H 6.951125621795654 1.5374537706375122 -4.6509318351745605
H -1.1490000486373901 3.8550000190734863 -4.355000019073486
