N -0.4690000116825104 1.1100000143051147 -0.9929999709129333
C 0.004000000189989805 2.2939999103546143 -1.7079999446868896
C -0.9070000052452087 2.5209999084472656 -2.9010000228881836
O -1.8270000219345093 1.7890000343322754 -3.242000102996826
C 1.475000023841858 2.1500000953674316 -2.127000093460083
C 2.286458730697632 3.4540276527404785 -2.066624879837036
C 3.7533669471740723 3.244842529296875 -2.43668532371521
N 3.8802683353424072 2.730656385421753 -3.7795586585998535
C 5.12083101272583 2.446718692779541 -4.3767523765563965
N 5.194488048553467 1.951909065246582 -5.674198627471924
N 6.296533584594727 2.661581516265869 -3.664809465408325
O -0.5879999995231628 3.6589999198913574 -3.5739998817443848
H -0.057999998331069946 0.902999997138977 -0.10899999737739563
H -1.0240000486373901 0.4519999921321869 -1.49399995803833
H -0.10300000011920929 3.1519999504089355 -1.034000039100647
H 1.5163915157318115 1.748822569847107 -3.147547721862793
H 1.955626368522644 1.4020916223526 -1.4826020002365112
H 2.2481939792633057 3.8632113933563232 -1.0499660968780518
H 1.843127727508545 4.203492641448975 -2.7333755493164062
H 4.284821510314941 4.200957298278809 -2.3781185150146484
H 4.2347917556762695 2.557626485824585 -1.7327744960784912
H 3.044832944869995 2.5562474727630615 -4.3508758544921875
H 6.093313694000244 1.7462635040283203 -6.104938983917236
H 4.3625617027282715 1.78217351436615 -6.233071804046631
H 6.2782745361328125 3.0215678215026855 -2.7140700817108154
H 7.205294132232666 2.461894989013672 -4.076320171356201
H -1.1490000486373901 3.8550000190734863 -4.355000019073486
