N -0.4690000116825104 1.1100000143051147 -0.9929999709129333
C 0.004000000189989805 2.2939999103546143 -1.7079999446868896
C -0.9070000052452087 2.5209999084472656 -2.9010000228881836
O -1.8270000219345093 1.7890000343322754 -3.242000102996826
C 1.475000023841858 2.1500000953674316 -2.127000093460083
C 1.7155673503875732 1.168929934501648 -3.2855453491210938
C 3.1840829849243164 1.1063998937606812 -3.700364351272583
N 4.014415740966797 0.6736944913864136 -2.6016769409179688
C 5.408657550811768 0.5277416110038757 -2.706763982772827
N 6.168627738952637 0.1079893484711647 -1.6205400228500366
N 6.044280052185059 0.8057147264480591 -3.9125919342041016
O -0.5879999995231628 3.6589999198913574 -3.5739998817443848
H -0.057999998331069946 0.902999997138977 -0.10899999737739563
H -1.0240000486373901 0.4519999921321869 -1.49399995803833
H -0.10300000011920929 3.1519999504089355 -1.034000039100647
H 2.0626046657562256 1.8291558027267456 -1.2575440406799316
H 1.8608888387680054 3.1377508640289307 -2.41170334815979
H 1.1296223402023315 1.481095314025879 -4.158306121826172
H 1.3701261281967163 0.16615308821201324 -3.0064284801483154
H 3.3005497455596924 0.395803302526474 -4.525905132293701
H 3.526294469833374 2.0836708545684814 -4.057237148284912
H 3.5968663692474365 0.4524758458137512 -1.6898167133331299
H 7.1779704093933105 0.003392672399058938 -1.6980119943618774
H 5.747398376464844 -0.10913535207509995 -0.7212774157524109
H 5.518609523773193 1.1154308319091797 -4.725964546203613
H 7.052183628082275 0.7084452509880066 -4.01123571395874
H -1.1490000486373901 3.8550000190734863 -4.355000019073486
