N -0.4690000116825104 1.1100000143051147 -0.9929999709129333
C 0.004000000189989805 2.2939999103546143 -1.7079999446868896
C -0.9070000052452087 2.5209999084472656 -2.9010000228881836
O -1.8270000219345093 1.7890000343322754 -3.242000102996826
C 1.475000023841858 2.1500000953674316 -2.127000093460083
C 2.442939519882202 1.8588141202926636 -0.9690268039703369
C 3.881135940551758 1.6678321361541748 -1.446143627166748
N 4.366483211517334 2.8518471717834473 -2.1142354011535645
C 5.6611247062683105 2.950670003890991 -2.6531178951263428
N 6.085400104522705 4.112300872802734 -3.2889115810394287
N 6.536282062530518 1.8739768266677856 -2.5524356365203857
O -0.5879999995231628 3.6589999198913574 -3.5739998817443848
H -0.057999998331069946 0.902999997138977 -0.10899999737739563
H -1.0240000486373901 0.4519999921321869 -1.49399995803833
H -0.10300000011920929 3.1519999504089355 -1.034000039100647
H 1.7912838459014893 3.069141387939453 -2.636232614517212
H 1.5551948547363281 1.3441767692565918 -2.868508815765381
H 2.1323647499084473 0.9425224661827087 -0.4528454542160034
H 2.4050633907318115 2.672147512435913 -0.23428091406822205
H 4.527476787567139 1.4638149738311768 -0.5855333805084229
H 3.9527769088745117 0.80887371301651 -2.1218535900115967
H 3.763186454772949 3.6769752502441406 -2.2140896320343018
H 7.022748947143555 4.182091236114502 -3.6790664196014404
H 5.481897830963135 4.924769878387451 -3.383406400680542
H 6.257747650146484 1.0098189115524292 -2.094747543334961
H 7.47722864151001 1.922529935836792 -2.936262607574463
H -1.1490000486373901 3.8550000190734863 -4.355000019073486
