N -0.4690000116825104 1.1100000143051147 -0.9929999709129333
C 0.004000000189989805 2.2939999103546143 -1.7079999446868896
C -0.9070000052452087 2.5209999084472656 -2.9010000228881836
O -1.8270000219345093 1.7890000343322754 -3.242000102996826
C 1.475000023841858 2.1500000953674316 -2.127000093460083
C 2.119776964187622 3.4442086219787598 -2.6484265327453613
C 3.59552001953125 3.260560989379883 -2.9962470531463623
N 3.7646846771240234 2.261060953140259 -4.02395486831665
C 5.021650314331055 1.8929606676101685 -4.5346360206604
N 5.136277675628662 0.9238395690917969 -5.525238990783691
N 6.1724019050598145 2.503300666809082 -4.046206951141357
O -0.5879999995231628 3.6589999198913574 -3.5739998817443848
H -0.057999998331069946 0.902999997138977 -0.10899999737739563
H -1.0240000486373901 0.4519999921321869 -1.49399995803833
H -0.10300000011920929 3.1519999504089355 -1.034000039100647
H 1.5502269268035889 1.3750813007354736 -2.9003148078918457
H 2.0541369915008545 1.7852132320404053 -1.2684264183044434
H 2.0466034412384033 4.2251410484313965 -1.8820843696594238
H 1.5771136283874512 3.8052937984466553 -3.530430555343628
H 4.00547456741333 4.208510875701904 -3.361428737640381
H 4.168844699859619 2.9751408100128174 -2.107787609100342
H 2.948676109313965 1.7810200452804565 -4.422030925750732
H 6.047008037567139 0.6580002307891846 -5.893497467041016
H 4.323361396789551 0.45347848534584045 -5.914055347442627
H 6.12416410446167 3.214909315109253 -3.321559190750122
H 7.092544078826904 2.251756191253662 -4.399937629699707
H -1.1490000486373901 3.8550000190734863 -4.355000019073486
