N -0.4690000116825104 1.1100000143051147 -0.9929999709129333
C 0.004000000189989805 2.2939999103546143 -1.7079999446868896
C -0.9070000052452087 2.5209999084472656 -2.9010000228881836
O -1.8270000219345093 1.7890000343322754 -3.242000102996826
C 1.475000023841858 2.1500000953674316 -2.127000093460083
C 1.6837841272354126 1.7431730031967163 -3.5944807529449463
C 3.16131591796875 1.6703673601150513 -3.9741146564483643
N 3.85675048828125 0.6989357471466064 -3.163872718811035
C 5.229172229766846 0.42786529660224915 -3.302565097808838
N 5.857244491577148 -0.5172287821769714 -2.498853921890259
N 5.976366996765137 1.1117013692855835 -4.256175994873047
O -0.5879999995231628 3.6589999198913574 -3.5739998817443848
H -0.057999998331069946 0.902999997138977 -0.10899999737739563
H -1.0240000486373901 0.4519999921321869 -1.49399995803833
H -0.10300000011920929 3.1519999504089355 -1.034000039100647
H 1.9589428901672363 1.4097821712493896 -1.4773457050323486
H 1.9902509450912476 3.102450132369995 -1.9454147815704346
H 1.2007309198379517 2.476855516433716 -4.250880241394043
H 1.207297444343567 0.7743291854858398 -3.787092447280884
H 3.254319667816162 1.3775436878204346 -5.02560567855835
H 3.6372158527374268 2.6504764556884766 -3.8626182079315186
H 3.3530008792877197 0.1635565161705017 -2.4466700553894043
H 6.851010799407959 -0.7119147777557373 -2.6000478267669678
H 5.35120964050293 -1.0430235862731934 -1.791238784790039
H 5.5485453605651855 1.8094956874847412 -4.859400749206543
H 6.9710469245910645 0.9328876733779907 -4.373220443725586
H -1.1490000486373901 3.8550000190734863 -4.355000019073486
