N -0.4690000116825104 1.1100000143051147 -0.9929999709129333
C 0.004000000189989805 2.2939999103546143 -1.7079999446868896
C -0.9070000052452087 2.5209999084472656 -2.9010000228881836
O -1.8270000219345093 1.7890000343322754 -3.242000102996826
C 1.475000023841858 2.1500000953674316 -2.127000093460083
C 1.9496889114379883 0.6985662579536438 -2.301953077316284
C 3.3996338844299316 0.6128935217857361 -2.774015426635742
N 4.290741443634033 1.236826777458191 -1.8251029253005981
C 5.68290901184082 1.300748348236084 -2.00960111618042
N 6.502742767333984 1.9126956462860107 -1.0677822828292847
N 6.25581693649292 0.7455276846885681 -3.1492557525634766
O -0.5879999995231628 3.6589999198913574 -3.5739998817443848
H -0.057999998331069946 0.902999997138977 -0.10899999737739563
H -1.0240000486373901 0.4519999921321869 -1.49399995803833
H -0.10300000011920929 3.1519999504089355 -1.034000039100647
H 2.107616662979126 2.6466565132141113 -1.380473017692566
H 1.6295933723449707 2.690676689147949 -3.070073366165161
H 1.3207148313522339 0.19390906393527985 -3.0450568199157715
H 1.8379806280136108 0.15055613219738007 -1.358553171157837
H 3.6870076656341553 -0.43863072991371155 -2.8823776245117188
H 3.5151407718658447 1.0878024101257324 -3.754140853881836
H 3.921459436416626 1.6599375009536743 -0.9652297496795654
H 7.510361194610596 1.9587106704711914 -1.2030683755874634
H 6.12912654876709 2.32905650138855 -0.21907426416873932
H 5.685221195220947 0.29156702756881714 -3.8578941822052
H 7.2606706619262695 0.7813161611557007 -3.304335117340088
H -1.1490000486373901 3.8550000190734863 -4.355000019073486
