N -0.4690000116825104 1.1100000143051147 -0.9929999709129333
C 0.004000000189989805 2.2939999103546143 -1.7079999446868896
C -0.9070000052452087 2.5209999084472656 -2.9010000228881836
O -1.8270000219345093 1.7890000343322754 -3.242000102996826
C 1.475000023841858 2.1500000953674316 -2.127000093460083
C 2.1890475749969482 3.4797983169555664 -2.417466640472412
C 3.661520004272461 3.2847094535827637 -2.7728374004364014
N 3.8053019046783447 2.462496042251587 -3.9505863189697266
C 5.054086208343506 2.1234073638916016 -4.499960899353027
N 5.144045829772949 1.327617883682251 -5.636735439300537
N 6.221569538116455 2.587465763092041 -3.902517318725586
O -0.5879999995231628 3.6589999198913574 -3.5739998817443848
H -0.057999998331069946 0.902999997138977 -0.10899999737739563
H -1.0240000486373901 0.4519999921321869 -1.49399995803833
H -0.10300000011920929 3.1519999504089355 -1.034000039100647
H 1.530142903327942 1.5113641023635864 -3.0176613330841064
H 2.019245147705078 1.6200670003890991 -1.3341659307479858
H 2.1363730430603027 4.1254143714904785 -1.5326526165008545
H 1.6815341711044312 4.008195400238037 -3.233569622039795
H 4.121952533721924 4.258986473083496 -2.969853639602661
H 4.203005790710449 2.828273296356201 -1.9373822212219238
H 2.9763026237487793 2.0954768657684326 -4.433112144470215
H 6.048852443695068 1.082494854927063 -6.032909393310547
H 4.318392753601074 0.968445897102356 -6.108479976654053
H 6.191454887390137 3.1705031394958496 -3.0700576305389404
H 7.136139869689941 2.3535537719726562 -4.281869411468506
H -1.1490000486373901 3.8550000190734863 -4.355000019073486
