N 1.8580000400543213 -0.14800000190734863 1.125
C 0.5170000195503235 0.45100000500679016 1.1119999885559082
C -0.23600000143051147 0.02199999988079071 2.3440001010894775
O -0.004999999888241291 -1.0490000247955322 2.8510000705718994
C -0.23600001633167267 -0.013000003062188625 -0.13500000536441803
C 0.7098549008369446 -0.8035993576049805 -1.0385442972183228
C -0.031969569623470306 -1.2607860565185547 -2.267580986022949
O -1.203528642654419 -0.981766402721405 -2.4058215618133545
N 0.6045903563499451 -1.9797532558441162 -3.2123491764068604
O -1.1649999618530273 0.8309999704360962 2.878000020980835
H 1.7289999723434448 -1.1480000019073486 1.1369999647140503
H 2.2860000133514404 0.07800000160932541 0.23999999463558197
H 0.6050000190734863 1.5369999408721924 1.0989999771118164
H -1.0713186264038086 -0.6485602855682373 0.1612902283668518
H -0.6145213842391968 0.8549946546554565 -0.6740255951881409
H 1.5451735258102417 -0.1680389940738678 -1.3348345756530762
H 1.0882939100265503 -1.6711021661758423 -0.4986519515514374
H 0.12762734293937683 -2.274252414703369 -4.003185749053955
H 1.542237639427185 -2.2034714221954346 -3.1012020111083984
H -1.6490000486373901 0.5559999942779541 3.6689999103546143
