N 1.8580000400543213 -0.14800000190734863 1.125
C 0.5170000195503235 0.45100000500679016 1.1119999885559082
C -0.23600000143051147 0.02199999988079071 2.3440001010894775
O -0.004999999888241291 -1.0490000247955322 2.8510000705718994
C -0.23600000143051147 -0.013000017032027245 -0.135000079870224
C -1.622051477432251 0.6305052042007446 -0.16404475271701813
C -2.364347219467163 0.17321990430355072 -1.392760157585144
O -1.8348742723464966 -0.5921143889427185 -2.1695709228515625
N -3.6149697303771973 0.6143071055412292 -1.6296029090881348
O -1.1649999618530273 0.8309999704360962 2.878000020980835
H 1.7289999723434448 -1.1480000019073486 1.1369999647140503
H 2.2860000133514404 0.07800000160932541 0.23999999463558197
H 0.6050000190734863 1.5369999408721924 1.0989999771118164
H 0.3203602135181427 0.28218722343444824 -1.0253987312316895
H -0.3379679322242737 -1.097630262374878 -0.11446420848369598
H -2.1784117221832275 0.3353179097175598 0.7263539433479309
H -1.5192216634750366 1.7150722742080688 -0.18407759070396423
H -4.092854976654053 0.32047128677368164 -2.4201295375823975
H -4.038376808166504 1.2273796796798706 -1.0079482793807983
H -1.6490000486373901 0.5559999942779541 3.6689999103546143
