N 1.8580000400543213 -0.14800000190734863 1.125
C 0.5170000195503235 0.45100000500679016 1.1119999885559082
C -0.23600000143051147 0.02199999988079071 2.3440001010894775
O -0.004999999888241291 -1.0490000247955322 2.8510000705718994
C -0.23600000143051147 -0.013000010512769222 -0.13499999046325684
C 0.565988302230835 0.35531458258628845 -1.3828942775726318
C -0.17599886655807495 -0.10169132798910141 -2.6118998527526855
O -1.2420047521591187 -0.6678098440170288 -2.499408721923828
N 0.34394288063049316 0.11716064810752869 -3.8352043628692627
O -1.1649999618530273 0.8309999704360962 2.878000020980835
H 1.7289999723434448 -1.1480000019073486 1.1369999647140503
H 2.2860000133514404 0.07800000160932541 0.23999999463558197
H 0.6050000190734863 1.5369999408721924 1.0989999771118164
H -0.37073278427124023 -1.094569444656372 -0.09580108523368835
H -1.2107845544815063 0.47248345613479614 -0.17164278030395508
H 0.7007210850715637 1.4368841648101807 -1.422093152999878
H 1.540757656097412 -0.13014274835586548 -1.3452520370483398
H -0.1330438107252121 -0.17686714231967926 -4.62620210647583
H 1.1975350379943848 0.5698269605636597 -3.924978733062744
H -1.6490000486373901 0.5559999942779541 3.6689999103546143
