N 1.8580000400543213 -0.14800000190734863 1.125
C 0.5170000195503235 0.45100000500679016 1.1119999885559082
C -0.23600000143051147 0.02199999988079071 2.3440001010894775
O -0.004999999888241291 -1.0490000247955322 2.8510000705718994
C -0.23600001633167267 -0.013000010512769222 -0.1350001096725464
C -1.6812957525253296 -0.34531182050704956 0.2348245233297348
C -2.4234771728515625 -0.8027763366699219 -0.9938933253288269
O -1.851362943649292 -0.856373131275177 -2.0612854957580566
N -3.7218668460845947 -1.151380181312561 -0.9080532789230347
O -1.1649999618530273 0.8309999704360962 2.878000020980835
H 1.7289999723434448 -1.1480000019073486 1.1369999647140503
H 2.2860000133514404 0.07800000160932541 0.23999999463558197
H 0.6050000190734863 1.5369999408721924 1.0989999771118164
H -0.2255949079990387 0.7819004654884338 -0.8816640377044678
H 0.2490449845790863 -0.8994379639625549 -0.5426775217056274
H -1.69170081615448 -1.1402122974395752 0.9814884662628174
H -2.1654632091522217 0.5414569973945618 0.6428489685058594
H -4.1998066902160645 -1.4456063508987427 -1.6984015703201294
H -4.17977237701416 -1.1078473329544067 -0.053645066916942596
H -1.6490000486373901 0.5559999942779541 3.6689999103546143
