N 1.8580000400543213 -0.14800000190734863 1.125
C 0.5170000195503235 0.45100000500679016 1.1119999885559082
C -0.23600000143051147 0.02199999988079071 2.3440001010894775
O -0.004999999888241291 -1.0490000247955322 2.8510000705718994
C -0.23600003123283386 -0.013000008650124073 -0.1350001096725464
C -1.57552170753479 -0.6244110465049744 0.2748038172721863
C -2.317655086517334 -1.0819084644317627 -0.9539308547973633
O -1.8228204250335693 -0.9320205450057983 -2.050373077392578
N -3.5304055213928223 -1.6563506126403809 -0.8357711434364319
O -1.1649999618530273 0.8309999704360962 2.878000020980835
H 1.7289999723434448 -1.1480000019073486 1.1369999647140503
H 2.2860000133514404 0.07800000160932541 0.23999999463558197
H 0.6050000190734863 1.5369999408721924 1.0989999771118164
H -0.411643922328949 0.8403504490852356 -0.7910673022270203
H 0.3591436743736267 -0.758468508720398 -0.6616142988204956
H -1.3998777866363525 -1.4777615070343018 0.9308710694313049
H -2.169832468032837 0.12149976938962936 0.8017504811286926
H -4.008310317993164 -1.950692892074585 -1.6260974407196045
H -3.9265573024749756 -1.7757034301757812 0.04195578396320343
H -1.6490000486373901 0.5559999942779541 3.6689999103546143
