N 1.8580000400543213 -0.14800000190734863 1.125
C 0.5170000195503235 0.45100000500679016 1.1119999885559082
C -0.23600000143051147 0.02199999988079071 2.3440001010894775
O -0.004999999888241291 -1.0490000247955322 2.8510000705718994
C -0.23600001633167267 -0.013000015169382095 -0.1350000947713852
C -1.7314540147781372 0.2464817464351654 0.04491030424833298
C -2.4737155437469482 -0.21088694036006927 -1.1837947368621826
O -1.8646942377090454 -0.6960651278495789 -2.112884759902954
N -3.8127965927124023 -0.08059327304363251 -1.2515777349472046
O -1.1649999618530273 0.8309999704360962 2.878000020980835
H 1.7289999723434448 -1.1480000019073486 1.1369999647140503
H 2.2860000133514404 0.07800000160932541 0.23999999463558197
H 0.6050000190734863 1.5369999408721924 1.0989999771118164
H 0.12647774815559387 0.5381045937538147 -1.0035480260849
H -0.0664103627204895 -1.0787584781646729 -0.28546610474586487
H -2.0939316749572754 -0.3046228885650635 0.9134582877159119
H -1.9001412391662598 1.3123329877853394 0.19579684734344482
H -4.290739059448242 -0.374579519033432 -2.0420138835906982
H -4.300022125244141 0.30833426117897034 -0.5079834461212158
H -1.6490000486373901 0.5559999942779541 3.6689999103546143
