N 1.8580000400543213 -0.14800000190734863 1.125
C 0.5170000195503235 0.45100000500679016 1.1119999885559082
C -0.23600000143051147 0.02199999988079071 2.3440001010894775
O -0.004999999888241291 -1.0490000247955322 2.8510000705718994
C -0.23600003123283386 -0.013000006787478924 -0.1350001096725464
C -1.436646819114685 -0.8630170226097107 0.279727965593338
C -2.1787328720092773 -1.3205353021621704 -0.949027419090271
O -1.7852890491485596 -0.9967183470726013 -2.0489625930786133
N -3.279066801071167 -2.0880396366119385 -0.8269134163856506
O -1.1649999618530273 0.8309999704360962 2.878000020980835
H 1.7289999723434448 -1.1480000019073486 1.1369999647140503
H 2.2860000133514404 0.07800000160932541 0.23999999463558197
H 0.6050000190734863 1.5369999408721924 1.0989999771118164
H -0.5825028419494629 0.8569707274436951 -0.6940785646438599
H 0.43045172095298767 -0.6046781539916992 -0.7618979215621948
H -1.0901440382003784 -1.7329877614974976 0.8388064503669739
H -2.102323293685913 -0.2708018124103546 0.9069576859474182
H -3.7569212913513184 -2.3824832439422607 -1.617232322692871
H -3.5941498279571533 -2.3466413021087646 0.05367378890514374
H -1.6490000486373901 0.5559999942779541 3.6689999103546143
