N 1.8580000400543213 -0.14800000190734863 1.125
C 0.5170000195503235 0.45100000500679016 1.1119999885559082
C -0.23600000143051147 0.02199999988079071 2.3440001010894775
O -0.004999999888241291 -1.0490000247955322 2.8510000705718994
C -0.23600000143051147 -0.013000019825994968 -0.13500003516674042
C -0.7655254602432251 1.2031748294830322 -0.8943436145782471
C -1.5077853202819824 0.7461176514625549 -2.1231656074523926
O -1.6024889945983887 -0.4374678134918213 -2.3674392700195312
N -2.0654261112213135 1.6508179903030396 -2.950972080230713
O -1.1649999618530273 0.8309999704360962 2.878000020980835
H 1.7289999723434448 -1.1480000019073486 1.1369999647140503
H 2.2860000133514404 0.07800000160932541 0.23999999463558197
H 0.6050000190734863 1.5369999408721924 1.0989999771118164
H 0.4405609667301178 -0.5767484307289124 -0.7783778309822083
H -1.0694830417633057 -0.6495580077171326 0.16053619980812073
H -1.4420864582061768 1.766923189163208 -0.25096577405929565
H 0.06848181039094925 1.839430332183838 -1.1890838146209717
H -2.542938232421875 1.3571807146072388 -3.74179744720459
H -1.9889953136444092 2.598209857940674 -2.7555418014526367
H -1.6490000486373901 0.5559999942779541 3.6689999103546143
