N 1.8580000400543213 -0.14800000190734863 1.125
C 0.5170000195503235 0.45100000500679016 1.1119999885559082
C -0.23600000143051147 0.02199999988079071 2.3440001010894775
O -0.004999999888241291 -1.0490000247955322 2.8510000705718994
C -0.23600003123283386 -0.012999999336898327 -0.1350000500679016
C 0.0775759294629097 -1.4846489429473877 -0.40332934260368347
C -0.6642428040504456 -1.9420491456985474 -1.632290005683899
O -1.375187635421753 -1.1658858060836792 -2.2336559295654297
N -0.5391896963119507 -3.2122883796691895 -2.063060760498047
O -1.1649999618530273 0.8309999704360962 2.878000020980835
H 1.7289999723434448 -1.1480000019073486 1.1369999647140503
H 2.2860000133514404 0.07800000160932541 0.23999999463558197
H 0.6050000190734863 1.5369999408721924 1.0989999771118164
H -1.3083912134170532 0.10698212683200836 0.023314211517572403
H 0.07347924262285233 0.5874670147895813 -0.98992919921875
H 1.1499671936035156 -1.6046310663223267 -0.5616436004638672
H -0.23173852264881134 -2.084343194961548 0.45221275091171265
H -1.0164358615875244 -3.507038116455078 -2.853633165359497
H 0.029502863064408302 -3.8335602283477783 -1.5811938047409058
H -1.6490000486373901 0.5559999942779541 3.6689999103546143
