N 1.8580000400543213 -0.14800000190734863 1.125
C 0.5170000195503235 0.45100000500679016 1.1119999885559082
C -0.23600000143051147 0.02199999988079071 2.3440001010894775
O -0.004999999888241291 -1.0490000247955322 2.8510000705718994
C -0.23600000143051147 -0.013000019825994968 -0.13500003516674042
C -0.973580002784729 1.1722861528396606 -0.7572166323661804
C -1.7158620357513428 0.7151924967765808 -1.9860115051269531
O -1.658888578414917 -0.44572311639785767 -2.330310821533203
N -2.4418506622314453 1.594852328300476 -2.7028439044952393
O -1.1649999618530273 0.8309999704360962 2.878000020980835
H 1.7289999723434448 -1.1480000019073486 1.1369999647140503
H 2.2860000133514404 0.07800000160932541 0.23999999463558197
H 0.6050000190734863 1.5369999408721924 1.0989999771118164
H 0.4735093116760254 -0.4190029203891754 -0.8569697141647339
H -0.9537983536720276 -0.7848883867263794 0.1410355418920517
H -1.6830893754959106 1.5782891511917114 -0.03524691238999367
H -0.25517451763153076 1.943886637687683 -1.0325117111206055
H -2.919450283050537 1.3012102842330933 -3.493614912033081
H -2.4868416786193848 2.524196147918701 -2.427377700805664
H -1.6490000486373901 0.5559999942779541 3.6689999103546143
