N 1.8580000400543213 -0.14800000190734863 1.125
C 0.5170000195503235 0.45100000500679016 1.1119999885559082
C -0.23600000143051147 0.02199999988079071 2.3440001010894775
O -0.004999999888241291 -1.0490000247955322 2.8510000705718994
C -0.23600000143051147 -0.01300001610070467 -0.13500000536441803
C -0.014119511470198631 0.988396167755127 -1.2681618928909302
C -0.7562583684921265 0.5314139723777771 -2.497084617614746
O -1.398941993713379 -0.4960377812385559 -2.468557596206665
N -0.7058393359184265 1.2624636888504028 -3.627453565597534
O -1.1649999618530273 0.8309999704360962 2.878000020980835
H 1.7289999723434448 -1.1480000019073486 1.1369999647140503
H 2.2860000133514404 0.07800000160932541 0.23999999463558197
H 0.6050000190734863 1.5369999408721924 1.0989999771118164
H 0.134158656001091 -0.9929820895195007 -0.43847939372062683
H -1.3003084659576416 -0.08091399818658829 0.08833149820566177
H -0.38427817821502686 1.9683783054351807 -0.9646824598312378
H 1.0504108667373657 1.056086778640747 -1.490544319152832
H -1.183046817779541 0.9687121510505676 -4.418420314788818
H -0.19085822999477386 2.0845718383789062 -3.650224447250366
H -1.6490000486373901 0.5559999942779541 3.6689999103546143
