N 1.8580000400543213 -0.14800000190734863 1.125
C 0.5170000195503235 0.45100000500679016 1.1119999885559082
C -0.23600000143051147 0.02199999988079071 2.3440001010894775
O -0.004999999888241291 -1.0490000247955322 2.8510000705718994
C -0.23600003123283386 -0.012999999336898327 -0.1350000500679016
C 0.24565446376800537 -1.4077541828155518 -0.5334354043006897
C -0.49615278840065 -1.8651158809661865 -1.7624174356460571
O -1.329601764678955 -1.1451489925384521 -2.2688989639282227
N -0.23510761559009552 -3.0730926990509033 -2.2984743118286133
O -1.1649999618530273 0.8309999704360962 2.878000020980835
H 1.7289999723434448 -1.1480000019073486 1.1369999647140503
H 2.2860000133514404 0.07800000160932541 0.23999999463558197
H 0.6050000190734863 1.5369999408721924 1.0989999771118164
H -1.305180311203003 -0.04488198086619377 0.07788287103176117
H -0.04973812401294708 0.6840794682502747 -0.9514732956886292
H 1.3148348331451416 -1.375872254371643 -0.7463183403015137
H 0.05949081853032112 -2.1040937900543213 0.28370314836502075
H -0.7122817635536194 -3.3678176403045654 -3.089099407196045
H 0.4316723346710205 -3.6494691371917725 -1.8925426006317139
H -1.6490000486373901 0.5559999942779541 3.6689999103546143
