N 1.8580000400543213 -0.14800000190734863 1.125
C 0.5170000195503235 0.45100000500679016 1.1119999885559082
C -0.23600000143051147 0.02199999988079071 2.3440001010894775
O -0.004999999888241291 -1.0490000247955322 2.8510000705718994
C -0.23600003123283386 -0.013000004924833775 -0.1350001096725464
C -1.262902855873108 -1.0760881900787354 0.2540951073169708
C -2.0049405097961426 -1.533617615699768 -0.9746853113174438
O -1.7382962703704834 -1.0545188188552856 -2.0558321475982666
N -2.964646816253662 -2.473512887954712 -0.8733436465263367
O -1.1649999618530273 0.8309999704360962 2.878000020980835
H 1.7289999723434448 -1.1480000019073486 1.1369999647140503
H 2.2860000133514404 0.07800000160932541 0.23999999463558197
H 0.6050000190734863 1.5369999408721924 1.0989999771118164
H -0.7471925616264343 0.8375790119171143 -0.5874152779579163
H 0.4707070291042328 -0.43319064378738403 -0.8500153422355652
H -0.7517102956771851 -1.9266672134399414 0.7065103054046631
H -1.9689058065414429 -0.6552762985229492 0.9694539904594421
H -3.4424359798431396 -2.7680485248565674 -1.663667917251587
H -3.1783130168914795 -2.8564565181732178 -0.007730153854936361
H -1.6490000486373901 0.5559999942779541 3.6689999103546143
