N 1.8580000400543213 -0.14800000190734863 1.125
C 0.5170000195503235 0.45100000500679016 1.1119999885559082
C -0.23600000143051147 0.02199999988079071 2.3440001010894775
O -0.004999999888241291 -1.0490000247955322 2.8510000705718994
C -0.23600003123283386 -0.013000000268220901 -0.13500002026557922
C 0.5367099046707153 -1.1484216451644897 -0.8056848645210266
C -0.20509321987628937 -1.6056945323944092 -2.0347023010253906
O -1.2506064176559448 -1.075066089630127 -2.342677593231201
N 0.29142218828201294 -2.603745222091675 -2.791059732437134
O -1.1649999618530273 0.8309999704360962 2.878000020980835
H 1.7289999723434448 -1.1480000019073486 1.1369999647140503
H 2.2860000133514404 0.07800000160932541 0.23999999463558197
H 0.6050000190734863 1.5369999408721924 1.0989999771118164
H -1.2271597385406494 -0.367201030254364 0.15070287883281708
H -0.33540424704551697 0.8204915523529053 -0.8297319412231445
H 1.5278695821762085 -0.7942205667495728 -1.0913877487182617
H 0.6360982060432434 -1.9812806844711304 -0.110178641974926
H -0.18562325835227966 -2.898376703262329 -3.5817973613739014
H 1.1280465126037598 -3.0287349224090576 -2.544018507003784
H -1.6490000486373901 0.5559999942779541 3.6689999103546143
