N 1.8580000400543213 -0.14800000190734863 1.125
C 0.5170000195503235 0.45100000500679016 1.1119999885559082
C -0.23600000143051147 0.02199999988079071 2.3440001010894775
O -0.004999999888241291 -1.0490000247955322 2.8510000705718994
C -0.23600000143051147 -0.01300001796334982 -0.135000079870224
C -1.5925654172897339 0.6878300905227661 -0.20318004488945007
C -2.334864616394043 0.23055922985076904 -1.431898832321167
O -1.8268576860427856 -0.5766041874885559 -2.180182933807373
N -3.5616378784179688 0.71804279088974 -1.7004066705703735
O -1.1649999618530273 0.8309999704360962 2.878000020980835
H 1.7289999723434448 -1.1480000019073486 1.1369999647140503
H 2.2860000133514404 0.07800000160932541 0.23999999463558197
H 0.6050000190734863 1.5369999408721924 1.0989999771118164
H 0.34609705209732056 0.23492978513240814 -1.0233557224273682
H -0.38470011949539185 -1.0914124250411987 -0.0885586142539978
H -2.1746625900268555 0.439900279045105 0.6851756572723389
H -1.4430147409439087 1.7661559581756592 -0.24910295009613037
H -4.039508819580078 0.4242289066314697 -2.490949869155884
H -3.9678409099578857 1.364575743675232 -1.1015909910202026
H -1.6490000486373901 0.5559999942779541 3.6689999103546143
