N 1.8580000400543213 -0.14800000190734863 1.125
C 0.5170000195503235 0.45100000500679016 1.1119999885559082
C -0.23600000143051147 0.02199999988079071 2.3440001010894775
O -0.004999999888241291 -1.0490000247955322 2.8510000705718994
C -0.23600001633167267 -0.0130000039935112 -0.13500000536441803
C 0.7530904412269592 -0.6054696440696716 -1.13837468624115
C 0.011246683076024055 -1.0626153945922852 -2.367414951324463
O -1.191723346710205 -0.9281280040740967 -2.432908535003662
N 0.6827569603919983 -1.6212371587753296 -3.392951250076294
O -1.1649999618530273 0.8309999704360962 2.878000020980835
H 1.7289999723434448 -1.1480000019073486 1.1369999647140503
H 2.2860000133514404 0.07800000160932541 0.23999999463558197
H 0.6050000190734863 1.5369999408721924 1.0989999771118164
H -0.9680706858634949 -0.7715036273002625 0.1446904093027115
H -0.7484056353569031 0.8361864686012268 -0.5861813426017761
H 1.4851611852645874 0.1530340015888214 -1.418065071105957
H 1.2653981447219849 -1.454244613647461 -0.6862872838973999
H 0.2058180421590805 -1.9156583547592163 -4.183831214904785
H 1.6456215381622314 -1.7293132543563843 -3.3400614261627197
H -1.6490000486373901 0.5559999942779541 3.6689999103546143
