N 1.8580000400543213 -0.14800000190734863 1.125
C 0.5170000195503235 0.45100000500679016 1.1119999885559082
C -0.23600000143051147 0.02199999988079071 2.3440001010894775
O -0.004999999888241291 -1.0490000247955322 2.8510000705718994
C -0.23600001633167267 -0.013000011444091797 -0.1350001096725464
C -1.7051254510879517 -0.24994036555290222 0.21372707188129425
C -2.447321653366089 -0.7073917984962463 -1.0149866342544556
O -1.8577789068222046 -0.830530047416687 -2.0670273303985596
N -3.7650110721588135 -0.9788214564323425 -0.946208655834198
O -1.1649999618530273 0.8309999704360962 2.878000020980835
H 1.7289999723434448 -1.1480000019073486 1.1369999647140503
H 2.2860000133514404 0.07800000160932541 0.23999999463558197
H 0.6050000190734863 1.5369999408721924 1.0989999771118164
H -0.16501985490322113 0.7534505128860474 -0.907656192779541
H 0.2056233137845993 -0.9391513466835022 -0.501680314540863
H -1.7761056423187256 -1.0163909196853638 0.9863831996917725
H -2.1458611488342285 0.676503598690033 0.5807622671127319
H -4.242957592010498 -1.2730083465576172 -1.7365673780441284
H -4.2368316650390625 -0.8796274065971375 -0.10410899668931961
H -1.6490000486373901 0.5559999942779541 3.6689999103546143
