N 1.8580000400543213 -0.14800000190734863 1.125
C 0.5170000195503235 0.45100000500679016 1.1119999885559082
C -0.23600000143051147 0.02199999988079071 2.3440001010894775
O -0.004999999888241291 -1.0490000247955322 2.8510000705718994
C -0.23600000143051147 -0.013000013306736946 -0.13499999046325684
C 0.3703862428665161 0.6467120051383972 -1.3732070922851562
C -0.37166181206703186 0.18972770869731903 -2.6021840572357178
O -1.294886589050293 -0.5887838006019592 -2.4968810081481934
N -0.01004850585013628 0.6443513035774231 -3.8176109790802
O -1.1649999618530273 0.8309999704360962 2.878000020980835
H 1.7289999723434448 -1.1480000019073486 1.1369999647140503
H 2.2860000133514404 0.07800000160932541 0.23999999463558197
H 0.6050000190734863 1.5369999408721924 1.0989999771118164
H -0.15573696792125702 -1.0969685316085815 -0.22473348677158356
H -1.2856237888336182 0.2668094038963318 -0.04992128908634186
H 0.29012319445610046 1.7306805849075317 -1.2834736108779907
H 1.4200754165649414 0.36681318283081055 -1.4572919607162476
H -0.4871072471141815 0.35044801235198975 -4.608611106872559
H 0.7293638586997986 1.2670726776123047 -3.9017140865325928
H -1.6490000486373901 0.5559999942779541 3.6689999103546143
