N 1.8580000400543213 -0.14800000190734863 1.125
C 0.5170000195503235 0.45100000500679016 1.1119999885559082
C -0.23600000143051147 0.02199999988079071 2.3440001010894775
O -0.004999999888241291 -1.0490000247955322 2.8510000705718994
C -0.23600000143051147 -0.013000019825994968 -0.13500003516674042
C -0.8080188632011414 1.200318455696106 -0.8676211833953857
C -1.550283670425415 0.7432544827461243 -2.096437454223633
O -1.614006519317627 -0.4382188618183136 -2.3602049350738525
N -2.1423087120056152 1.6456342935562134 -2.9026176929473877
O -1.1649999618530273 0.8309999704360962 2.878000020980835
H 1.7289999723434448 -1.1480000019073486 1.1369999647140503
H 2.2860000133514404 0.07800000160932541 0.23999999463558197
H 0.6050000190734863 1.5369999408721924 1.0989999771118164
H 0.449273020029068 -0.5461539030075073 -0.7950226664543152
H -1.0478335618972778 -0.6780433058738708 0.15806230902671814
H -1.493291974067688 1.7334723472595215 -0.2075985223054886
H 0.004355812910944223 1.8650609254837036 -1.159898281097412
H -2.6198387145996094 1.3519974946975708 -3.693432569503784
H -2.0906777381896973 2.591355085372925 -2.6915905475616455
H -1.6490000486373901 0.5559999942779541 3.6689999103546143
