N 1.8580000400543213 -0.14800000190734863 1.125
C 0.5170000195503235 0.45100000500679016 1.1119999885559082
C -0.23600000143051147 0.02199999988079071 2.3440001010894775
O -0.004999999888241291 -1.0490000247955322 2.8510000705718994
C -0.23600003123283386 -0.013000000268220901 -0.1350000649690628
C -0.33920982480049133 -1.5379323959350586 -0.1318272203207016
C -1.0810741186141968 -1.9954042434692383 -1.3607337474822998
O -1.4881664514541626 -1.1800955533981323 -2.160146474838257
N -1.29326593875885 -3.3088512420654297 -1.5717822313308716
O -1.1649999618530273 0.8309999704360962 2.878000020980835
H 1.7289999723434448 -1.1480000019073486 1.1369999647140503
H 2.2860000133514404 0.07800000160932541 0.23999999463558197
H 0.6050000190734863 1.5369999408721924 1.0989999771118164
H -1.2374519109725952 0.41894423961639404 -0.13560140132904053
H 0.3003006875514984 0.3142622113227844 -1.0252375602722168
H 0.6622421145439148 -1.9698766469955444 -0.13122588396072388
H -0.8751795291900635 -1.864396333694458 0.7589133977890015
H -1.7706865072250366 -3.603606700897217 -2.3622469902038574
H -0.9678124189376831 -3.961261510848999 -0.9314490556716919
H -1.6490000486373901 0.5559999942779541 3.6689999103546143
