N 1.8580000400543213 -0.14800000190734863 1.125
C 0.5170000195503235 0.45100000500679016 1.1119999885559082
C -0.23600000143051147 0.02199999988079071 2.3440001010894775
O -0.004999999888241291 -1.0490000247955322 2.8510000705718994
C -0.23600003123283386 -0.013000008650124073 -0.1350001096725464
C -1.5531139373779297 -0.6693081259727478 0.2779788076877594
C -2.295238733291626 -1.126810073852539 -0.95075923204422
O -1.8167674541473389 -0.9441923499107361 -2.049499034881592
N -3.48984956741333 -1.737580418586731 -0.8300358057022095
O -1.1649999618530273 0.8309999704360962 2.878000020980835
H 1.7289999723434448 -1.1480000019073486 1.1369999647140503
H 2.2860000133514404 0.07800000160932541 0.23999999463558197
H 0.6050000190734863 1.5369999408721924 1.0989999771118164
H -0.4428863227367401 0.8460409641265869 -0.7743189930915833
H 0.37431496381759644 -0.7320879697799683 -0.6805914640426636
H -1.3462276458740234 -1.5283491611480713 0.9172977209091187
H -2.1626052856445312 0.05024000257253647 0.8239016532897949
H -3.9677462577819824 -2.0319416522979736 -1.6203598976135254
H -3.872920274734497 -1.883135199546814 0.04954168200492859
H -1.6490000486373901 0.5559999942779541 3.6689999103546143
