N 1.8580000400543213 -0.14800000190734863 1.125
C 0.5170000195503235 0.45100000500679016 1.1119999885559082
C -0.23600000143051147 0.02199999988079071 2.3440001010894775
O -0.004999999888241291 -1.0490000247955322 2.8510000705718994
C -0.23600003123283386 -0.013000000268220901 -0.135000079870224
C -0.404560387134552 -1.5315674543380737 -0.09473367035388947
C -1.146433711051941 -1.9890480041503906 -1.3236315250396729
O -1.5058746337890625 -1.1783369779586792 -2.1501078605651855
N -1.4115068912506104 -3.2973577976226807 -1.5046590566635132
O -1.1649999618530273 0.8309999704360962 2.878000020980835
H 1.7289999723434448 -1.1480000019073486 1.1369999647140503
H 2.2860000133514404 0.07800000160932541 0.23999999463558197
H 0.6050000190734863 1.5369999408721924 1.0989999771118164
H -1.2178757190704346 0.46093612909317017 -0.16304734349250793
H 0.32743167877197266 0.2678212523460388 -1.024340271949768
H 0.5773153901100159 -2.0055036544799805 -0.06668639928102493
H -0.967634916305542 -1.8115923404693604 0.7950944900512695
H -1.8889544010162354 -3.5921084880828857 -2.295109510421753
H -1.1241936683654785 -3.9460597038269043 -0.8426749110221863
H -1.6490000486373901 0.5559999942779541 3.6689999103546143
