N 1.8580000400543213 -0.14800000190734863 1.125
C 0.5170000195503235 0.45100000500679016 1.1119999885559082
C -0.23600000143051147 0.02199999988079071 2.3440001010894775
O -0.004999999888241291 -1.0490000247955322 2.8510000705718994
C -0.23600000143051147 -0.013000017032027245 -0.135000079870224
C -1.6399861574172974 0.5910625457763672 -0.13853858411312103
C -2.38227915763855 0.13376769423484802 -1.3672521114349365
O -1.8397523164749146 -0.6027874946594238 -2.162653923034668
N -3.647407293319702 0.5429322123527527 -1.5834574699401855
O -1.1649999618530273 0.8309999704360962 2.878000020980835
H 1.7289999723434448 -1.1480000019073486 1.1369999647140503
H 2.2860000133514404 0.07800000160932541 0.23999999463558197
H 0.6050000190734863 1.5369999408721924 1.0989999771118164
H 0.3020785450935364 0.3130829632282257 -1.025855541229248
H -0.30692198872566223 -1.1002920866012573 -0.1322207897901535
H -2.1780648231506348 0.2649795413017273 0.7523168921470642
H -1.5681954622268677 1.6783076524734497 -0.14082495868206024
H -4.125300884246826 0.24908117949962616 -2.3739731311798096
H -4.081277847290039 1.1329824924468994 -0.9469178318977356
H -1.6490000486373901 0.5559999942779541 3.6689999103546143
