N 1.8580000400543213 -0.14800000190734863 1.125
C 0.5170000195503235 0.45100000500679016 1.1119999885559082
C -0.23600000143051147 0.02199999988079071 2.3440001010894775
O -0.004999999888241291 -1.0490000247955322 2.8510000705718994
C -0.23600000143051147 -0.013000019825994968 -0.13500003516674042
C -0.7441485524177551 1.2039766311645508 -0.9075503945350647
C -1.486405849456787 0.7469227910041809 -2.1363751888275146
O -1.5966951847076416 -0.43726202845573425 -2.3710145950317383
N -2.0267488956451416 1.6522765159606934 -2.974869728088379
O -1.1649999618530273 0.8309999704360962 2.878000020980835
H 1.7289999723434448 -1.1480000019073486 1.1369999647140503
H 2.2860000133514404 0.07800000160932541 0.23999999463558197
H 0.6050000190734863 1.5369999408721924 1.0989999771118164
H 0.4358134865760803 -0.5918406844139099 -0.7698953747749329
H -1.0800102949142456 -0.635072648525238 0.1615031212568283
H -1.4159621000289917 1.7828173637390137 -0.27265501022338867
H 0.10037735104560852 1.8257461786270142 -1.2032521963119507
H -2.5042524337768555 1.3586387634277344 -3.765700578689575
H -1.9378423690795898 2.6001384258270264 -2.7871482372283936
H -1.6490000486373901 0.5559999942779541 3.6689999103546143
