N 1.8580000400543213 -0.14800000190734863 1.125
C 0.5170000195503235 0.45100000500679016 1.1119999885559082
C -0.23600000143051147 0.02199999988079071 2.3440001010894775
O -0.004999999888241291 -1.0490000247955322 2.8510000705718994
C -0.23600001633167267 -0.01300000213086605 -0.13500000536441803
C 0.6810836791992188 -0.8869114518165588 -0.9901708960533142
C -0.06073400005698204 -1.3441170454025269 -2.2192046642303467
O -1.2113629579544067 -1.0043153762817383 -2.392700433731079
N 0.5525595545768738 -2.1305105686187744 -3.1248347759246826
O -1.1649999618530273 0.8309999704360962 2.878000020980835
H 1.7289999723434448 -1.1480000019073486 1.1369999647140503
H 2.2860000133514404 0.07800000160932541 0.23999999463558197
H 0.6050000190734863 1.5369999408721924 1.0989999771118164
H -1.1121535301208496 -0.5895729660987854 0.163999542593956
H -0.5532360076904297 0.8556295037269592 -0.711268961429596
H 1.557237148284912 -0.31033846735954285 -1.289170503616333
H 0.9982481598854065 -1.755015254020691 -0.41305437684059143
H 0.07558202743530273 -2.425042152404785 -3.9156503677368164
H 1.4734220504760742 -2.4028565883636475 -2.9854581356048584
H -1.6490000486373901 0.5559999942779541 3.6689999103546143
