N 1.8580000400543213 -0.14800000190734863 1.125
C 0.5170000195503235 0.45100000500679016 1.1119999885559082
C -0.23600000143051147 0.02199999988079071 2.3440001010894775
O -0.004999999888241291 -1.0490000247955322 2.8510000705718994
C -0.23600000143051147 -0.01300001796334982 -0.135000079870224
C -1.5245976448059082 0.795291006565094 -0.284207820892334
C -2.266901731491089 0.3380490839481354 -1.5129343271255493
O -1.808389663696289 -0.5475355982780457 -2.20215106010437
N -3.4386956691741943 0.9125096201896667 -1.8470048904418945
O -1.1649999618530273 0.8309999704360962 2.878000020980835
H 1.7289999723434448 -1.1480000019073486 1.1369999647140503
H 2.2860000133514404 0.07800000160932541 0.23999999463558197
H 0.6050000190734863 1.5369999408721924 1.0989999771118164
H 0.39125075936317444 0.13760341703891754 -1.0144072771072388
H -0.4782821834087372 -1.0710386037826538 -0.03963007405400276
H -2.151848316192627 0.6446875333786011 0.595199465751648
H -1.2814911603927612 1.8531991243362427 -0.37902700901031494
H -3.9165353775024414 0.6187364459037781 -2.637582302093506
H -3.8052401542663574 1.6217684745788574 -1.2954769134521484
H -1.6490000486373901 0.5559999942779541 3.6689999103546143
