N 1.8580000400543213 -0.14800000190734863 1.125
C 0.5170000195503235 0.45100000500679016 1.1119999885559082
C -0.23600000143051147 0.02199999988079071 2.3440001010894775
O -0.004999999888241291 -1.0490000247955322 2.8510000705718994
C -0.23600000143051147 -0.013000019825994968 -0.13500003516674042
C -0.786817729473114 1.2019553184509277 -0.8810325264930725
C -1.5290800333023071 0.7448947429656982 -2.109851598739624
O -1.6082600355148315 -0.4377867877483368 -2.3638358116149902
N -2.103949785232544 1.6486036777496338 -2.9268856048583984
O -1.1649999618530273 0.8309999704360962 2.878000020980835
H 1.7289999723434448 -1.1480000019073486 1.1369999647140503
H 2.2860000133514404 0.07800000160932541 0.23999999463558197
H 0.6050000190734863 1.5369999408721924 1.0989999771118164
H 0.44504791498184204 -0.5615179538726807 -0.7867544889450073
H -1.0587564706802368 -0.6638830304145813 0.15938913822174072
H -1.4678657054901123 1.7504732608795166 -0.2292780578136444
H 0.03647138178348541 1.8525365591049194 -1.174631118774414
H -2.5814709663391113 1.3549667596817017 -3.717705726623535
H -2.039945602416992 2.5952818393707275 -2.7236862182617188
H -1.6490000486373901 0.5559999942779541 3.6689999103546143
