N 1.8580000400543213 -0.14800000190734863 1.125
C 0.5170000195503235 0.45100000500679016 1.1119999885559082
C -0.23600000143051147 0.02199999988079071 2.3440001010894775
O -0.004999999888241291 -1.0490000247955322 2.8510000705718994
C -0.23600000143051147 -0.01300001610070467 -0.13500000536441803
C 0.006065569818019867 0.9753209352493286 -1.2754853963851929
C -0.7360691428184509 0.5183395147323608 -2.504410982131958
O -1.3934773206710815 -0.49958980083465576 -2.4705357551574707
N -0.669314444065094 1.2388124465942383 -3.6407084465026855
O -1.1649999618530273 0.8309999704360962 2.878000020980835
H 1.7289999723434448 -1.1480000019073486 1.1369999647140503
H 2.2860000133514404 0.07800000160932541 0.23999999463558197
H 0.6050000190734863 1.5369999408721924 1.0989999771118164
H 0.12173232436180115 -1.0007275342941284 -0.42809370160102844
H -1.302323341369629 -0.0638500526547432 0.08319876343011856
H -0.35166677832603455 1.9630484580993652 -0.9823916554450989
H 1.07260262966156 1.025952696800232 -1.492732048034668
H -1.1465139389038086 0.945054829120636 -4.431678295135498
H -0.1425519436597824 2.053291082382202 -3.667754888534546
H -1.6490000486373901 0.5559999942779541 3.6689999103546143
