N 1.8580000400543213 -0.14800000190734863 1.125
C 0.5170000195503235 0.45100000500679016 1.1119999885559082
C -0.23600000143051147 0.02199999988079071 2.3440001010894775
O -0.004999999888241291 -1.0490000247955322 2.8510000705718994
C -0.23600000143051147 -0.013000018894672394 -0.1350000649690628
C -1.4164490699768066 0.9219659566879272 -0.3966480791568756
C -2.158755302429199 0.4647623300552368 -1.6253875494003296
O -1.7790236473083496 -0.51328444480896 -2.232628345489502
N -3.243060350418091 1.1417572498321533 -2.050440549850464
O -1.1649999618530273 0.8309999704360962 2.878000020980835
H 1.7289999723434448 -1.1480000019073486 1.1369999647140503
H 2.2860000133514404 0.07800000160932541 0.23999999463558197
H 0.6050000190734863 1.5369999408721924 1.0989999771118164
H 0.4376496374607086 0.0035814479924738407 -0.992556631565094
H -0.6017969846725464 -1.0277724266052246 0.01885518617928028
H -2.0900988578796387 0.9053844809532166 0.4609085023403168
H -1.0498700141906738 1.9365557432174683 -0.5499076247215271
H -3.720851182937622 0.8480309844017029 -2.841064929962158
H -3.546497344970703 1.9249600172042847 -1.564534068107605
H -1.6490000486373901 0.5559999942779541 3.6689999103546143
