N 1.8580000400543213 -0.14800000190734863 1.125
C 0.5170000195503235 0.45100000500679016 1.1119999885559082
C -0.23600000143051147 0.02199999988079071 2.3440001010894775
O -0.004999999888241291 -1.0490000247955322 2.8510000705718994
C -0.23600000143051147 -0.013000019825994968 -0.13500003516674042
C -0.7226935625076294 1.2043604850769043 -0.9206488132476807
C -1.4649481773376465 0.7473099231719971 -2.1494762897491455
O -1.5908803939819336 -0.43716946244239807 -2.3745601177215576
N -1.987930417060852 1.652978777885437 -2.9985716342926025
O -1.1649999618530273 0.8309999704360962 2.878000020980835
H 1.7289999723434448 -1.1480000019073486 1.1369999647140503
H 2.2860000133514404 0.07800000160932541 0.23999999463558197
H 0.6050000190734863 1.5369999408721924 1.0989999771118164
H 0.4308069944381714 -0.6067901849746704 -0.7613095641136169
H -1.0903347730636597 -0.6204313039779663 0.16228963434696198
H -1.389500617980957 1.798150658607483 -0.29433920979499817
H 0.13214828073978424 1.811488389968872 -1.2171317338943481
H -2.4654250144958496 1.3593403100967407 -3.78940749168396
H -1.8865023851394653 2.6010665893554688 -2.818495273590088
H -1.6490000486373901 0.5559999942779541 3.6689999103546143
