N 1.8580000400543213 -0.14800000190734863 1.125
C 0.5170000195503235 0.45100000500679016 1.1119999885559082
C -0.23600000143051147 0.02199999988079071 2.3440001010894775
O -0.004999999888241291 -1.0490000247955322 2.8510000705718994
C -0.23600003123283386 -0.012999999336898327 -0.1350000500679016
C -0.022095801308751106 -1.5134495496749878 -0.33242613077163696
C -0.7639234066009521 -1.970869779586792 -1.5613740682601929
O -1.4022129774093628 -1.1736332178115845 -2.214453935623169
N -0.7195175290107727 -3.264436960220337 -1.9347659349441528
O -1.1649999618530273 0.8309999704360962 2.878000020980835
H 1.7289999723434448 -1.1480000019073486 1.1369999647140503
H 2.2860000133514404 0.07800000160932541 0.23999999463558197
H 0.6050000190734863 1.5369999408721924 1.0989999771118164
H -1.3006484508514404 0.18913820385932922 -0.011931001208722591
H 0.13692304491996765 0.5260628461837769 -1.0053915977478027
H 1.0425525903701782 -1.715587854385376 -0.4554951786994934
H -0.39481446146965027 -2.051727294921875 0.5385498404502869
H -1.1968058347702026 -3.559194564819336 -2.7253098487854004
H -0.20899279415607452 -3.9025278091430664 -1.4115160703659058
H -1.6490000486373901 0.5559999942779541 3.6689999103546143
