N 1.8580000400543213 -0.14800000190734863 1.125
C 0.5170000195503235 0.45100000500679016 1.1119999885559082
C -0.23600000143051147 0.02199999988079071 2.3440001010894775
O -0.004999999888241291 -1.0490000247955322 2.8510000705718994
C -0.23600001633167267 -0.013000003062188625 -0.13500000536441803
C 0.7276110649108887 -0.739060640335083 -1.073280692100525
C -0.014219237491488457 -1.1962335109710693 -2.302319049835205
O -1.1986877918243408 -0.9642962217330933 -2.4152450561523438
N 0.6366972327232361 -1.8629690408706665 -3.27519154548645
O -1.1649999618530273 0.8309999704360962 2.878000020980835
H 1.7289999723434448 -1.1480000019073486 1.1369999647140503
H 2.2860000133514404 0.07800000160932541 0.23999999463558197
H 0.6050000190734863 1.5369999408721924 1.0989999771118164
H -1.0385814905166626 -0.6911359429359436 0.15736399590969086
H -0.6598624587059021 0.8513904809951782 -0.645305335521698
H 1.530192494392395 -0.06092468276619911 -1.3656446933746338
H 1.1513845920562744 -1.6029855012893677 -0.5620949268341064
H 0.15974357724189758 -2.157443046569824 -4.066042900085449
H 1.5847021341323853 -2.0490176677703857 -3.1843154430389404
H -1.6490000486373901 0.5559999942779541 3.6689999103546143
