N 1.8580000400543213 -0.14800000190734863 1.125
C 0.5170000195503235 0.45100000500679016 1.1119999885559082
C -0.23600000143051147 0.02199999988079071 2.3440001010894775
O -0.004999999888241291 -1.0490000247955322 2.8510000705718994
C -0.23600003123283386 -0.012999999336898327 -0.13500003516674042
C 0.2978602349758148 -1.3752237558364868 -0.5770641565322876
C -0.44394451379776 -1.8325719833374023 -1.8060526847839355
O -1.3154388666152954 -1.1363661289215088 -2.28071928024292
N -0.14066126942634583 -3.0142123699188232 -2.3774144649505615
O -1.1649999618530273 0.8309999704360962 2.878000020980835
H 1.7289999723434448 -1.1480000019073486 1.1369999647140503
H 2.2860000133514404 0.07800000160932541 0.23999999463558197
H 0.6050000190734863 1.5369999408721924 1.0989999771118164
H -1.2992173433303833 -0.09611806273460388 0.09334676712751389
H -0.09296412020921707 0.7119709253311157 -0.9357495307922363
H 1.3610776662826538 -1.2921056747436523 -0.8054109811782837
H 0.15490199625492096 -2.099468469619751 0.2243681252002716
H -0.6178127527236938 -3.3089263439178467 -3.168057441711426
H 0.5565842986106873 -3.5715975761413574 -1.9969459772109985
H -1.6490000486373901 0.5559999942779541 3.6689999103546143
