N 1.8580000400543213 -0.14800000190734863 1.125
C 0.5170000195503235 0.45100000500679016 1.1119999885559082
C -0.23600000143051147 0.02199999988079071 2.3440001010894775
O -0.004999999888241291 -1.0490000247955322 2.8510000705718994
C -0.23600003123283386 -0.01300000213086605 -0.1350000947713852
C -0.8583489060401917 -1.3846285343170166 0.12461121380329132
C -1.6002973318099976 -1.842151403427124 -1.104225516319275
O -1.6287928819656372 -1.1382988691329956 -2.0907816886901855
N -2.2325925827026367 -3.031646966934204 -1.1077162027359009
O -1.1649999618530273 0.8309999704360962 2.878000020980835
H 1.7289999723434448 -1.1480000019073486 1.1369999647140503
H 2.2860000133514404 0.07800000160932541 0.23999999463558197
H 0.6050000190734863 1.5369999408721924 1.0989999771118164
H -1.0229387283325195 0.7042043209075928 -0.371278315782547
H 0.45695939660072327 -0.0798116996884346 -0.9732036590576172
H -0.07141008973121643 -2.101832866668701 0.3608894348144531
H -1.550768494606018 -1.317075252532959 0.9632128477096558
H -2.71022367477417 -3.326321840286255 -1.8980841636657715
H -2.210129737854004 -3.5946314334869385 -0.3176972568035126
H -1.6490000486373901 0.5559999942779541 3.6689999103546143
