N 1.8580000400543213 -0.14800000190734863 1.125
C 0.5170000195503235 0.45100000500679016 1.1119999885559082
C -0.23600000143051147 0.02199999988079071 2.3440001010894775
O -0.004999999888241291 -1.0490000247955322 2.8510000705718994
C -0.23600003123283386 -0.013000006787478924 -0.1350001096725464
C -1.4074792861938477 -0.9039002060890198 0.2773275375366211
C -2.1495566368103027 -1.3614212274551392 -0.9514321088790894
O -1.7774022817611694 -1.007806658744812 -2.0495991706848145
N -3.2262816429138184 -2.162004232406616 -0.8312660455703735
O -1.1649999618530273 0.8309999704360962 2.878000020980835
H 1.7289999723434448 -1.1480000019073486 1.1369999647140503
H 2.2860000133514404 0.07800000160932541 0.23999999463558197
H 0.6050000190734863 1.5369999408721924 1.0989999771118164
H -0.6130869388580322 0.8561202883720398 -0.6752939224243164
H 0.4401395618915558 -0.5746376514434814 -0.7789257764816284
H -1.0303924083709717 -1.7730205059051514 0.8176213502883911
H -2.082855463027954 -0.34170931577682495 0.9215863943099976
H -3.704125165939331 -2.456465244293213 -1.6215850114822388
H -3.524338722229004 -2.4444644451141357 0.04791771620512009
H -1.6490000486373901 0.5559999942779541 3.6689999103546143
