N 1.8580000400543213 -0.14800000190734863 1.125
C 0.5170000195503235 0.45100000500679016 1.1119999885559082
C -0.23600000143051147 0.02199999988079071 2.3440001010894775
O -0.004999999888241291 -1.0490000247955322 2.8510000705718994
C -0.23600000143051147 -0.013000018894672394 -0.13500002026557922
C -0.5926905870437622 1.1978888511657715 -0.9967429637908936
C -1.3349281549453735 0.7408567070960999 -2.2255876064300537
O -1.5556504726409912 -0.4389913082122803 -2.395155906677246
N -1.7527135610580444 1.6413159370422363 -3.13626766204834
O -1.1649999618530273 0.8309999704360962 2.878000020980835
H 1.7289999723434448 -1.1480000019073486 1.1369999647140503
H 2.2860000133514404 0.07800000160932541 0.23999999463558197
H 0.6050000190734863 1.5369999408721924 1.0989999771118164
H 0.39541879296302795 -0.6932367086410522 -0.70777428150177
H -1.1478537321090698 -0.5295609831809998 0.1632101982831955
H -1.224109411239624 1.8781256675720215 -0.42396867275238037
H 0.31961819529533386 1.7141478061676025 -1.2941155433654785
H -2.230154275894165 1.347670078277588 -3.927133083343506
H -1.5754131078720093 2.585639238357544 -3.000605821609497
H -1.6490000486373901 0.5559999942779541 3.6689999103546143
