N 1.8580000400543213 -0.14800000190734863 1.125
C 0.5170000195503235 0.45100000500679016 1.1119999885559082
C -0.23600000143051147 0.02199999988079071 2.3440001010894775
O -0.004999999888241291 -1.0490000247955322 2.8510000705718994
C -0.23600000143051147 -0.01300001796334982 -0.135000079870224
C -1.5121431350708008 0.8122051358222961 -0.2980220317840576
C -2.2544476985931396 0.35496804118156433 -1.526750087738037
O -1.8050068616867065 -0.5429612398147583 -2.2058959007263184
N -3.4161670207977295 0.9431189298629761 -1.8719983100891113
O -1.1649999618530273 0.8309999704360962 2.878000020980835
H 1.7289999723434448 -1.1480000019073486 1.1369999647140503
H 2.2860000133514404 0.07800000160932541 0.23999999463558197
H 0.6050000190734863 1.5369999408721924 1.0989999771118164
H 0.39792993664741516 0.12107538431882858 -1.012290596961975
H -0.4938390254974365 -1.0666254758834839 -0.03187817335128784
H -2.14607310295105 0.6781297326087952 0.5792685151100159
H -1.2534847259521484 1.865693211555481 -0.40058761835098267
H -3.894000768661499 0.6493520736694336 -2.662581443786621
H -3.7754440307617188 1.6622508764266968 -1.3285324573516846
H -1.6490000486373901 0.5559999942779541 3.6689999103546143
