N 1.8580000400543213 -0.14800000190734863 1.125
C 0.5170000195503235 0.45100000500679016 1.1119999885559082
C -0.23600000143051147 0.02199999988079071 2.3440001010894775
O -0.004999999888241291 -1.0490000247955322 2.8510000705718994
C -0.23600000143051147 -0.013000007718801498 -0.13499999046325684
C 0.7296922206878662 -0.08627613633871078 -1.3174339532852173
C -0.012219269759953022 -0.5433346629142761 -2.5464656352996826
O -1.1978343725204468 -0.7874972224235535 -2.48154616355896
N 0.6402661204338074 -0.6818047761917114 -3.7168495655059814
O -1.1649999618530273 0.8309999704360962 2.878000020980835
H 1.7289999723434448 -1.1480000019073486 1.1369999647140503
H 2.2860000133514404 0.07800000160932541 0.23999999463558197
H 0.6050000190734863 1.5369999408721924 1.0989999771118164
H -0.6642099022865295 -0.9995761513710022 0.04606849327683449
H -1.0348665714263916 0.6930173635482788 -0.3599298298358917
H 1.1579021215438843 0.9003000259399414 -1.498502492904663
H 1.5284745693206787 -0.7920910120010376 -1.0915285348892212
H 0.16333360970020294 -0.9760162830352783 -4.507811546325684
H 1.5894337892532349 -0.486856609582901 -3.768441915512085
H -1.6490000486373901 0.5559999942779541 3.6689999103546143
