N 1.8580000400543213 -0.14800000190734863 1.125
C 0.5170000195503235 0.45100000500679016 1.1119999885559082
C -0.23600000143051147 0.02199999988079071 2.3440001010894775
O -0.004999999888241291 -1.0490000247955322 2.8510000705718994
C -0.23600000143051147 -0.013000008650124073 -0.13499999046325684
C 0.6762176752090454 0.10360347479581833 -1.355796217918396
C -0.06572423875331879 -0.353429913520813 -2.5848190784454346
O -1.212242603302002 -0.7360418438911438 -2.4919919967651367
N 0.5434572100639343 -0.338251531124115 -3.7862253189086914
O -1.1649999618530273 0.8309999704360962 2.878000020980835
H 1.7289999723434448 -1.1480000019073486 1.1369999647140503
H 2.2860000133514404 0.07800000160932541 0.23999999463558197
H 0.6050000190734863 1.5369999408721924 1.0989999771118164
H -0.542138934135437 -1.0520671606063843 -0.008112441748380661
H -1.1184766292572021 0.6098082661628723 -0.2784804403781891
H 0.982356607913971 1.1426706314086914 -1.482683777809143
H 1.5586329698562622 -0.5190783143043518 -1.211325764656067
H 0.06650838255882263 -0.6323846578598022 -4.577206611633301
H 1.461401104927063 -0.032485488802194595 -3.8601977825164795
H -1.6490000486373901 0.5559999942779541 3.6689999103546143
