N 1.8580000400543213 -0.14800000190734863 1.125
C 0.5170000195503235 0.45100000500679016 1.1119999885559082
C -0.23600000143051147 0.02199999988079071 2.3440001010894775
O -0.004999999888241291 -1.0490000247955322 2.8510000705718994
C -0.23600000143051147 -0.013000008650124073 -0.13499999046325684
C 0.6841666102409363 0.08008264750242233 -1.351844310760498
C -0.05777137354016304 -0.3769536316394806 -2.5808682441711426
O -1.2100987434387207 -0.7424164414405823 -2.4909145832061768
N 0.5578463077545166 -0.3808077871799469 -3.7790791988372803
O -1.1649999618530273 0.8309999704360962 2.878000020980835
H 1.7289999723434448 -1.1480000019073486 1.1369999647140503
H 2.2860000133514404 0.07800000160932541 0.23999999463558197
H 0.6050000190734863 1.5369999408721924 1.0989999771118164
H -0.5575829148292542 -1.04647696018219 -0.0008666536887176335
H -1.108743667602539 0.6210255026817322 -0.2885315418243408
H 1.0057495832443237 1.1135597229003906 -1.4859776496887207
H 1.5568455457687378 -0.5538069605827332 -1.1973241567611694
H 0.08090006560087204 -0.6749506592750549 -4.570058345794678
H 1.4804311990737915 -0.08876888453960419 -3.8507463932037354
H -1.6490000486373901 0.5559999942779541 3.6689999103546143
