N 1.8580000400543213 -0.14800000190734863 1.125
C 0.5170000195503235 0.45100000500679016 1.1119999885559082
C -0.23600000143051147 0.02199999988079071 2.3440001010894775
O -0.004999999888241291 -1.0490000247955322 2.8510000705718994
C -0.23600001633167267 -0.01300000585615635 -0.13499999046325684
C 0.7652755379676819 -0.372916579246521 -1.2322640419006348
C 0.023404274135828018 -0.8300198316574097 -2.461303472518921
O -1.188317894935608 -0.8651497960090637 -2.4583988189697266
N 0.7047334909439087 -1.2004458904266357 -3.562795400619507
O -1.1649999618530273 0.8309999704360962 2.878000020980835
H 1.7289999723434448 -1.1480000019073486 1.1369999647140503
H 2.2860000133514404 0.07800000160932541 0.23999999463558197
H 0.6050000190734863 1.5369999408721924 1.0989999771118164
H -0.8374896049499512 -0.8892622590065002 0.10965628176927567
H -0.887389600276947 0.7876259088516235 -0.48418691754341125
H 1.3667651414871216 0.5033457279205322 -1.476920247077942
H 1.4165642261505127 -1.1732248067855835 -0.8821343779563904
H 0.22780682146549225 -1.4947739839553833 -4.35371732711792
H 1.6746909618377686 -1.1727914810180664 -3.564692735671997
H -1.6490000486373901 0.5559999942779541 3.6689999103546143
