N 1.8580000400543213 -0.14800000190734863 1.125
C 0.5170000195503235 0.45100000500679016 1.1119999885559082
C -0.23600000143051147 0.02199999988079071 2.3440001010894775
O -0.004999999888241291 -1.0490000247955322 2.8510000705718994
C -0.23600003123283386 -0.013000000268220901 -0.13500003516674042
C 0.41106390953063965 -1.2866235971450806 -0.6783896088600159
C -0.33073773980140686 -1.7439393997192383 -1.9073920249938965
O -1.2847195863723755 -1.1124298572540283 -2.308175563812256
N 0.06413191556930542 -2.853856325149536 -2.560746192932129
O -1.1649999618530273 0.8309999704360962 2.878000020980835
H 1.7289999723434448 -1.1480000019073486 1.1369999647140503
H 2.2860000133514404 0.07800000160932541 0.23999999463558197
H 0.6050000190734863 1.5369999408721924 1.0989999771118164
H -1.275915503501892 -0.21571308374404907 0.12377642095088959
H -0.19704411923885345 0.7680298089981079 -0.8937599658966064
H 1.4509793519973755 -1.0839104652404785 -0.9371660947799683
H 0.37214112281799316 -2.0669639110565186 0.08109378814697266
H -0.4129698872566223 -3.148538827896118 -3.351430654525757
H 0.8274379968643188 -3.3595194816589355 -2.2394134998321533
H -1.6490000486373901 0.5559999942779541 3.6689999103546143
