N 1.8580000400543213 -0.14800000190734863 1.125
C 0.5170000195503235 0.45100000500679016 1.1119999885559082
C -0.23600000143051147 0.02199999988079071 2.3440001010894775
O -0.004999999888241291 -1.0490000247955322 2.8510000705718994
C -0.23600000143051147 -0.013000009581446648 -0.13499999046325684
C 0.6592587232589722 0.1503896862268448 -1.362964391708374
C -0.08269117027521133 -0.30663806200027466 -2.591984510421753
O -1.2168179750442505 -0.7233612537384033 -2.4939475059509277
N 0.5127591490745544 -0.2536015808582306 -3.7991859912872314
O -1.1649999618530273 0.8309999704360962 2.878000020980835
H 1.7289999723434448 -1.1480000019073486 1.1369999647140503
H 2.2860000133514404 0.07800000160932541 0.23999999463558197
H 0.6050000190734863 1.5369999408721924 1.0989999771118164
H -0.5111390948295593 -1.0623968839645386 -0.022988030686974525
H -1.1372965574264526 0.5867074728012085 -0.2585204541683197
H 0.93439781665802 1.1997865438461304 -1.4749764204025269
H 1.560500979423523 -0.4492100179195404 -1.238451361656189
H 0.03580477833747864 -0.5477152466773987 -4.590170860290527
H 1.4208018779754639 0.07946954667568207 -3.8773396015167236
H -1.6490000486373901 0.5559999942779541 3.6689999103546143
