N 1.8580000400543213 -0.14800000190734863 1.125
C 0.5170000195503235 0.45100000500679016 1.1119999885559082
C -0.23600000143051147 0.02199999988079071 2.3440001010894775
O -0.004999999888241291 -1.0490000247955322 2.8510000705718994
C -0.23600000143051147 -0.01300001796334982 -0.13500000536441803
C -0.24429506063461304 1.1081748008728027 -1.1737393140792847
C -0.9864777326583862 0.6511790156364441 -2.4026308059692383
O -1.4612698554992676 -0.4634746313095093 -2.443037509918213
N -1.12233304977417 1.479110836982727 -3.4565670490264893
O -1.1649999618530273 0.8309999704360962 2.878000020980835
H 1.7289999723434448 -1.1480000019073486 1.1369999647140503
H 2.2860000133514404 0.07800000160932541 0.23999999463558197
H 0.6050000190734863 1.5369999408721924 1.0989999771118164
H 0.2590208053588867 -0.8908686637878418 -0.551872968673706
H -1.2605328559875488 -0.26832062005996704 0.13404570519924164
H -0.7393158674240112 1.9860434532165527 -0.7568663358688354
H 0.7805528044700623 1.363226056098938 -1.4418749809265137
H -1.5996321439743042 1.1854159832000732 -4.247499942779541
H -0.7416958212852478 2.371105670928955 -3.4242188930511475
H -1.6490000486373901 0.5559999942779541 3.6689999103546143
