N 1.8580000400543213 -0.14800000190734863 1.125
C 0.5170000195503235 0.45100000500679016 1.1119999885559082
C -0.23600000143051147 0.02199999988079071 2.3440001010894775
O -0.004999999888241291 -1.0490000247955322 2.8510000705718994
C -0.23600003123283386 -0.01300000213086605 -0.1350000947713852
C -0.8163284659385681 -1.406065821647644 0.10721386969089508
C -1.5582690238952637 -1.8635860681533813 -1.1216286420822144
O -1.6174142360687256 -1.144127368927002 -2.0954837799072266
N -2.1565585136413574 -3.070420980453491 -1.1392018795013428
O -1.1649999618530273 0.8309999704360962 2.878000020980835
H 1.7289999723434448 -1.1480000019073486 1.1369999647140503
H 2.2860000133514404 0.07800000160932541 0.23999999463558197
H 0.6050000190734863 1.5369999408721924 1.0989999771118164
H -1.0454868078231812 0.6853607892990112 -0.3506511151790619
H 0.4494520425796509 -0.045704185962677 -0.9813615679740906
H -0.006841612979769707 -2.104426622390747 0.32286491990089417
H -1.5012576580047607 -1.3726118803024292 0.953980565071106
H -2.6341726779937744 -3.3651058673858643 -1.9295761585235596
H -2.109570026397705 -3.6459131240844727 -0.3593386113643646
H -1.6490000486373901 0.5559999942779541 3.6689999103546143
