N 1.8580000400543213 -0.14800000190734863 1.125
C 0.5170000195503235 0.45100000500679016 1.1119999885559082
C -0.23600000143051147 0.02199999988079071 2.3440001010894775
O -0.004999999888241291 -1.0490000247955322 2.8510000705718994
C -0.23600003123283386 -0.013000004924833775 -0.1350001096725464
C -1.228047490119934 -1.1114552021026611 0.24620749056339264
C -1.970076322555542 -1.5689855813980103 -0.9825778603553772
O -1.728865623474121 -1.0641162395477295 -2.057955741882324
N -2.9015722274780273 -2.53749418258667 -0.8876243233680725
O -1.1649999618530273 0.8309999704360962 2.878000020980835
H 1.7289999723434448 -1.1480000019073486 1.1369999647140503
H 2.2860000133514404 0.07800000160932541 0.23999999463558197
H 0.6050000190734863 1.5369999408721924 1.0989999771118164
H -0.775994598865509 0.8302188515663147 -0.5672845244407654
H 0.4745554029941559 -0.400594025850296 -0.8644681572914124
H -0.6880528926849365 -1.9546741247177124 0.6784918904304504
H -1.937912940979004 -0.7232259511947632 0.9760226011276245
H -3.379347801208496 -2.832045316696167 -1.6779508590698242
H -3.094893217086792 -2.9410765171051025 -0.02661668322980404
H -1.6490000486373901 0.5559999942779541 3.6689999103546143
