N 1.8580000400543213 -0.14800000190734863 1.125
C 0.5170000195503235 0.45100000500679016 1.1119999885559082
C -0.23600000143051147 0.02199999988079071 2.3440001010894775
O -0.004999999888241291 -1.0490000247955322 2.8510000705718994
C -0.23600003123283386 -0.013000006787478924 -0.1350001096725464
C -1.4782196283340454 -0.8001206517219543 0.28142833709716797
C -2.2203187942504883 -1.257634162902832 -0.9473209381103516
O -1.7965279817581177 -0.9796614050865173 -2.04852294921875
N -3.3543035984039307 -1.9742485284805298 -0.8238226175308228
O -1.1649999618530273 0.8309999704360962 2.878000020980835
H 1.7289999723434448 -1.1480000019073486 1.1369999647140503
H 2.2860000133514404 0.07800000160932541 0.23999999463558197
H 0.6050000190734863 1.5369999408721924 1.0989999771118164
H -0.5362548232078552 0.8560076951980591 -0.7216470241546631
H 0.4139935374259949 -0.6486274600028992 -0.7356064319610596
H -1.1779648065567017 -1.66912841796875 0.8680753111839294
H -2.127420663833618 -0.16398106515407562 0.8823655247688293
H -3.8321733474731445 -2.268665075302124 -1.6141424179077148
H -3.6936540603637695 -2.1961448192596436 0.05776067450642586
H -1.6490000486373901 0.5559999942779541 3.6689999103546143
