N 1.8580000400543213 -0.14800000190734863 1.125
C 0.5170000195503235 0.45100000500679016 1.1119999885559082
C -0.23600000143051147 0.02199999988079071 2.3440001010894775
O -0.004999999888241291 -1.0490000247955322 2.8510000705718994
C -0.23600000143051147 -0.013000018894672394 -0.1350000649690628
C -1.3069096803665161 1.0154763460159302 -0.4975878894329071
C -2.0492138862609863 0.5583053827285767 -1.726340651512146
O -1.7492953538894653 -0.48801636695861816 -2.259981632232666
N -3.044898509979248 1.3109965324401855 -2.2330732345581055
O -1.1649999618530273 0.8309999704360962 2.878000020980835
H 1.7289999723434448 -1.1480000019073486 1.1369999647140503
H 2.2860000133514404 0.07800000160932541 0.23999999463558197
H 0.6050000190734863 1.5369999408721924 1.0989999771118164
H 0.4646640419960022 -0.11580046266317368 -0.9644480347633362
H -0.7069646120071411 -0.9754321575164795 0.06288515031337738
H -2.0075738430023193 1.1182767152786255 0.33186015486717224
H -0.8352060317993164 1.9776870012283325 -0.6948369741439819
H -3.5226409435272217 1.0173038244247437 -3.0237390995025635
H -3.2844138145446777 2.148787021636963 -1.8060773611068726
H -1.6490000486373901 0.5559999942779541 3.6689999103546143
