N 1.8580000400543213 -0.14800000190734863 1.125
C 0.5170000195503235 0.45100000500679016 1.1119999885559082
C -0.23600000143051147 0.02199999988079071 2.3440001010894775
O -0.004999999888241291 -1.0490000247955322 2.8510000705718994
C -0.23600000143051147 -0.01300001796334982 -0.135000079870224
C -1.499376654624939 0.8288206458091736 -0.3119135797023773
C -2.2416818141937256 0.3715883493423462 -1.5406430959701538
O -1.8015395402908325 -0.5384678840637207 -2.2096614837646484
N -3.393073558807373 0.973188042640686 -1.8971318006515503
O -1.1649999618530273 0.8309999704360962 2.878000020980835
H 1.7289999723434448 -1.1480000019073486 1.1369999647140503
H 2.2860000133514404 0.07800000160932541 0.23999999463558197
H 0.6050000190734863 1.5369999408721924 1.0989999771118164
H 0.4043616056442261 0.10447297990322113 -1.0099966526031494
H -0.5093717575073242 -1.0619250535964966 -0.02424778789281845
H -2.1397383213043213 0.7113476395606995 0.5630831122398376
H -1.22519052028656 1.8776013851165771 -0.42210400104522705
H -3.870901584625244 0.6794273853302002 -2.687720775604248
H -3.744901180267334 1.7020188570022583 -1.361773133277893
H -1.6490000486373901 0.5559999942779541 3.6689999103546143
