N 1.8580000400543213 -0.14800000190734863 1.125
C 0.5170000195503235 0.45100000500679016 1.1119999885559082
C -0.23600000143051147 0.02199999988079071 2.3440001010894775
O -0.004999999888241291 -1.0490000247955322 2.8510000705718994
C -0.23600001633167267 -0.01300001423805952 -0.1350000947713852
C -1.7393791675567627 0.1542031168937683 0.08403219282627106
C -2.4816300868988037 -0.3031828701496124 -1.1446728706359863
O -1.8668830394744873 -0.7210536599159241 -2.1022651195526123
N -3.827108144760132 -0.24756722152233124 -1.1808059215545654
O -1.1649999618530273 0.8309999704360962 2.878000020980835
H 1.7289999723434448 -1.1480000019073486 1.1369999647140503
H 2.2860000133514404 0.07800000160932541 0.23999999463558197
H 0.6050000190734863 1.5369999408721924 1.0989999771118164
H 0.07541510462760925 0.586959183216095 -0.9908923506736755
H -0.009805232286453247 -1.0616116523742676 -0.3260273039340973
H -2.0507943630218506 -0.44575610756874084 0.9399245381355286
H -1.964669108390808 1.2029447555541992 0.27546459436416626
H -4.305056571960449 -0.5415902733802795 -1.9712246656417847
H -4.318951606750488 0.08750126510858536 -0.41438254714012146
H -1.6490000486373901 0.5559999942779541 3.6689999103546143
