N 1.8580000400543213 -0.14800000190734863 1.125
C 0.5170000195503235 0.45100000500679016 1.1119999885559082
C -0.23600000143051147 0.02199999988079071 2.3440001010894775
O -0.004999999888241291 -1.0490000247955322 2.8510000705718994
C -0.23600003123283386 -0.013000008650124073 -0.1350001096725464
C -1.5862302780151367 -0.6017505526542664 0.2728383541107178
C -2.3283677101135254 -1.0592455863952637 -0.9558946490287781
O -1.8257125616073608 -0.9258774518966675 -2.050912380218506
N -3.5497872829437256 -1.6153520345687866 -0.8393227458000183
O -1.1649999618530273 0.8309999704360962 2.878000020980835
H 1.7289999723434448 -1.1480000019073486 1.1369999647140503
H 2.2860000133514404 0.07800000160932541 0.23999999463558197
H 0.6050000190734863 1.5369999408721924 1.0989999771118164
H -0.39602169394493103 0.8370645642280579 -0.7992780804634094
H 0.3512033224105835 -0.7713704705238342 -0.6520187854766846
H -1.4262086153030396 -1.451815128326416 0.9371163845062256
H -2.1725962162017822 0.1570531576871872 0.7901901602745056
H -4.027695655822754 -1.9096848964691162 -1.629650354385376
H -3.952190637588501 -1.721480131149292 0.037258330732584
H -1.6490000486373901 0.5559999942779541 3.6689999103546143
