N 1.8580000400543213 -0.14800000190734863 1.125
C 0.5170000195503235 0.45100000500679016 1.1119999885559082
C -0.23600000143051147 0.02199999988079071 2.3440001010894775
O -0.004999999888241291 -1.0490000247955322 2.8510000705718994
C -0.23600000143051147 -0.013000018894672394 -0.1350000649690628
C -1.4310029745101929 0.9072451591491699 -0.38238221406936646
C -2.173309326171875 0.45003676414489746 -1.6111198663711548
O -1.7829744815826416 -0.5172637104988098 -2.228761911392212
N -3.269388198852539 1.115115761756897 -2.0246293544769287
O -1.1649999618530273 0.8309999704360962 2.878000020980835
H 1.7289999723434448 -1.1480000019073486 1.1369999647140503
H 2.2860000133514404 0.07800000160932541 0.23999999463558197
H 0.6050000190734863 1.5369999408721924 1.0989999771118164
H 0.4327414929866791 0.02052316628396511 -0.9958966970443726
H -0.5865080952644348 -1.034164309501648 0.012001369148492813
H -2.0997445583343506 0.8737219572067261 0.4785144627094269
H -1.0797070264816284 1.9282329082489014 -0.5287936925888062
H -3.747185468673706 0.8213841319084167 -2.8152477741241455
H -3.5813181400299072 1.8897254467010498 -1.5303970575332642
H -1.6490000486373901 0.5559999942779541 3.6689999103546143
