N 1.8580000400543213 -0.14800000190734863 1.125
C 0.5170000195503235 0.45100000500679016 1.1119999885559082
C -0.23600000143051147 0.02199999988079071 2.3440001010894775
O -0.004999999888241291 -1.0490000247955322 2.8510000705718994
C -0.23600003123283386 -0.012999999336898327 -0.1350000500679016
C 0.19143857061862946 -1.4368869066238403 -0.48985713720321655
C -0.5503718256950378 -1.8942617177963257 -1.71883225440979
O -1.3443080186843872 -1.1530104875564575 -2.2570934295654297
N -0.3331919014453888 -3.1258254051208496 -2.2196247577667236
O -1.1649999618530273 0.8309999704360962 2.878000020980835
H 1.7289999723434448 -1.1480000019073486 1.1369999647140503
H 2.2860000133514404 0.07800000160932541 0.23999999463558197
H 0.6050000190734863 1.5369999408721924 1.0989999771118164
H -1.3087022304534912 0.006139818113297224 0.06102472171187401
H -0.007512249983847141 0.6539756655693054 -0.9657699465751648
H 1.2641408443450928 -1.4560266733169556 -0.6858819127082825
H -0.03692951798439026 -2.1031103134155273 0.34156057238578796
H -0.8103893995285034 -3.420560121536255 -3.0102319717407227
H 0.30194902420043945 -3.719210386276245 -1.7882590293884277
H -1.6490000486373901 0.5559999942779541 3.6689999103546143
