N 1.8580000400543213 -0.14800000190734863 1.125
C 0.5170000195503235 0.45100000500679016 1.1119999885559082
C -0.23600000143051147 0.02199999988079071 2.3440001010894775
O -0.004999999888241291 -1.0490000247955322 2.8510000705718994
C -0.23600003123283386 -0.013000000268220901 -0.135000079870224
C -0.47013887763023376 -1.5214654207229614 -0.058893054723739624
C -1.2120215892791748 -1.9789539575576782 -1.2877821922302246
O -1.523642897605896 -1.1755660772323608 -2.140409469604492
N -1.5301613807678223 -3.2791025638580322 -1.4398022890090942
O -1.1649999618530273 0.8309999704360962 2.878000020980835
H 1.7289999723434448 -1.1480000019073486 1.1369999647140503
H 2.2860000133514404 0.07800000160932541 0.23999999463558197
H 0.6050000190734863 1.5369999408721924 1.0989999771118164
H -1.1960978507995605 0.5013273358345032 -0.19122715294361115
H 0.35252875089645386 0.22030891478061676 -1.0218161344528198
H 0.4899590313434601 -2.035792827606201 -0.002665974199771881
H -1.0582841634750366 -1.753981351852417 0.8283963203430176
H -2.0076358318328857 -3.5738468170166016 -2.230238914489746
H -1.2811216115951538 -3.921914577484131 -0.7568982839584351
H -1.6490000486373901 0.5559999942779541 3.6689999103546143
