N 1.8580000400543213 -0.14800000190734863 1.125
C 0.5170000195503235 0.45100000500679016 1.1119999885559082
C -0.23600000143051147 0.02199999988079071 2.3440001010894775
O -0.004999999888241291 -1.0490000247955322 2.8510000705718994
C -0.23600000143051147 -0.013000019825994968 -0.13500003516674042
C -0.9533374309539795 1.177233099937439 -0.7712807655334473
C -1.6956175565719604 0.7201433181762695 -2.0000784397125244
O -1.6534003019332886 -0.444394052028656 -2.3341193199157715
N -2.4052274227142334 1.6038106679916382 -2.728292226791382
O -1.1649999618530273 0.8309999704360962 2.878000020980835
H 1.7289999723434448 -1.1480000019073486 1.1369999647140503
H 2.2860000133514404 0.07800000160932541 0.23999999463558197
H 0.6050000190734863 1.5369999408721924 1.0989999771118164
H 0.4714186489582062 -0.43526384234428406 -0.8496567010879517
H -0.9661663174629211 -0.7721968293190002 0.14378149807453156
H -1.6607561111450195 1.5994969606399536 -0.05662408098578453
H -0.22257207334041595 1.9361398220062256 -1.0493160486221313
H -2.8828182220458984 1.3101699352264404 -3.519068956375122
H -2.4384047985076904 2.536043882369995 -2.4610347747802734
H -1.6490000486373901 0.5559999942779541 3.6689999103546143
