N 1.8580000400543213 -0.14800000190734863 1.125
C 0.5170000195503235 0.45100000500679016 1.1119999885559082
C -0.23600000143051147 0.02199999988079071 2.3440001010894775
O -0.004999999888241291 -1.0490000247955322 2.8510000705718994
C -0.23600000143051147 -0.013000018894672394 -0.13500002026557922
C -0.5052943825721741 1.185248851776123 -1.044813871383667
C -1.2475193738937378 0.7282275557518005 -2.273670196533203
O -1.5319703817367554 -0.44246119260787964 -2.4081640243530273
N -1.5945833921432495 1.618476390838623 -3.2232558727264404
O -1.1649999618530273 0.8309999704360962 2.878000020980835
H 1.7289999723434448 -1.1480000019073486 1.1369999647140503
H 2.2860000133514404 0.07800000160932541 0.23999999463558197
H 0.6050000190734863 1.5369999408721924 1.0989999771118164
H 0.36686813831329346 -0.747452974319458 -0.6703605055809021
H -1.181771993637085 -0.46644291281700134 0.16020596027374268
H -1.108162522315979 1.9197018146514893 -0.509453296661377
H 0.440897673368454 1.6383939981460571 -1.3391625881195068
H -2.071988344192505 1.324822187423706 -4.0141401290893555
H -1.3662760257720947 2.5554304122924805 -3.115652561187744
H -1.6490000486373901 0.5559999942779541 3.6689999103546143
