N 1.8580000400543213 -0.14800000190734863 1.125
C 0.5170000195503235 0.45100000500679016 1.1119999885559082
C -0.23600000143051147 0.02199999988079071 2.3440001010894775
O -0.004999999888241291 -1.0490000247955322 2.8510000705718994
C -0.23600000143051147 -0.01300001796334982 -0.13500000536441803
C -0.20152558386325836 1.0897783041000366 -1.1927204132080078
C -0.9437006115913391 0.6327857971191406 -2.4216175079345703
O -1.449686884880066 -0.46847984194755554 -2.448169469833374
N -1.0449445247650146 1.445839285850525 -3.490917921066284
O -1.1649999618530273 0.8309999704360962 2.878000020980835
H 1.7289999723434448 -1.1480000019073486 1.1369999647140503
H 2.2860000133514404 0.07800000160932541 0.23999999463558197
H 0.6050000190734863 1.5369999408721924 1.0989999771118164
H 0.23803651332855225 -0.9116579294204712 -0.5314661264419556
H -1.2701352834701538 -0.2344430536031723 0.12723851203918457
H -0.6755621433258057 1.988436222076416 -0.7962543368339539
H 0.8329073786735535 1.310958981513977 -1.4540411233901978
H -1.5222265720367432 1.1521354913711548 -4.281857490539551
H -0.6393448114395142 2.327101230621338 -3.46964955329895
H -1.6490000486373901 0.5559999942779541 3.6689999103546143
