N 1.8580000400543213 -0.14800000190734863 1.125
C 0.5170000195503235 0.45100000500679016 1.1119999885559082
C -0.23600000143051147 0.02199999988079071 2.3440001010894775
O -0.004999999888241291 -1.0490000247955322 2.8510000705718994
C -0.23600000143051147 -0.013000015169382095 -0.13499999046325684
C 0.16162502765655518 0.8585370182991028 -1.325965404510498
C -0.5804756283760071 0.40155845880508423 -2.554912567138672
O -1.351370096206665 -0.5313022136688232 -2.4841620922088623
N -0.3878248333930969 1.0275570154190063 -3.732079029083252
O -1.1649999618530273 0.8309999704360962 2.878000020980835
H 1.7289999723434448 -1.1480000019073486 1.1369999647140503
H 2.2860000133514404 0.07800000160932541 0.23999999463558197
H 0.6050000190734863 1.5369999408721924 1.0989999771118164
H 0.016768181696534157 -1.052885890007019 -0.34530341625213623
H -1.3086731433868408 0.07157710939645767 0.036641620099544525
H -0.0911431610584259 1.8984229564666748 -1.1156619787216187
H 1.234448790550232 0.7737872004508972 -1.4966336488723755
H -0.8649635314941406 0.7337466478347778 -4.523065567016602
H 0.22973407804965973 1.7738898992538452 -3.7885961532592773
H -1.6490000486373901 0.5559999942779541 3.6689999103546143
