N 1.8580000400543213 -0.14800000190734863 1.125
C 0.5170000195503235 0.45100000500679016 1.1119999885559082
C -0.23600000143051147 0.02199999988079071 2.3440001010894775
O -0.004999999888241291 -1.0490000247955322 2.8510000705718994
C -0.23600003123283386 -0.013000001199543476 -0.1350000947713852
C -0.7525632977485657 -1.435386061668396 0.0796191617846489
C -1.4944921731948853 -1.89290189743042 -1.149232029914856
O -1.600145936012268 -1.1521022319793701 -2.1029438972473145
N -2.0411789417266846 -3.123450517654419 -1.1891417503356934
O -1.1649999618530273 0.8309999704360962 2.878000020980835
H 1.7289999723434448 -1.1480000019073486 1.1369999647140503
H 2.2860000133514404 0.07800000160932541 0.23999999463558197
H 0.6050000190734863 1.5369999408721924 1.0989999771118164
H -1.0778594017028809 0.6552562117576599 -0.3199012577533722
H 0.43622034788131714 0.005267395172268152 -0.9923377633094788
H 0.08929616212844849 -2.103642225265503 0.2645203173160553
H -1.4242864847183228 -1.4528924226760864 0.9373734593391418
H -2.518767833709717 -3.418149709701538 -1.9795260429382324
H -1.9569737911224365 -3.7160494327545166 -0.4253864884376526
H -1.6490000486373901 0.5559999942779541 3.6689999103546143
