N 1.1990000009536743 1.8669999837875366 -0.11699999868869781
C 1.1380000114440918 0.5149999856948853 0.453000009059906
C 2.364000082015991 -0.25999999046325684 0.04100000113248825
O 3.009999990463257 0.09600000083446503 -0.9160000085830688
C -0.11299990117549896 -0.19999994337558746 -0.061999931931495667
C 0.302477091550827 -1.3772157430648804 -0.9475331902503967
C -0.9296547174453735 -2.08213472366333 -1.4553653001785278
O -2.026378870010376 -1.6841380596160889 -1.1407487392425537
O -0.8083404302597046 -3.1528356075286865 -2.2561354637145996
O 2.736999988555908 -1.3450000286102295 0.7369999885559082
H 1.2369999885559082 1.8339999914169312 -1.125
H 0.42100000381469727 2.427000045776367 0.19699999690055847
H 1.0980000495910645 0.5799999833106995 1.5399999618530273
H -0.6952455043792725 -0.5687147974967957 0.7825854420661926
H -0.7164241671562195 0.49606555700302124 -0.6429765820503235
H 0.8843859434127808 -1.0092586278915405 -1.7926768064498901
H 0.9053592085838318 -2.0736100673675537 -0.3657831847667694
H -1.6261324882507324 -3.5711357593536377 -2.555964708328247
H 3.5299999713897705 -1.809000015258789 0.4350000023841858
