N 1.1990000009536743 1.8669999837875366 -0.11699999868869781
C 1.1380000114440918 0.5149999856948853 0.453000009059906
C 2.364000082015991 -0.25999999046325684 0.04100000113248825
O 3.009999990463257 0.09600000083446503 -0.9160000085830688
C -0.11299993097782135 -0.19999995827674866 -0.06199992448091507
C -0.014439201913774014 -1.6929274797439575 0.2606147825717926
C -1.246708869934082 -2.398056745529175 -0.24659055471420288
O -2.1140379905700684 -1.7708489894866943 -0.807428777217865
O -1.3809810876846313 -3.7226476669311523 -0.07402081042528152
O 2.736999988555908 -1.3450000286102295 0.7369999885559082
H 1.2369999885559082 1.8339999914169312 -1.125
H 0.42100000381469727 2.427000045776367 0.19699999690055847
H 1.0980000495910645 0.5799999833106995 1.5399999618530273
H -0.9961997270584106 0.21832072734832764 0.4209607243537903
H -0.19061915576457977 -0.06589096039533615 -1.1400314569473267
H 0.8682965040206909 -2.1121304035186768 -0.2224222719669342
H 0.062367234379053116 -1.826646327972412 1.3390789031982422
H -2.187814950942993 -4.129876136779785 -0.4158402979373932
H 3.5299999713897705 -1.809000015258789 0.4350000023841858
