N 1.1990000009536743 1.8669999837875366 -0.11699999868869781
C 1.1380000114440918 0.5149999856948853 0.453000009059906
C 2.364000082015991 -0.25999999046325684 0.04100000113248825
O 3.009999990463257 0.09600000083446503 -0.9160000085830688
C -0.11300002783536911 -0.19999998807907104 -0.061999984085559845
C -1.3006141185760498 0.7648851275444031 -0.027407206594944
C -2.5335958003997803 0.06103193014860153 -0.5346552133560181
O -2.468508720397949 -1.0927643775939941 -0.8877938389778137
O -3.7036261558532715 0.7165579199790955 -0.5951922535896301
O 2.736999988555908 -1.3450000286102295 0.7369999885559082
H 1.2369999885559082 1.8339999914169312 -1.125
H 0.42100000381469727 2.427000045776367 0.19699999690055847
H 1.0980000495910645 0.5799999833106995 1.5399999618530273
H 0.05405249819159508 -0.5336521863937378 -1.0862337350845337
H -0.3260723948478699 -1.0608011484146118 0.5702843070030212
H -1.468642234802246 1.0986355543136597 0.9966315627098083
H -1.0873867273330688 1.625368595123291 -0.6606269478797913
H -4.465662956237793 0.22390352189540863 -0.9272287487983704
H 3.5299999713897705 -1.809000015258789 0.4350000023841858
