N 1.1990000009536743 1.8669999837875366 -0.11699999868869781
C 1.1380000114440918 0.5149999856948853 0.453000009059906
C 2.364000082015991 -0.25999999046325684 0.04100000113248825
O 3.009999990463257 0.09600000083446503 -0.9160000085830688
C -0.11299999803304672 -0.19999997317790985 -0.061999980360269547
C -0.9216628670692444 0.7586677074432373 -0.9392957091331482
C -2.15446400642395 0.05484737455844879 -1.4470278024673462
O -2.3638226985931396 -1.0947840213775635 -1.1392852067947388
O -3.019033432006836 0.705005407333374 -2.2421152591705322
O 2.736999988555908 -1.3450000286102295 0.7369999885559082
H 1.2369999885559082 1.8339999914169312 -1.125
H 0.42100000381469727 2.427000045776367 0.19699999690055847
H 1.0980000495910645 0.5799999833106995 1.5399999618530273
H 0.18078741431236267 -1.0697762966156006 -0.6497611403465271
H -0.7219039797782898 -0.5207940340042114 0.7820906639099121
H -1.2162741422653198 1.6285384893417358 -0.3520928919315338
H -0.3124922811985016 1.0786564350128174 -1.7839158773422241
H -3.7942066192626953 0.21249035000801086 -2.5424349308013916
H 3.5299999713897705 -1.809000015258789 0.4350000023841858
