N 1.1990000009536743 1.8669999837875366 -0.11699999868869781
C 1.1380000114440918 0.5149999856948853 0.453000009059906
C 2.364000082015991 -0.25999999046325684 0.04100000113248825
O 3.009999990463257 0.09600000083446503 -0.9160000085830688
C -0.11299991607666016 -0.19999994337558746 -0.06199994683265686
C 0.15881730616092682 -0.7551634907722473 -1.4621913433074951
C -1.0734081268310547 -1.4597421884536743 -1.9702686071395874
O -2.065852165222168 -1.5126677751541138 -1.282923936843872
O -1.0676424503326416 -2.029465436935425 -3.1858887672424316
O 2.736999988555908 -1.3450000286102295 0.7369999885559082
H 1.2369999885559082 1.8339999914169312 -1.125
H 0.42100000381469727 2.427000045776367 0.19699999690055847
H 1.0980000495910645 0.5799999833106995 1.5399999618530273
H -0.36680182814598083 -1.019470453262329 0.6105605959892273
H -0.9424786567687988 0.5044400095939636 -0.10548826307058334
H 0.4122258424758911 0.06379669904708862 -2.1355161666870117
H 0.988054096698761 -1.4603482484817505 -1.4180811643600464
H -1.8804006576538086 -2.469423294067383 -3.467877149581909
H 3.5299999713897705 -1.809000015258789 0.4350000023841858
