N 1.1990000009536743 1.8669999837875366 -0.11699999868869781
C 1.1380000114440918 0.5149999856948853 0.453000009059906
C 2.364000082015991 -0.25999999046325684 0.04100000113248825
O 3.009999990463257 0.09600000083446503 -0.9160000085830688
C -0.11299990862607956 -0.19999994337558746 -0.06199992448091507
C 0.24327120184898376 -1.6400331258773804 -0.43883219361305237
C -0.988878071308136 -2.3451075553894043 -0.9464062452316284
O -2.04282546043396 -1.756487250328064 -1.000352382659912
O -0.9153947234153748 -3.627357006072998 -1.3372853994369507
O 2.736999988555908 -1.3450000286102295 0.7369999885559082
H 1.2369999885559082 1.8339999914169312 -1.125
H 0.42100000381469727 2.427000045776367 0.19699999690055847
H 1.0980000495910645 0.5799999833106995 1.5399999618530273
H -0.8753079175949097 -0.20656166970729828 0.7171846032142639
H -0.49447882175445557 0.3209897577762604 -0.9390435218811035
H 1.0052183866500854 -1.6343333721160889 -1.218371868133545
H 0.6240447759628296 -2.1610195636749268 0.4389202892780304
H -1.7311571836471558 -4.036482334136963 -1.6547825336456299
H 3.5299999713897705 -1.809000015258789 0.4350000023841858
