N 1.1990000009536743 1.8669999837875366 -0.11699999868869781
C 1.1380000114440918 0.5149999856948853 0.453000009059906
C 2.364000082015991 -0.25999999046325684 0.04100000113248825
O 3.009999990463257 0.09600000083446503 -0.9160000085830688
C -0.11299993097782135 -0.19999994337558746 -0.06199995428323746
C -0.04250836372375488 -0.3132014572620392 -1.586743712425232
C -1.2748476266860962 -1.0175477266311646 -2.09486722946167
O -2.1213181018829346 -1.3907593488693237 -1.3174420595169067
O -1.4311864376068115 -1.231236457824707 -3.411015033721924
O 2.736999988555908 -1.3450000286102295 0.7369999885559082
H 1.2369999885559082 1.8339999914169312 -1.125
H 0.42100000381469727 2.427000045776367 0.19699999690055847
H 1.0980000495910645 0.5799999833106995 1.5399999618530273
H -0.16763022541999817 -1.1975849866867065 0.3740328252315521
H -0.9984216690063477 0.3683885931968689 0.2192911058664322
H 0.011648549698293209 0.6840494871139526 -2.0235910415649414
H 0.8428544998168945 -0.8825011253356934 -1.8676267862319946
H -2.2369277477264404 -1.6865618228912354 -3.688713550567627
H 3.5299999713897705 -1.809000015258789 0.4350000023841858
