N 1.1990000009536743 1.8669999837875366 -0.11699999868869781
C 1.1380000114440918 0.5149999856948853 0.453000009059906
C 2.364000082015991 -0.25999999046325684 0.04100000113248825
O 3.009999990463257 0.09600000083446503 -0.9160000085830688
C -0.11299990862607956 -0.19999994337558746 -0.06199992820620537
C 0.28796815872192383 -1.5362768173217773 -0.6914567351341248
C -0.9441640377044678 -2.24128794670105 -1.199160099029541
O -2.0304417610168457 -1.7279422283172607 -1.0700640678405762
O -0.8346095681190491 -3.4400415420532227 -1.7935820817947388
O 2.736999988555908 -1.3450000286102295 0.7369999885559082
H 1.2369999885559082 1.8339999914169312 -1.125
H 0.42100000381469727 2.427000045776367 0.19699999690055847
H 1.0980000495910645 0.5799999833106995 1.5399999618530273
H -0.7968781590461731 -0.3800708055496216 0.7675602436065674
H -0.6045849919319153 0.42061322927474976 -0.8098938465118408
H 0.9715036153793335 -1.3570269346237183 -1.5214729309082031
H 0.7789188623428345 -2.157045602798462 0.05719432234764099
H -1.6519124507904053 -3.8527934551239014 -2.1023027896881104
H 3.5299999713897705 -1.809000015258789 0.4350000023841858
