N 1.1990000009536743 1.8669999837875366 -0.11699999868869781
C 1.1380000114440918 0.5149999856948853 0.453000009059906
C 2.364000082015991 -0.25999999046325684 0.04100000113248825
O 3.009999990463257 0.09600000083446503 -0.9160000085830688
C -0.11299992352724075 -0.19999995827674866 -0.06199992448091507
C 0.09117699414491653 -1.7138960361480713 0.033171363174915314
C -1.14104163646698 -2.419027090072632 -0.47415557503700256
O -2.0848679542541504 -1.7767107486724854 -0.8701484799385071
O -1.190187692642212 -3.76060152053833 -0.4847888648509979
O 2.736999988555908 -1.3450000286102295 0.7369999885559082
H 1.2369999885559082 1.8339999914169312 -1.125
H 0.42100000381469727 2.427000045776367 0.19699999690055847
H 1.0980000495910645 0.5799999833106995 1.5399999618530273
H -0.9725642800331116 0.0891999676823616 0.5428120493888855
H -0.2892652153968811 0.07799810916185379 -1.1001759767532349
H 0.9503195285797119 -2.0039868354797363 -0.5718076229095459
H 0.2666499614715576 -1.9916211366653442 1.0718930959701538
H -2.0006842613220215 -4.167120456695557 -0.8186956644058228
H 3.5299999713897705 -1.809000015258789 0.4350000023841858
