N 1.1990000009536743 1.8669999837875366 -0.11699999868869781
C 1.1380000114440918 0.5149999856948853 0.453000009059906
C 2.364000082015991 -0.25999999046325684 0.04100000113248825
O 3.009999990463257 0.09600000083446503 -0.9160000085830688
C -0.11300000548362732 -0.19999998807907104 -0.06199995055794716
C -0.9788749814033508 -0.6282573938369751 1.1252166032791138
C -2.211646795272827 -1.3328731060028076 0.6185176968574524
O -2.3801047801971436 -1.4767876863479614 -0.5693793892860413
O -3.1228957176208496 -1.7993319034576416 1.487074851989746
O 2.736999988555908 -1.3450000286102295 0.7369999885559082
H 1.2369999885559082 1.8339999914169312 -1.125
H 0.42100000381469727 2.427000045776367 0.19699999690055847
H 1.0980000495910645 0.5799999833106995 1.5399999618530273
H -0.6815269589424133 0.47585606575012207 -0.7009684443473816
H 0.18019726872444153 -1.0795564651489258 -0.6334697008132935
H -0.4111967384815216 -1.3045696020126343 1.7644516229629517
H -1.2725894451141357 0.25191307067871094 1.6960901021957397
H -3.8962061405181885 -2.2434818744659424 1.1150822639465332
H 3.5299999713897705 -1.809000015258789 0.4350000023841858
