N 1.1990000009536743 1.8669999837875366 -0.11699999868869781
C 1.1380000114440918 0.5149999856948853 0.453000009059906
C 2.364000082015991 -0.25999999046325684 0.04100000113248825
O 3.009999990463257 0.09600000083446503 -0.9160000085830688
C -0.11299992352724075 -0.19999994337558746 -0.06199995428323746
C 0.003348381258547306 -0.4021146893501282 -1.5746928453445435
C -1.228965401649475 -1.1065073013305664 -2.0828139781951904
O -2.108680248260498 -1.415289044380188 -1.3140848875045776
O -1.3483762741088867 -1.3918275833129883 -3.3892149925231934
O 2.736999988555908 -1.3450000286102295 0.7369999885559082
H 1.2369999885559082 1.8339999914169312 -1.125
H 0.42100000381469727 2.427000045776367 0.19699999690055847
H 1.0980000495910645 0.5799999833106995 1.5399999618530273
H -0.20585519075393677 -1.1694200038909912 0.4277832806110382
H -0.9928133487701416 0.4034194052219391 0.157032772898674
H 0.09574850648641586 0.5669357776641846 -2.0652859210968018
H 0.8830677270889282 -1.0064187049865723 -1.7932689189910889
H -2.155714750289917 -1.844062328338623 -3.6673240661621094
H 3.5299999713897705 -1.809000015258789 0.4350000023841858
