N 1.1990000009536743 1.8669999837875366 -0.11699999868869781
C 1.1380000114440918 0.5149999856948853 0.453000009059906
C 2.364000082015991 -0.25999999046325684 0.04100000113248825
O 3.009999990463257 0.09600000083446503 -0.9160000085830688
C -0.11299995332956314 -0.19999995827674866 -0.06199996918439865
C -0.35882651805877686 0.19271551072597504 -1.5207566022872925
C -1.5913368463516235 -0.5113730430603027 -2.028822422027588
O -2.208529472351074 -1.2511403560638428 -1.2994346618652344
O -2.0024471282958984 -0.31742462515830994 -3.292041540145874
O 2.736999988555908 -1.3450000286102295 0.7369999885559082
H 1.2369999885559082 1.8339999914169312 -1.125
H 0.42100000381469727 2.427000045776367 0.19699999690055847
H 1.0980000495910645 0.5799999833106995 1.5399999618530273
H 0.030792636796832085 -1.278517246246338 0.0044008237309753895
H -0.9719211459159851 0.08981543779373169 0.5416748523712158
H -0.503218412399292 1.271100640296936 -1.5879465341567993
H 0.5002193450927734 -0.0980895385146141 -2.1243603229522705
H -2.7971794605255127 -0.7903234362602234 -3.5720834732055664
H 3.5299999713897705 -1.809000015258789 0.4350000023841858
