N 1.1990000009536743 1.8669999837875366 -0.11699999868869781
C 1.1380000114440918 0.5149999856948853 0.453000009059906
C 2.364000082015991 -0.25999999046325684 0.04100000113248825
O 3.009999990463257 0.09600000083446503 -0.9160000085830688
C -0.11300002038478851 -0.19999998807907104 -0.061999958008527756
C -1.134576439857483 -0.31728053092956543 1.0716904401779175
C -2.3674349784851074 -1.0217339992523193 0.5649771094322205
O -2.4230117797851562 -1.390998125076294 -0.5842593312263489
O -3.4040651321411133 -1.2376636266708374 1.3902785778045654
O 2.736999988555908 -1.3450000286102295 0.7369999885559082
H 1.2369999885559082 1.8339999914169312 -1.125
H 0.42100000381469727 2.427000045776367 0.19699999690055847
H 1.0980000495910645 0.5799999833106995 1.5399999618530273
H -0.5462207198143005 0.3706403374671936 -0.8835682272911072
H 0.15564267337322235 -1.1953766345977783 -0.41302457451820374
H -0.7022663354873657 -0.8882529735565186 1.8935034275054932
H -1.4036117792129517 0.6786114573478699 1.4219533205032349
H -4.1719512939453125 -1.692623496055603 1.020117998123169
H 3.5299999713897705 -1.809000015258789 0.4350000023841858
