N 1.1990000009536743 1.8669999837875366 -0.11699999868869781
C 1.1380000114440918 0.5149999856948853 0.453000009059906
C 2.364000082015991 -0.25999999046325684 0.04100000113248825
O 3.009999990463257 0.09600000083446503 -0.9160000085830688
C -0.11299990862607956 -0.19999994337558746 -0.061999935656785965
C 0.26543596386909485 -1.1027194261550903 -1.2386523485183716
C -0.9667246341705322 -1.807485818862915 -1.746626615524292
O -2.036517381668091 -1.6084938049316406 -1.2211415767669678
O -0.8751570582389832 -2.6571426391601562 -2.782024383544922
O 2.736999988555908 -1.3450000286102295 0.7369999885559082
H 1.2369999885559082 1.8339999914169312 -1.125
H 0.42100000381469727 2.427000045776367 0.19699999690055847
H 1.0980000495910645 0.5799999833106995 1.5399999618530273
H -0.5412355661392212 -0.8053606748580933 0.7370229959487915
H -0.8439651131629944 0.5374619364738464 -0.3906361758708954
H 0.6933204531669617 -0.4980074167251587 -2.0383501052856445
H 0.9959994554519653 -1.8407280445098877 -0.9092814326286316
H -1.6916412115097046 -3.085005283355713 -3.0717544555664062
H 3.5299999713897705 -1.809000015258789 0.4350000023841858
