N 1.1990000009536743 1.8669999837875366 -0.11699999868869781
C 1.1380000114440918 0.5149999856948853 0.453000009059906
C 2.364000082015991 -0.25999999046325684 0.04100000113248825
O 3.009999990463257 0.09600000083446503 -0.9160000085830688
C -0.11299995332956314 -0.19999995827674866 -0.06199992820620537
C -0.28268343210220337 -1.5269142389297485 0.6817293167114258
C -1.5150874853134155 -2.2319748401641846 0.17475484311580658
O -2.1880855560302734 -1.724900722503662 -0.6913505792617798
O -1.8655176162719727 -3.422644853591919 0.6864708065986633
O 2.736999988555908 -1.3450000286102295 0.7369999885559082
H 1.2369999885559082 1.8339999914169312 -1.125
H 0.42100000381469727 2.427000045776367 0.19699999690055847
H 1.0980000495910645 0.5799999833106995 1.5399999618530273
H -0.9877245426177979 0.42726266384124756 0.11028900742530823
H -0.00851389765739441 -0.39256763458251953 -1.1288467645645142
H 0.591469943523407 -2.15499210357666 0.509531557559967
H -0.387971967458725 -1.3337680101394653 1.7487221956253052
H -2.663038492202759 -3.835606575012207 0.3299887478351593
H 3.5299999713897705 -1.809000015258789 0.4350000023841858
