N 1.1990000009536743 1.8669999837875366 -0.11699999868869781
C 1.1380000114440918 0.5149999856948853 0.453000009059906
C 2.364000082015991 -0.25999999046325684 0.04100000113248825
O 3.009999990463257 0.09600000083446503 -0.9160000085830688
C -0.11300002783536911 -0.19999998807907104 -0.061999961733818054
C -1.2161602973937988 -0.11998449265956879 0.9959519505500793
C -2.449065685272217 -0.8243334889411926 0.4892072081565857
O -2.445482015609741 -1.3365838527679443 -0.605222225189209
O -3.5513784885406494 -0.8813337683677673 1.253411054611206
O 2.736999988555908 -1.3450000286102295 0.7369999885559082
H 1.2369999885559082 1.8339999914169312 -1.125
H 0.42100000381469727 2.427000045776367 0.19699999690055847
H 1.0980000495910645 0.5799999833106995 1.5399999618530273
H -0.45445355772972107 0.27925658226013184 -0.9796097278594971
H 0.12192747741937637 -1.2442513704299927 -0.26327094435691833
H -0.8756496906280518 -0.5994945764541626 1.91377592086792
H -1.451396107673645 0.9246971607208252 1.196374535560608
H -4.31641960144043 -1.3431555032730103 0.8858658075332642
H 3.5299999713897705 -1.809000015258789 0.4350000023841858
