N 1.1990000009536743 1.8669999837875366 -0.11699999868869781
C 1.1380000114440918 0.5149999856948853 0.453000009059906
C 2.364000082015991 -0.25999999046325684 0.04100000113248825
O 3.009999990463257 0.09600000083446503 -0.9160000085830688
C -0.11299990117549896 -0.19999994337558746 -0.061999931931495667
C 0.29414018988609314 -1.2649407386779785 -1.0831587314605713
C -0.9380001425743103 -1.9697967767715454 -1.5910576581954956
O -2.0286433696746826 -1.6532034873962402 -1.1781959533691406
O -0.8233605027198792 -2.950092315673828 -2.5011281967163086
O 2.736999988555908 -1.3450000286102295 0.7369999885559082
H 1.2369999885559082 1.8339999914169312 -1.125
H 0.42100000381469727 2.427000045776367 0.19699999690055847
H 1.0980000495910645 0.5799999833106995 1.5399999618530273
H -0.6299054026603699 -0.6752658486366272 0.7717962265014648
H -0.7757762670516968 0.5227456092834473 -0.5358440279960632
H 0.8107057809829712 -0.7903880476951599 -1.9175673723220825
H 0.9564339518547058 -1.9881130456924438 -0.6085497736930847
H -1.640853762626648 -3.372305154800415 -2.796251058578491
H 3.5299999713897705 -1.809000015258789 0.4350000023841858
