N 1.1990000009536743 1.8669999837875366 -0.11699999868869781
C 1.1380000114440918 0.5149999856948853 0.453000009059906
C 2.364000082015991 -0.25999999046325684 0.04100000113248825
O 3.009999990463257 0.09600000083446503 -0.9160000085830688
C -0.11300000548362732 -0.19999997317790985 -0.061999984085559845
C -1.0314253568649292 0.813564121723175 -0.7488841414451599
C -2.2642810344696045 0.10976450145244598 -1.2565127611160278
O -2.3941266536712646 -1.0795730352401733 -1.0867916345596313
O -3.2173049449920654 0.8042267560958862 -1.8982425928115845
O 2.736999988555908 -1.3450000286102295 0.7369999885559082
H 1.2369999885559082 1.8339999914169312 -1.125
H 0.42100000381469727 2.427000045776367 0.19699999690055847
H 1.0980000495910645 0.5799999833106995 1.5399999618530273
H 0.17633648216724396 -0.9705237150192261 -0.7767465114593506
H -0.639477550983429 -0.6589484214782715 0.7736731171607971
H -1.321629524230957 1.5842044353485107 -0.03462017700076103
H -0.5046841502189636 1.2717970609664917 -1.5852042436599731
H -3.98866868019104 0.3098202645778656 -2.2051901817321777
H 3.5299999713897705 -1.809000015258789 0.4350000023841858
