N 1.1990000009536743 1.8669999837875366 -0.11699999868869781
C 1.1380000114440918 0.5149999856948853 0.453000009059906
C 2.364000082015991 -0.25999999046325684 0.04100000113248825
O 3.009999990463257 0.09600000083446503 -0.9160000085830688
C -0.11299996823072433 -0.19999995827674866 -0.06199997290968895
C -0.5462446808815002 0.4262281060218811 -1.3896913528442383
C -1.7788536548614502 -0.2777455151081085 -1.8976773023605347
O -2.2602248191833496 -1.1866638660430908 -1.263375997543335
O -2.3409423828125 0.10439276695251465 -3.0554234981536865
O 2.736999988555908 -1.3450000286102295 0.7369999885559082
H 1.2369999885559082 1.8339999914169312 -1.125
H 0.42100000381469727 2.427000045776367 0.19699999690055847
H 1.0980000495910645 0.5799999833106995 1.5399999618530273
H 0.10811299830675125 -1.25655996799469 -0.21390460431575775
H -0.9160147905349731 -0.09801722317934036 0.6666485071182251
H -0.768031656742096 1.482749342918396 -1.238524079322815
H 0.2569669783115387 0.3232733905315399 -2.1184685230255127
H -3.1291580200195312 -0.37660887837409973 -3.3400464057922363
H 3.5299999713897705 -1.809000015258789 0.4350000023841858
