N 1.1990000009536743 1.8669999837875366 -0.11699999868869781
C 1.1380000114440918 0.5149999856948853 0.453000009059906
C 2.364000082015991 -0.25999999046325684 0.04100000113248825
O 3.009999990463257 0.09600000083446503 -0.9160000085830688
C -0.11300003528594971 -0.19999998807907104 -0.06199997663497925
C -1.357761263847351 0.4555720388889313 0.5408449769020081
C -2.5907576084136963 -0.2484627664089203 0.033884577453136444
O -2.4844024181365967 -1.1779230833053589 -0.7309560179710388
O -3.8069779872894287 0.15807689726352692 0.43122947216033936
O 2.736999988555908 -1.3450000286102295 0.7369999885559082
H 1.2369999885559082 1.8339999914169312 -1.125
H 0.42100000381469727 2.427000045776367 0.19699999690055847
H 1.0980000495910645 0.5799999833106995 1.5399999618530273
H -0.15354876220226288 -0.1253778636455536 -1.1487715244293213
H -0.0780782625079155 -1.2489197254180908 0.22904950380325317
H -1.3182114362716675 0.3809254765510559 1.6276484727859497
H -1.3927162885665894 1.50454843044281 0.24879764020442963
H -4.567060947418213 -0.3237819969654083 0.07945829629898071
H 3.5299999713897705 -1.809000015258789 0.4350000023841858
