N 1.1990000009536743 1.8669999837875366 -0.11699999868869781
C 1.1380000114440918 0.5149999856948853 0.453000009059906
C 2.364000082015991 -0.25999999046325684 0.04100000113248825
O 3.009999990463257 0.09600000083446503 -0.9160000085830688
C -0.11299990117549896 -0.19999994337558746 -0.061999931931495667
C 0.3013574779033661 -1.3464970588684082 -0.9874617457389832
C -0.9307761192321777 -2.051398754119873 -1.4953136444091797
O -2.0266776084899902 -1.6756752729415894 -1.151772379875183
O -0.8103519082069397 -3.097365617752075 -2.328261137008667
O 2.736999988555908 -1.3450000286102295 0.7369999885559082
H 1.2369999885559082 1.8339999914169312 -1.125
H 0.42100000381469727 2.427000045776367 0.19699999690055847
H 1.0980000495910645 0.5799999833106995 1.5399999618530273
H -0.6769683361053467 -0.5995305776596069 0.7809709906578064
H -0.7338877320289612 0.5050268173217773 -0.6129967570304871
H 0.8649887442588806 -0.9477120041847229 -1.8310068845748901
H 0.9217197895050049 -2.0518808364868164 -0.4356926679611206
H -1.628102421760559 -3.5167365074157715 -2.626704454421997
H 3.5299999713897705 -1.809000015258789 0.4350000023841858
