N 1.1990000009536743 1.8669999837875366 -0.11699999868869781
C 1.1380000114440918 0.5149999856948853 0.453000009059906
C 2.364000082015991 -0.25999999046325684 0.04100000113248825
O 3.009999990463257 0.09600000083446503 -0.9160000085830688
C -0.11299993097782135 -0.19999995827674866 -0.06199992448091507
C 0.00804420467466116 -1.7002099752426147 0.21611036360263824
C -1.2242145538330078 -2.405341386795044 -0.29111891984939575
O -2.1078293323516846 -1.7728732824325562 -0.8197000622749329
O -1.3403663635253906 -3.7358169555664062 -0.15439553558826447
O 2.736999988555908 -1.3450000286102295 0.7369999885559082
H 1.2369999885559082 1.8339999914169312 -1.125
H 0.42100000381469727 2.427000045776367 0.19699999690055847
H 1.0980000495910645 0.5799999833106995 1.5399999618530273
H -0.9928807020187378 0.19380846619606018 0.44693008065223694
H -0.20990799367427826 -0.036229342222213745 -1.1343570947647095
H 0.8874698877334595 -2.0949034690856934 -0.2929137647151947
H 0.10414227843284607 -1.8636126518249512 1.288924217224121
H -2.147980213165283 -4.142796039581299 -0.4946664273738861
H 3.5299999713897705 -1.809000015258789 0.4350000023841858
