N 1.1990000009536743 1.8669999837875366 -0.11699999868869781
C 1.1380000114440918 0.5149999856948853 0.453000009059906
C 2.364000082015991 -0.25999999046325684 0.04100000113248825
O 3.009999990463257 0.09600000083446503 -0.9160000085830688
C -0.11299999058246613 -0.19999997317790985 -0.06199994310736656
C -0.7826511859893799 -0.9483975172042847 1.093030571937561
C -2.0153167247772217 -1.6531766653060913 0.586300253868103
O -2.3260066509246826 -1.5651342868804932 -0.5781349539756775
O -2.768524169921875 -2.3775811195373535 1.429073452949524
O 2.736999988555908 -1.3450000286102295 0.7369999885559082
H 1.2369999885559082 1.8339999914169312 -1.125
H 0.42100000381469727 2.427000045776367 0.19699999690055847
H 1.0980000495910645 0.5799999833106995 1.5399999618530273
H -0.8084442019462585 0.5327112674713135 -0.4716053903102875
H 0.16758239269256592 -0.9089139699935913 -0.8397378921508789
H -0.08797760307788849 -1.6816927194595337 1.5028902292251587
H -1.0638681650161743 -0.23881465196609497 1.870381236076355
H -3.548664093017578 -2.810609817504883 1.0582307577133179
H 3.5299999713897705 -1.809000015258789 0.4350000023841858
