N 1.1990000009536743 1.8669999837875366 -0.11699999868869781
C 1.1380000114440918 0.5149999856948853 0.453000009059906
C 2.364000082015991 -0.25999999046325684 0.04100000113248825
O 3.009999990463257 0.09600000083446503 -0.9160000085830688
C -0.11299990862607956 -0.19999994337558746 -0.06199992448091507
C 0.27512362599372864 -1.5789116621017456 -0.6010636687278748
C -0.957012951374054 -2.2839481830596924 -1.1087210178375244
O -2.0340049266815186 -1.7396762371063232 -1.045117974281311
O -0.8578293919563293 -3.517016887664795 -1.6303095817565918
O 2.736999988555908 -1.3450000286102295 0.7369999885559082
H 1.2369999885559082 1.8339999914169312 -1.125
H 0.42100000381469727 2.427000045776367 0.19699999690055847
H 1.0980000495910645 0.5799999833106995 1.5399999618530273
H -0.827204167842865 -0.31668150424957275 0.753219485282898
H -0.5651639103889465 0.387576699256897 -0.8597864508628845
H 0.9889799356460571 -1.463067889213562 -1.4167029857635498
H 0.7266257405281067 -2.166585922241211 0.19746612012386322
H -1.6746907234191895 -3.9282796382904053 -1.9421701431274414
H 3.5299999713897705 -1.809000015258789 0.4350000023841858
