N 1.1990000009536743 1.8669999837875366 -0.11699999868869781
C 1.1380000114440918 0.5149999856948853 0.453000009059906
C 2.364000082015991 -0.25999999046325684 0.04100000113248825
O 3.009999990463257 0.09600000083446503 -0.9160000085830688
C -0.11299990117549896 -0.19999994337558746 -0.06199992820620537
C 0.2997608780860901 -1.462360143661499 -0.8227248787879944
C -0.9323687553405762 -2.167328119277954 -1.3304946422576904
O -2.027158498764038 -1.7075902223587036 -1.1062949895858765
O -0.8132784962654114 -3.30657958984375 -2.0306899547576904
O 2.736999988555908 -1.3450000286102295 0.7369999885559082
H 1.2369999885559082 1.8339999914169312 -1.125
H 0.42100000381469727 2.427000045776367 0.19699999690055847
H 1.0980000495910645 0.5799999833106995 1.5399999618530273
H -0.7479094862937927 -0.47496724128723145 0.7803585529327393
H -0.6618829369544983 0.46290159225463867 -0.7294210195541382
H 0.9343324899673462 -1.1881844997406006 -1.665591835975647
H 0.8480538725852966 -2.1255042552948 -0.1545337289571762
H -1.6309837102890015 -3.7219107151031494 -2.3348519802093506
H 3.5299999713897705 -1.809000015258789 0.4350000023841858
