N 1.1990000009536743 1.8669999837875366 -0.11699999868869781
C 1.1380000114440918 0.5149999856948853 0.453000009059906
C 2.364000082015991 -0.25999999046325684 0.04100000113248825
O 3.009999990463257 0.09600000083446503 -0.9160000085830688
C -0.11299992352724075 -0.19999994337558746 -0.06199995055794716
C 0.03605172783136368 -0.4689367413520813 -1.5613610744476318
C -1.1962437629699707 -1.1733641624450684 -2.0694780349731445
O -2.0996687412261963 -1.433722734451294 -1.3103827238082886
O -1.2893203496932983 -1.512516975402832 -3.365109920501709
O 2.736999988555908 -1.3450000286102295 0.7369999885559082
H 1.2369999885559082 1.8339999914169312 -1.125
H 0.42100000381469727 2.427000045776367 0.19699999690055847
H 1.0980000495910645 0.5799999833106995 1.5399999618530273
H -0.23518900573253632 -1.1457325220108032 0.46615228056907654
H -0.9867425560951233 0.4272286891937256 0.10923054814338684
H 0.1577986627817154 0.47639960050582886 -2.090317487716675
H 0.9096733331680298 -1.0970277786254883 -1.7321001291275024
H -2.0977983474731445 -1.9624288082122803 -3.643676519393921
H 3.5299999713897705 -1.809000015258789 0.4350000023841858
