N 1.1990000009536743 1.8669999837875366 -0.11699999868869781
C 1.1380000114440918 0.5149999856948853 0.453000009059906
C 2.364000082015991 -0.25999999046325684 0.04100000113248825
O 3.009999990463257 0.09600000083446503 -0.9160000085830688
C -0.11300002038478851 -0.19999998807907104 -0.061999958008527756
C -1.1728063821792603 -0.22893589735031128 1.0419024229049683
C -2.405686616897583 -0.9333427548408508 0.5351771712303162
O -2.433542490005493 -1.366631269454956 -0.5925081372261047
O -3.473097085952759 -1.0781058073043823 1.3364441394805908
O 2.736999988555908 -1.3450000286102295 0.7369999885559082
H 1.2369999885559082 1.8339999914169312 -1.125
H 0.42100000381469727 2.427000045776367 0.19699999690055847
H 1.0980000495910645 0.5799999833106995 1.5399999618530273
H -0.505714476108551 0.33215320110321045 -0.9285294413566589
H 0.1423368752002716 -1.2196916341781616 -0.34694546461105347
H -0.7810176610946655 -0.761385977268219 1.908664584159851
H -1.42849862575531 0.7912352085113525 1.3260455131530762
H -4.239650249481201 -1.5361379384994507 0.9673110842704773
H 3.5299999713897705 -1.809000015258789 0.4350000023841858
