N 1.1990000009536743 1.8669999837875366 -0.11699999868869781
C 1.1380000114440918 0.5149999856948853 0.453000009059906
C 2.364000082015991 -0.25999999046325684 0.04100000113248825
O 3.009999990463257 0.09600000083446503 -0.9160000085830688
C -0.11299990862607956 -0.19999994337558746 -0.06199994310736656
C 0.21717818081378937 -0.9241200685501099 -1.3693865537643433
C -1.0150126218795776 -1.6287893056869507 -1.8774220943450928
O -2.0497875213623047 -1.5592567920684814 -1.2572649717330933
O -0.9622721076011658 -2.3346023559570312 -3.01820969581604
O 2.736999988555908 -1.3450000286102295 0.7369999885559082
H 1.2369999885559082 1.8339999914169312 -1.125
H 0.42100000381469727 2.427000045776367 0.19699999690055847
H 1.0980000495910645 0.5799999833106995 1.5399999618530273
H -0.4493497312068939 -0.9247380495071411 0.6795582175254822
H -0.9014750123023987 0.5298358201980591 -0.24034959077835083
H 0.5531577467918396 -0.19995954632759094 -2.1116716861724854
H 1.0053356885910034 -1.6546127796173096 -1.1903531551361084
H -1.777068018913269 -2.768681764602661 -3.3034098148345947
H 3.5299999713897705 -1.809000015258789 0.4350000023841858
