N 1.1990000009536743 1.8669999837875366 -0.11699999868869781
C 1.1380000114440918 0.5149999856948853 0.453000009059906
C 2.364000082015991 -0.25999999046325684 0.04100000113248825
O 3.009999990463257 0.09600000083446503 -0.9160000085830688
C -0.11299991607666016 -0.19999994337558746 -0.06199992448091507
C 0.1779594123363495 -1.6960841417312622 -0.20236316323280334
C -1.0542186498641968 -2.4011967182159424 -0.7098142504692078
O -2.060887575149536 -1.7718744277954102 -0.9351142644882202
O -1.0334042310714722 -3.72851300239563 -0.9101855158805847
O 2.736999988555908 -1.3450000286102295 0.7369999885559082
H 1.2369999885559082 1.8339999914169312 -1.125
H 0.42100000381469727 2.427000045776367 0.19699999690055847
H 1.0980000495910645 0.5799999833106995 1.5399999618530273
H -0.9318547248840332 -0.0538765974342823 0.6425636410713196
H -0.39158809185028076 0.2082778513431549 -1.0324945449829102
H 0.9964271187782288 -1.843091607093811 -0.9071876406669617
H 0.4557914733886719 -2.104219436645508 0.768770158290863
H -1.846907615661621 -4.1356706619262695 -1.235901951789856
H 3.5299999713897705 -1.809000015258789 0.4350000023841858
