N 1.1990000009536743 1.8669999837875366 -0.11699999868869781
C 1.1380000114440918 0.5149999856948853 0.453000009059906
C 2.364000082015991 -0.25999999046325684 0.04100000113248825
O 3.009999990463257 0.09600000083446503 -0.9160000085830688
C -0.11300003528594971 -0.19999998807907104 -0.06199997663497925
C -1.3596006631851196 0.5459878444671631 0.41978439688682556
C -2.5926015377044678 -0.15799564123153687 -0.08723616600036621
O -2.484879493713379 -1.15301513671875 -0.7643780708312988
O -3.8102681636810303 0.321343332529068 0.21255052089691162
O 2.736999988555908 -1.3450000286102295 0.7369999885559082
H 1.2369999885559082 1.8339999914169312 -1.125
H 0.42100000381469727 2.427000045776367 0.19699999690055847
H 1.0980000495910645 0.5799999833106995 1.5399999618530273
H -0.0992511734366417 -0.2181646078824997 -1.1518467664718628
H -0.13101495802402496 -1.2204606533050537 0.31812822818756104
H -1.3743489980697632 0.5641639232635498 1.5096148252487183
H -1.3415696620941162 1.5664198398590088 0.038656704127788544
H -4.570279121398926 -0.16366739571094513 -0.1350187212228775
H 3.5299999713897705 -1.809000015258789 0.4350000023841858
