N 1.1990000009536743 1.8669999837875366 -0.11699999868869781
C 1.1380000114440918 0.5149999856948853 0.453000009059906
C 2.364000082015991 -0.25999999046325684 0.04100000113248825
O 3.009999990463257 0.09600000083446503 -0.9160000085830688
C -0.11299994587898254 -0.19999995827674866 -0.06199996545910835
C -0.30247247219085693 0.11375940591096878 -1.5480290651321411
C -1.5349527597427368 -0.5903687477111816 -2.056112766265869
O -2.192988395690918 -1.2729357481002808 -1.3069263696670532
O -1.9006693363189697 -0.4600449800491333 -3.3412654399871826
O 2.736999988555908 -1.3450000286102295 0.7369999885559082
H 1.2369999885559082 1.8339999914169312 -1.125
H 0.42100000381469727 2.427000045776367 0.19699999690055847
H 1.0980000495910645 0.5799999833106995 1.5399999618530273
H 0.0022323094308376312 -1.2758934497833252 0.07013476639986038
H -0.9834255576133728 0.1432880312204361 0.49538183212280273
H -0.41828158497810364 1.1894892454147339 -1.6809636354446411
H 0.568051278591156 -0.23051509261131287 -2.1052796840667725
H -2.697362184524536 -0.9302026033401489 -3.6203513145446777
H 3.5299999713897705 -1.809000015258789 0.4350000023841858
