N 1.1990000009536743 1.8669999837875366 -0.11699999868869781
C 1.1380000114440918 0.5149999856948853 0.453000009059906
C 2.364000082015991 -0.25999999046325684 0.04100000113248825
O 3.009999990463257 0.09600000083446503 -0.9160000085830688
C -0.11299996078014374 -0.19999995827674866 -0.06199997290968895
C -0.473738431930542 0.34104588627815247 -1.4475555419921875
C -1.70630943775177 -0.3629692494869232 -1.955575942993164
O -2.2402236461639404 -1.2101874351501465 -1.2793023586273193
O -2.209987163543701 -0.0494840070605278 -3.159895420074463
O 2.736999988555908 -1.3450000286102295 0.7369999885559082
H 1.2369999885559082 1.8339999914169312 -1.125
H 0.42100000381469727 2.427000045776367 0.19699999690055847
H 1.0980000495910645 0.5799999833106995 1.5399999618530273
H 0.08133295923471451 -1.2704966068267822 -0.12950360774993896
H -0.9407728910446167 -0.023577475920319557 0.623440682888031
H -0.6687164306640625 1.411469578742981 -1.3808120489120483
H 0.35420626401901245 0.1636396050453186 -2.133047580718994
H -3.0007236003875732 -0.5275306701660156 -3.442497491836548
H 3.5299999713897705 -1.809000015258789 0.4350000023841858
