N 1.1990000009536743 1.8669999837875366 -0.11699999868869781
C 1.1380000114440918 0.5149999856948853 0.453000009059906
C 2.364000082015991 -0.25999999046325684 0.04100000113248825
O 3.009999990463257 0.09600000083446503 -0.9160000085830688
C -0.11299999803304672 -0.19999997317790985 -0.06199994310736656
C -0.8506761193275452 -0.8445097804069519 1.1140393018722534
C -2.0833780765533447 -1.5492362976074219 0.6073247194290161
O -2.3447632789611816 -1.5364617109298706 -0.5723801851272583
O -2.8913767337799072 -2.1899313926696777 1.4669746160507202
O 2.736999988555908 -1.3450000286102295 0.7369999885559082
H 1.2369999885559082 1.8339999914169312 -1.125
H 0.42100000381469727 2.427000045776367 0.19699999690055847
H 1.0980000495910645 0.5799999833106995 1.5399999618530273
H -0.7687564492225647 0.5204893350601196 -0.5510436296463013
H 0.17626194655895233 -0.9705104231834412 -0.7753042578697205
H -0.19571739435195923 -1.5655415058135986 1.603345274925232
H -1.140535831451416 -0.07334258407354355 1.8268837928771973
H -3.66914963722229 -2.626568078994751 1.0953913927078247
H 3.5299999713897705 -1.809000015258789 0.4350000023841858
