N 1.1990000009536743 1.8669999837875366 -0.11699999868869781
C 1.1380000114440918 0.5149999856948853 0.453000009059906
C 2.364000082015991 -0.25999999046325684 0.04100000113248825
O 3.009999990463257 0.09600000083446503 -0.9160000085830688
C -0.11299997568130493 -0.19999995827674866 -0.06199997663497925
C -0.7045124173164368 0.5896497368812561 -1.2321254014968872
C -1.9372034072875977 -0.11424602568149567 -1.7400203943252563
O -2.30389142036438 -1.1415185928344727 -1.2199820280075073
O -2.6268017292022705 0.39962103962898254 -2.7709155082702637
O 2.736999988555908 -1.3450000286102295 0.7369999885559082
H 1.2369999885559082 1.8339999914169312 -1.125
H 0.42100000381469727 2.427000045776367 0.19699999690055847
H 1.0980000495910645 0.5799999833106995 1.5399999618530273
H 0.1528899073600769 -1.202377200126648 -0.3978981077671051
H -0.8483070135116577 -0.26824769377708435 0.7385171055793762
H -0.9711394309997559 1.5920535326004028 -0.8969020247459412
H 0.031033724546432495 0.6569731831550598 -2.032940149307251
H -3.4095168113708496 -0.08704575896263123 -3.0610342025756836
H 3.5299999713897705 -1.809000015258789 0.4350000023841858
