N 1.1990000009536743 1.8669999837875366 -0.11699999868869781
C 1.1380000114440918 0.5149999856948853 0.453000009059906
C 2.364000082015991 -0.25999999046325684 0.04100000113248825
O 3.009999990463257 0.09600000083446503 -0.9160000085830688
C -0.11300002038478851 -0.19999998807907104 -0.061999958008527756
C -1.1444182395935059 -0.29512256383895874 1.0648342370986938
C -2.3772823810577393 -0.9995644092559814 0.5581182241439819
O -2.42572283744812 -1.384886384010315 -0.5861585736274719
O -3.4218366146087646 -1.1976442337036133 1.3778870105743408
O 2.736999988555908 -1.3450000286102295 0.7369999885559082
H 1.2369999885559082 1.8339999914169312 -1.125
H 0.42100000381469727 2.427000045776367 0.19699999690055847
H 1.0980000495910645 0.5799999833106995 1.5399999618530273
H -0.5361484289169312 0.36134985089302063 -0.8951367139816284
H 0.1525723934173584 -1.201837420463562 -0.396596759557724
H -0.7221843004226685 -0.8567956686019897 1.8982129096984863
H -1.4103739261627197 0.707221508026123 1.3986588716506958
H -4.189379692077637 -1.6533746719360352 1.007962703704834
H 3.5299999713897705 -1.809000015258789 0.4350000023841858
