N 1.1990000009536743 1.8669999837875366 -0.11699999868869781
C 1.1380000114440918 0.5149999856948853 0.453000009059906
C 2.364000082015991 -0.25999999046325684 0.04100000113248825
O 3.009999990463257 0.09600000083446503 -0.9160000085830688
C -0.11299990117549896 -0.19999994337558746 -0.061999935656785965
C 0.28949519991874695 -1.2305186986923218 -1.119665265083313
C -0.942648708820343 -1.935355544090271 -1.62758207321167
O -2.0299148559570312 -1.643717646598816 -1.188277244567871
O -0.8317393660545349 -2.887932062149048 -2.567075252532959
O 2.736999988555908 -1.3450000286102295 0.7369999885559082
H 1.2369999885559082 1.8339999914169312 -1.125
H 0.42100000381469727 2.427000045776367 0.19699999690055847
H 1.0980000495910645 0.5799999833106995 1.5399999618530273
H -0.6105924248695374 -0.70494145154953 0.7660826444625854
H -0.7917699813842773 0.5279367566108704 -0.5042003393173218
H 0.7867460250854492 -0.7262767553329468 -1.9483749866485596
H 0.9678003191947937 -1.958909511566162 -0.6767048239707947
H -1.6490687131881714 -3.3113439083099365 -2.860931396484375
H 3.5299999713897705 -1.809000015258789 0.4350000023841858
