N 1.1990000009536743 1.8669999837875366 -0.11699999868869781
C 1.1380000114440918 0.5149999856948853 0.453000009059906
C 2.364000082015991 -0.25999999046325684 0.04100000113248825
O 3.009999990463257 0.09600000083446503 -0.9160000085830688
C -0.11300000548362732 -0.19999998807907104 -0.06199994683265686
C -0.9290269017219543 -0.7158277034759521 1.1257075071334839
C -2.161771535873413 -1.4204884767532349 0.6190049052238464
O -2.366364002227783 -1.5009506940841675 -0.5692108869552612
O -3.032874584197998 -1.9575014114379883 1.4879965782165527
O 2.736999988555908 -1.3450000286102295 0.7369999885559082
H 1.2369999885559082 1.8339999914169312 -1.125
H 0.42100000381469727 2.427000045776367 0.19699999690055847
H 1.0980000495910645 0.5799999833106995 1.5399999618530273
H -0.7175614237785339 0.49688786268234253 -0.642635703086853
H 0.18078164756298065 -1.038353681564331 -0.6920930743217468
H -0.3252943754196167 -1.4132065773010254 1.706610083580017
H -1.2233589887619019 0.1231599897146225 1.755257487297058
H -3.807920455932617 -2.398608446121216 1.115995168685913
H 3.5299999713897705 -1.809000015258789 0.4350000023841858
