N 1.1990000009536743 1.8669999837875366 -0.11699999868869781
C 1.1380000114440918 0.5149999856948853 0.453000009059906
C 2.364000082015991 -0.25999999046325684 0.04100000113248825
O 3.009999990463257 0.09600000083446503 -0.9160000085830688
C -0.11299992352724075 -0.19999995827674866 -0.06199992448091507
C 0.06133393198251724 -1.711671233177185 0.10257505625486374
C -1.1708989143371582 -2.4168038368225098 -0.4047149419784546
O -2.093111515045166 -1.776073694229126 -0.8510081171989441
O -1.2440998554229736 -3.756558418273926 -0.3594425320625305
O 2.736999988555908 -1.3450000286102295 0.7369999885559082
H 1.2369999885559082 1.8339999914169312 -1.125
H 0.42100000381469727 2.427000045776367 0.19699999690055847
H 1.0980000495910645 0.5799999833106995 1.5399999618530273
H -0.9814906716346741 0.12958937883377075 0.5084207653999329
H -0.25914594531059265 0.03606829792261124 -1.1151262521743774
H 0.9293909072875977 -2.0421502590179443 -0.4679849445819855
H 0.2066798210144043 -1.9474297761917114 1.1562150716781616
H -2.0535619258880615 -4.163148880004883 -0.6957634687423706
H 3.5299999713897705 -1.809000015258789 0.4350000023841858
