N 1.1990000009536743 1.8669999837875366 -0.11699999868869781
C 1.1380000114440918 0.5149999856948853 0.453000009059906
C 2.364000082015991 -0.25999999046325684 0.04100000113248825
O 3.009999990463257 0.09600000083446503 -0.9160000085830688
C -0.11299993842840195 -0.19999995827674866 -0.06199992448091507
C -0.12295464426279068 -1.6414010524749756 0.4526757001876831
C -1.3552780151367188 -2.3465113639831543 -0.0544254407286644
O -2.143998622894287 -1.756567358970642 -0.754478931427002
O -1.5770010948181152 -3.629512310028076 0.27283209562301636
O 2.736999988555908 -1.3450000286102295 0.7369999885559082
H 1.2369999885559082 1.8339999914169312 -1.125
H 0.42100000381469727 2.427000045776367 0.19699999690055847
H 1.0980000495910645 0.5799999833106995 1.5399999618530273
H -1.0022685527801514 0.3193438947200775 0.29544714093208313
H -0.10746247321367264 -0.20342007279396057 -1.1510910987854004
H 0.7658064961433411 -2.1616060733795166 0.09522868692874908
H -0.12930935621261597 -1.6374993324279785 1.5420833826065063
H -2.380068778991699 -4.038515090942383 -0.07567235082387924
H 3.5299999713897705 -1.809000015258789 0.4350000023841858
