N 1.1990000009536743 1.8669999837875366 -0.11699999868869781
C 1.1380000114440918 0.5149999856948853 0.453000009059906
C 2.364000082015991 -0.25999999046325684 0.04100000113248825
O 3.009999990463257 0.09600000083446503 -0.9160000085830688
C -0.11299997568130493 -0.19999997317790985 -0.061999935656785965
C -0.5836045145988464 -1.2161939144134521 0.9813161492347717
C -1.8161643743515015 -1.9211064577102661 0.4745144844055176
O -2.2711105346679688 -1.6390641927719116 -0.6088438034057617
O -2.40903377532959 -2.8613150119781494 1.2274178266525269
O 2.736999988555908 -1.3450000286102295 0.7369999885559082
H 1.2369999885559082 1.8339999914169312 -1.125
H 0.42100000381469727 2.427000045776367 0.19699999690055847
H 1.0980000495910645 0.5799999833106995 1.5399999618530273
H -0.9025883674621582 0.5302826762199402 -0.23954549431800842
H 0.12022167444229126 -0.7162339091300964 -0.9921998977661133
H 0.20529258251190186 -1.9471675157546997 1.159071683883667
H -0.8175482749938965 -0.6992906928062439 1.9113409519195557
H -3.196096658706665 -3.285048246383667 0.8604863286018372
H 3.5299999713897705 -1.809000015258789 0.4350000023841858
