N 1.1990000009536743 1.8669999837875366 -0.11699999868869781
C 1.1380000114440918 0.5149999856948853 0.453000009059906
C 2.364000082015991 -0.25999999046325684 0.04100000113248825
O 3.009999990463257 0.09600000083446503 -0.9160000085830688
C -0.11300003528594971 -0.19999998807907104 -0.06199997290968895
C -1.3551256656646729 0.42320677638053894 0.5793770551681519
C -2.5881192684173584 -0.2808462381362915 0.07243566960096359
O -2.4836854934692383 -1.1868407726287842 -0.7203168272972107
O -3.8022284507751465 0.09963227808475494 0.5008337497711182
O 2.736999988555908 -1.3450000286102295 0.7369999885559082
H 1.2369999885559082 1.8339999914169312 -1.125
H 0.42100000381469727 2.427000045776367 0.19699999690055847
H 1.0980000495910645 0.5799999833106995 1.5399999618530273
H -0.1723041981458664 -0.09499534219503403 -1.1453937292099
H -0.06121395528316498 -1.2562782764434814 0.19830027222633362
H -1.2968193292617798 0.31816479563713074 1.662818193435669
H -1.4069620370864868 1.479569673538208 0.31808164715766907
H -4.562405586242676 -0.38109877705574036 0.14772549271583557
H 3.5299999713897705 -1.809000015258789 0.4350000023841858
