N 1.1990000009536743 1.8669999837875366 -0.11699999868869781
C 1.1380000114440918 0.5149999856948853 0.453000009059906
C 2.364000082015991 -0.25999999046325684 0.04100000113248825
O 3.009999990463257 0.09600000083446503 -0.9160000085830688
C -0.11299994587898254 -0.19999995827674866 -0.06199992820620537
C -0.2010241597890854 -1.5904732942581177 0.5716109275817871
C -1.4333868026733398 -2.295562267303467 0.06457515805959702
O -2.165548324584961 -1.7424752712249756 -0.7216965556144714
O -1.7180190086364746 -3.537484645843506 0.48761582374572754
O 2.736999988555908 -1.3450000286102295 0.7369999885559082
H 1.2369999885559082 1.8339999914169312 -1.125
H 0.42100000381469727 2.427000045776367 0.19699999690055847
H 1.0980000495910645 0.5799999833106995 1.5399999618530273
H -0.99821537733078 0.37739819288253784 0.20500193536281586
H -0.05604768544435501 -0.297597736120224 -1.1452325582504272
H 0.6836526393890381 -2.1687123775482178 0.30465641617774963
H -0.25878921151161194 -1.4923416376113892 1.6550767421722412
H -2.518376111984253 -3.948246955871582 0.13496984541416168
H 3.5299999713897705 -1.809000015258789 0.4350000023841858
