N 1.1990000009536743 1.8669999837875366 -0.11699999868869781
C 1.1380000114440918 0.5149999856948853 0.453000009059906
C 2.364000082015991 -0.25999999046325684 0.04100000113248825
O 3.009999990463257 0.09600000083446503 -0.9160000085830688
C -0.11300002038478851 -0.19999998807907104 -0.061999958008527756
C -1.1818803548812866 -0.20699183642864227 1.0334784984588623
C -2.4147660732269287 -0.9113870859146118 0.5267497301101685
O -2.436041831970215 -1.3605791330337524 -0.5948396921157837
O -3.4894819259643555 -1.03847336769104 1.3212212324142456
O 2.736999988555908 -1.3450000286102295 0.7369999885559082
H 1.2369999885559082 1.8339999914169312 -1.125
H 0.42100000381469727 2.427000045776367 0.19699999690055847
H 1.0980000495910645 0.5799999833106995 1.5399999618530273
H -0.49550777673721313 0.32198911905288696 -0.9392116069793701
H 0.13858693838119507 -1.2251276969909668 -0.3302892744541168
H -0.8003020286560059 -0.7292691469192505 1.910919427871704
H -1.4338133335113525 0.8186058402061462 1.3009557723999023
H -4.25571870803833 -1.497268795967102 0.952379047870636
H 3.5299999713897705 -1.809000015258789 0.4350000023841858
