N 1.1990000009536743 1.8669999837875366 -0.11699999868869781
C 1.1380000114440918 0.5149999856948853 0.453000009059906
C 2.364000082015991 -0.25999999046325684 0.04100000113248825
O 3.009999990463257 0.09600000083446503 -0.9160000085830688
C -0.11299991607666016 -0.19999994337558746 -0.06199994683265686
C 0.142085999250412 -0.7118268609046936 -1.481715202331543
C -1.090149164199829 -1.4163824319839478 -1.9898009300231934
O -2.0704593658447266 -1.5007164478302002 -1.2883249521255493
O -1.0978525876998901 -1.951197624206543 -3.2211673259735107
O 2.736999988555908 -1.3450000286102295 0.7369999885559082
H 1.2369999885559082 1.8339999914169312 -1.125
H 0.42100000381469727 2.427000045776367 0.19699999690055847
H 1.0980000495910645 0.5799999833106995 1.5399999618530273
H -0.3462355136871338 -1.0412455797195435 0.5908339023590088
H -0.951137900352478 0.49540525674819946 -0.07191058993339539
H 0.3749215602874756 0.12892568111419678 -2.1353211402893066
H 0.9800008535385132 -1.4079971313476562 -1.4712004661560059
H -1.9100271463394165 -2.39266300201416 -3.502480983734131
H 3.5299999713897705 -1.809000015258789 0.4350000023841858
