N 1.1990000009536743 1.8669999837875366 -0.11699999868869781
C 1.1380000114440918 0.5149999856948853 0.453000009059906
C 2.364000082015991 -0.25999999046325684 0.04100000113248825
O 3.009999990463257 0.09600000083446503 -0.9160000085830688
C -0.11299990117549896 -0.19999994337558746 -0.061999931931495667
C 0.2992266118526459 -1.3146710395812988 -1.0264712572097778
C -0.9329092502593994 -2.019554853439331 -1.5343424081802368
O -2.0272552967071533 -1.6669065952301025 -1.1625430583953857
O -0.8141897916793823 -3.0398950576782227 -2.3987274169921875
O 2.736999988555908 -1.3450000286102295 0.7369999885559082
H 1.2369999885559082 1.8339999914169312 -1.125
H 0.42100000381469727 2.427000045776367 0.19699999690055847
H 1.0980000495910645 0.5799999833106995 1.5399999618530273
H -0.6583666801452637 -0.6300668716430664 0.7781801819801331
H -0.7509570121765137 0.5129221081733704 -0.5824947357177734
H 0.8442553877830505 -0.8853370547294617 -1.8672412633895874
H 0.9366751313209534 -2.0279781818389893 -0.5052063465118408
H -1.6318637132644653 -3.4603750705718994 -2.695817232131958
H 3.5299999713897705 -1.809000015258789 0.4350000023841858
