N 1.1990000009536743 1.8669999837875366 -0.11699999868869781
C 1.1380000114440918 0.5149999856948853 0.453000009059906
C 2.364000082015991 -0.25999999046325684 0.04100000113248825
O 3.009999990463257 0.09600000083446503 -0.9160000085830688
C -0.11299990117549896 -0.19999994337558746 -0.06199992820620537
C 0.2984234690666199 -1.475482702255249 -0.8012574315071106
C -0.9337062239646912 -2.1804583072662354 -1.3090163469314575
O -2.0275325775146484 -1.7112040519714355 -1.1003694534301758
O -0.8156993389129639 -3.3302738666534424 -1.991913080215454
O 2.736999988555908 -1.3450000286102295 0.7369999885559082
H 1.2369999885559082 1.8339999914169312 -1.125
H 0.42100000381469727 2.427000045776367 0.19699999690055847
H 1.0980000495910645 0.5799999833106995 1.5399999618530273
H -0.7563425898551941 -0.45920297503471375 0.7789573073387146
H -0.6525080800056458 0.4564758837223053 -0.7432724833488464
H 0.9414276480674744 -1.2170765399932861 -1.642714500427246
H 0.8373339772224426 -2.1321868896484375 -0.11921623349189758
H -1.6333593130111694 -3.745147466659546 -2.296820640563965
H 3.5299999713897705 -1.809000015258789 0.4350000023841858
