N 1.1990000009536743 1.8669999837875366 -0.11699999868869781
C 1.1380000114440918 0.5149999856948853 0.453000009059906
C 2.364000082015991 -0.25999999046325684 0.04100000113248825
O 3.009999990463257 0.09600000083446503 -0.9160000085830688
C -0.11300002783536911 -0.19999998807907104 -0.061999980360269547
C -1.324571132659912 0.7230079174041748 0.08892756700515747
C -2.5575625896453857 0.019128557294607162 -0.4182605743408203
O -2.4751415252685547 -1.104280710220337 -0.855693519115448
O -3.7469208240509033 0.6409602761268616 -0.385067880153656
O 2.736999988555908 -1.3450000286102295 0.7369999885559082
H 1.2369999885559082 1.8339999914169312 -1.125
H 0.42100000381469727 2.427000045776367 0.19699999690055847
H 1.0980000495910645 0.5799999833106995 1.5399999618530273
H 0.020359596237540245 -0.4551486670970917 -1.113379716873169
H -0.275393009185791 -1.1094751358032227 0.5147541761398315
H -1.4589159488677979 0.9782382249832153 1.140158772468567
H -1.1620535850524902 1.632237195968628 -0.48878785967826843
H -4.50813102722168 0.1497708261013031 -0.7211465239524841
H 3.5299999713897705 -1.809000015258789 0.4350000023841858
