N 1.1990000009536743 1.8669999837875366 -0.11699999868869781
C 1.1380000114440918 0.5149999856948853 0.453000009059906
C 2.364000082015991 -0.25999999046325684 0.04100000113248825
O 3.009999990463257 0.09600000083446503 -0.9160000085830688
C -0.11299999058246613 -0.19999997317790985 -0.061999980360269547
C -0.8294544219970703 0.6955108642578125 -1.0755977630615234
C -2.062209129333496 -0.008336598984897137 -1.5834050178527832
O -2.3383712768554688 -1.1122562885284424 -1.1768527030944824
O -2.8524770736694336 0.5908830761909485 -2.488259792327881
O 2.736999988555908 -1.3450000286102295 0.7369999885559082
H 1.2369999885559082 1.8339999914169312 -1.125
H 0.42100000381469727 2.427000045776367 0.19699999690055847
H 1.0980000495910645 0.5799999833106995 1.5399999618530273
H 0.17417412996292114 -1.1351723670959473 -0.5429038405418396
H -0.7808060050010681 -0.410593718290329 0.772174596786499
H -1.1174155473709106 1.6307523250579834 -0.5953064560890198
H -0.16138873994350433 0.9052404165267944 -1.910203456878662
H -3.630852222442627 0.10055108368396759 -2.783832550048828
H 3.5299999713897705 -1.809000015258789 0.4350000023841858
