N 1.1990000009536743 1.8669999837875366 -0.11699999868869781
C 1.1380000114440918 0.5149999856948853 0.453000009059906
C 2.364000082015991 -0.25999999046325684 0.04100000113248825
O 3.009999990463257 0.09600000083446503 -0.9160000085830688
C -0.11299991607666016 -0.19999994337558746 -0.06199994683265686
C 0.13341256976127625 -0.6900299787521362 -1.490908145904541
C -1.098827600479126 -1.3945739269256592 -1.998997688293457
O -2.072848081588745 -1.4947052001953125 -1.2908685207366943
O -1.1135135889053345 -1.9118311405181885 -3.237779140472412
O 2.736999988555908 -1.3450000286102295 0.7369999885559082
H 1.2369999885559082 1.8339999914169312 -1.125
H 0.42100000381469727 2.427000045776367 0.19699999690055847
H 1.0980000495910645 0.5799999833106995 1.5399999618530273
H -0.33598020672798157 -1.051828145980835 0.5806147456169128
H -0.9552209973335266 0.4904918074607849 -0.055170584470033646
H 0.35598936676979065 0.16131383180618286 -2.13429856300354
H 0.9754199385643005 -1.3812966346740723 -1.4971425533294678
H -1.925385594367981 -2.3540546894073486 -3.51877498626709
H 3.5299999713897705 -1.809000015258789 0.4350000023841858
