N 1.1990000009536743 1.8669999837875366 -0.11699999868869781
C 1.1380000114440918 0.5149999856948853 0.453000009059906
C 2.364000082015991 -0.25999999046325684 0.04100000113248825
O 3.009999990463257 0.09600000083446503 -0.9160000085830688
C -0.11300001293420792 -0.19999998807907104 -0.06199995055794716
C -1.0265297889709473 -0.5397581458091736 1.1181080341339111
C -2.2593278884887695 -1.2443280220031738 0.6114093065261841
O -2.3932394981384277 -1.4523706436157227 -0.5713734030723572
O -3.208954334259033 -1.6394867897033691 1.4742008447647095
O 2.736999988555908 -1.3450000286102295 0.7369999885559082
H 1.2369999885559082 1.8339999914169312 -1.125
H 0.42100000381469727 2.427000045776367 0.19699999690055847
H 1.0980000495910645 0.5799999833106995 1.5399999618530273
H -0.644172728061676 0.45070281624794006 -0.7567851543426514
H 0.17673617601394653 -1.1173018217086792 -0.5726584196090698
H -0.49622470140457153 -1.1908817291259766 1.8131567239761353
H -1.3167486190795898 0.3781340718269348 1.6281195878982544
H -3.980605125427246 -2.08671236038208 1.1024470329284668
H 3.5299999713897705 -1.809000015258789 0.4350000023841858
