N 1.1990000009536743 1.8669999837875366 -0.11699999868869781
C 1.1380000114440918 0.5149999856948853 0.453000009059906
C 2.364000082015991 -0.25999999046325684 0.04100000113248825
O 3.009999990463257 0.09600000083446503 -0.9160000085830688
C -0.11300002783536911 -0.19999998807907104 -0.061999984085559845
C -1.270782232284546 0.797610878944397 -0.14530758559703827
C -2.503751039505005 0.09377921372652054 -0.6526166796684265
O -2.460256338119507 -1.0837737321853638 -0.9203225374221802
O -3.649721384048462 0.7756255865097046 -0.8081405758857727
O 2.736999988555908 -1.3450000286102295 0.7369999885559082
H 1.2369999885559082 1.8339999914169312 -1.125
H 0.42100000381469727 2.427000045776367 0.19699999690055847
H 1.0980000495910645 0.5799999833106995 1.5399999618530273
H 0.0842088982462883 -0.6109110713005066 -1.052225112915039
H -0.37739261984825134 -1.0068690776824951 0.6200709939002991
H -1.4689546823501587 1.2086330652236938 0.8446755409240723
H -1.0062074661254883 1.6040916442871094 -0.8282818794250488
H -4.412789344787598 0.28182417154312134 -1.1360794305801392
H 3.5299999713897705 -1.809000015258789 0.4350000023841858
