N 1.1990000009536743 1.8669999837875366 -0.11699999868869781
C 1.1380000114440918 0.5149999856948853 0.453000009059906
C 2.364000082015991 -0.25999999046325684 0.04100000113248825
O 3.009999990463257 0.09600000083446503 -0.9160000085830688
C -0.11299999058246613 -0.19999997317790985 -0.061999980360269547
C -0.8696032762527466 0.724707305431366 -1.0186059474945068
C -2.1023783683776855 0.020872611552476883 -1.5263816118240356
O -2.349452495574951 -1.104181170463562 -1.1611456871032715
O -2.924997568130493 0.6436378955841064 -2.385340690612793
O 2.736999988555908 -1.3450000286102295 0.7369999885559082
H 1.2369999885559082 1.8339999914169312 -1.125
H 0.42100000381469727 2.427000045776367 0.19699999690055847
H 1.0980000495910645 0.5799999833106995 1.5399999618530273
H 0.17808465659618378 -1.108488917350769 -0.5894489884376526
H -0.7561891674995422 -0.4579929709434509 0.7781839966773987
H -1.1614910364151 1.6332770586013794 -0.49174684286117554
H -0.22615046799182892 0.9818601012229919 -1.8592638969421387
H -3.7019784450531006 0.15229623019695282 -2.682898759841919
H 3.5299999713897705 -1.809000015258789 0.4350000023841858
