N 1.1990000009536743 1.8669999837875366 -0.11699999868869781
C 1.1380000114440918 0.5149999856948853 0.453000009059906
C 2.364000082015991 -0.25999999046325684 0.04100000113248825
O 3.009999990463257 0.09600000083446503 -0.9160000085830688
C -0.11299990862607956 -0.19999994337558746 -0.06199992820620537
C 0.29055967926979065 -1.5247730016708374 -0.7137231230735779
C -0.9415717720985413 -2.2297773361206055 -1.2214378118515015
O -2.029721975326538 -1.7247754335403442 -1.076209306716919
O -0.829923689365387 -3.419271230697632 -1.8338011503219604
O 2.736999988555908 -1.3450000286102295 0.7369999885559082
H 1.2369999885559082 1.8339999914169312 -1.125
H 0.42100000381469727 2.427000045776367 0.19699999690055847
H 1.0980000495910645 0.5799999833106995 1.5399999618530273
H -0.7889966368675232 -0.39592263102531433 0.7704228758811951
H -0.6142997741699219 0.4282764792442322 -0.7969346642494202
H 0.966214656829834 -1.3296667337417603 -1.5466108322143555
H 0.7912322282791138 -2.153219699859619 0.02197163738310337
H -1.6473153829574585 -3.8324246406555176 -2.1417484283447266
H 3.5299999713897705 -1.809000015258789 0.4350000023841858
