N 1.1990000009536743 1.8669999837875366 -0.11699999868869781
C 1.1380000114440918 0.5149999856948853 0.453000009059906
C 2.364000082015991 -0.25999999046325684 0.04100000113248825
O 3.009999990463257 0.09600000083446503 -0.9160000085830688
C -0.11300003528594971 -0.19999998807907104 -0.06199996545910835
C -1.2927159070968628 0.1100606620311737 0.8625323176383972
C -2.525667190551758 -0.5941646695137024 0.35572710633277893
O -2.4665520191192627 -1.273152232170105 -0.6421056985855103
O -3.68959641456604 -0.4658728539943695 1.012354850769043
O 2.736999988555908 -1.3450000286102295 0.7369999885559082
H 1.2369999885559082 1.8339999914169312 -1.125
H 0.42100000381469727 2.427000045776367 0.19699999690055847
H 1.0980000495910645 0.5799999833106995 1.5399999618530273
H -0.3410583734512329 0.14611023664474487 -1.0702073574066162
H 0.06303362548351288 -1.2746714353561401 -0.07797663658857346
H -1.0656309127807617 -0.23621144890785217 1.8709003925323486
H -1.468954086303711 1.1850390434265137 0.8775794506072998
H -4.451963901519775 -0.9356991648674011 0.649428129196167
H 3.5299999713897705 -1.809000015258789 0.4350000023841858
