N 1.1990000009536743 1.8669999837875366 -0.11699999868869781
C 1.1380000114440918 0.5149999856948853 0.453000009059906
C 2.364000082015991 -0.25999999046325684 0.04100000113248825
O 3.009999990463257 0.09600000083446503 -0.9160000085830688
C -0.11300002783536911 -0.19999998807907104 -0.061999980360269547
C -1.3109132051467896 0.7492160797119141 0.01936449483036995
C -2.5438990592956543 0.0453529916703701 -0.4878593981266022
O -2.4713594913482666 -1.0970722436904907 -0.87488853931427
O -3.7222375869750977 0.688273012638092 -0.5107134580612183
O 2.736999988555908 -1.3450000286102295 0.7369999885559082
H 1.2369999885559082 1.8339999914169312 -1.125
H 0.42100000381469727 2.427000045776367 0.19699999690055847
H 1.0980000495910645 0.5799999833106995 1.5399999618530273
H 0.04098593816161156 -0.502366840839386 -1.0979284048080444
H -0.30570200085639954 -1.0809234380722046 0.5487387180328369
H -1.4658788442611694 1.0516749620437622 1.0551165342330933
H -1.118067979812622 1.6298503875732422 -0.5923207402229309
H -4.4839186668396 0.1961670219898224 -0.8443751931190491
H 3.5299999713897705 -1.809000015258789 0.4350000023841858
