N 1.1990000009536743 1.8669999837875366 -0.11699999868869781
C 1.1380000114440918 0.5149999856948853 0.453000009059906
C 2.364000082015991 -0.25999999046325684 0.04100000113248825
O 3.009999990463257 0.09600000083446503 -0.9160000085830688
C -0.11299990117549896 -0.19999994337558746 -0.06199992820620537
C 0.2949933111667633 -1.5007755756378174 -0.7578098773956299
C -0.9371370077133179 -2.205765724182129 -1.2655469179153442
O -2.028488874435425 -1.7181684970855713 -1.0883773565292358
O -0.8219053149223328 -3.3759424686431885 -1.9134341478347778
O 2.736999988555908 -1.3450000286102295 0.7369999885559082
H 1.2369999885559082 1.8339999914169312 -1.125
H 0.42100000381469727 2.427000045776367 0.19699999690055847
H 1.0980000495910645 0.5799999833106995 1.5399999618530273
H -0.7728902697563171 -0.4275978207588196 0.7752747535705566
H -0.6335399150848389 0.4428713023662567 -0.7704606056213379
H 0.9545437693595886 -1.2739845514297485 -1.5955671072006226
H 0.8149206638336182 -2.143846035003662 -0.04858436435461044
H -1.639448642730713 -3.789933443069458 -2.2198503017425537
H 3.5299999713897705 -1.809000015258789 0.4350000023841858
