N 1.1990000009536743 1.8669999837875366 -0.11699999868869781
C 1.1380000114440918 0.5149999856948853 0.453000009059906
C 2.364000082015991 -0.25999999046325684 0.04100000113248825
O 3.009999990463257 0.09600000083446503 -0.9160000085830688
C -0.11299993842840195 -0.19999995827674866 -0.06199992448091507
C -0.08553514629602432 -1.6619482040405273 0.39030560851097107
C -1.3178399801254272 -2.3670666217803955 -0.1168295368552208
O -2.1336681842803955 -1.762257695198059 -0.7716724872589111
O -1.5094082355499268 -3.666646718978882 0.1601962000131607
O 2.736999988555908 -1.3450000286102295 0.7369999885559082
H 1.2369999885559082 1.8339999914169312 -1.125
H 0.42100000381469727 2.427000045776367 0.19699999690055847
H 1.0980000495910645 0.5799999833106995 1.5399999618530273
H -1.0018643140792847 0.2874409854412079 0.33875754475593567
H -0.13445068895816803 -0.1569514274597168 -1.150048017501831
H 0.8028366565704346 -2.150258779525757 -0.010476626455783844
H -0.06490163505077362 -1.704543948173523 1.4787102937698364
H -2.313775062561035 -4.0749406814575195 -0.18613699078559875
H 3.5299999713897705 -1.809000015258789 0.4350000023841858
