N 1.1990000009536743 1.8669999837875366 -0.11699999868869781
C 1.1380000114440918 0.5149999856948853 0.453000009059906
C 2.364000082015991 -0.25999999046325684 0.04100000113248825
O 3.009999990463257 0.09600000083446503 -0.9160000085830688
C -0.11299997568130493 -0.19999995827674866 -0.06199997663497925
C -0.6330270767211914 0.519715428352356 -1.3086791038513184
C -1.8656811714172363 -0.1842132955789566 -1.816617727279663
O -2.2841670513153076 -1.1608409881591797 -1.2410686016082764
O -2.497685194015503 0.27327844500541687 -2.9091479778289795
O 2.736999988555908 -1.3450000286102295 0.7369999885559082
H 1.2369999885559082 1.8339999914169312 -1.125
H 0.42100000381469727 2.427000045776367 0.19699999690055847
H 1.0980000495910645 0.5799999833106995 1.5399999618530273
H 0.13502193987369537 -1.2309436798095703 -0.3148341774940491
H -0.8812430500984192 -0.19002529978752136 0.7099229097366333
H -0.8817576169967651 1.5506577491760254 -1.0565500259399414
H 0.13543814420700073 0.5087911486625671 -2.0808231830596924
H -3.282884359359741 -0.21096479892730713 -3.1965973377227783
H 3.5299999713897705 -1.809000015258789 0.4350000023841858
