N 1.1990000009536743 1.8669999837875366 -0.11699999868869781
C 1.1380000114440918 0.5149999856948853 0.453000009059906
C 2.364000082015991 -0.25999999046325684 0.04100000113248825
O 3.009999990463257 0.09600000083446503 -0.9160000085830688
C -0.11300003528594971 -0.19999998807907104 -0.06199996918439865
C -1.326951026916504 0.2464817613363266 0.7562934756278992
C -2.5599241256713867 -0.4576691687107086 0.24943803250789642
O -2.4759628772735596 -1.23554527759552 -0.6714574098587036
O -3.751394033432007 -0.21950629353523254 0.8204264044761658
O 2.736999988555908 -1.3450000286102295 0.7369999885559082
H 1.2369999885559082 1.8339999914169312 -1.125
H 0.42100000381469727 2.427000045776367 0.19699999690055847
H 1.0980000495910645 0.5799999833106995 1.5399999618530273
H -0.2699680030345917 0.051164478063583374 -1.1110769510269165
H 0.016336126253008842 -1.2767395973205566 0.03832877054810524
H -1.1709699630737305 -0.004790306556969881 1.8054885864257812
H -1.4564266204833984 1.323440670967102 0.6549990773200989
H -4.5125627517700195 -0.6940817832946777 0.4611817002296448
H 3.5299999713897705 -1.809000015258789 0.4350000023841858
