N 1.1990000009536743 1.8669999837875366 -0.11699999868869781
C 1.1380000114440918 0.5149999856948853 0.453000009059906
C 2.364000082015991 -0.25999999046325684 0.04100000113248825
O 3.009999990463257 0.09600000083446503 -0.9160000085830688
C -0.11300003528594971 -0.19999998807907104 -0.061999980360269547
C -1.336047649383545 0.6936185956001282 0.15760792791843414
C -2.5690431594848633 -0.010278550907969475 -0.34954509139060974
O -2.4783220291137695 -1.112367033958435 -0.8367407321929932
O -3.7676644325256348 0.5879016518592834 -0.2610152065753937
O 2.736999988555908 -1.3450000286102295 0.7369999885559082
H 1.2369999885559082 1.8339999914169312 -1.125
H 0.42100000381469727 2.427000045776367 0.19699999690055847
H 1.0980000495910645 0.5799999833106995 1.5399999618530273
H -0.001448052586056292 -0.4076973795890808 -1.126285195350647
H -0.24545373022556305 -1.1359997987747192 0.478853315114975
H -1.4485894441604614 0.901386022567749 1.2217719554901123
H -1.203489065170288 1.6294159889221191 -0.38421905040740967
H -4.528479099273682 0.09773912280797958 -0.5994797945022583
H 3.5299999713897705 -1.809000015258789 0.4350000023841858
