N 1.1990000009536743 1.8669999837875366 -0.11699999868869781
C 1.1380000114440918 0.5149999856948853 0.453000009059906
C 2.364000082015991 -0.25999999046325684 0.04100000113248825
O 3.009999990463257 0.09600000083446503 -0.9160000085830688
C -0.11300002038478851 -0.19999997317790985 -0.061999984085559845
C -1.1944446563720703 0.8346834182739258 -0.3822108507156372
C -2.4273786544799805 0.1308801919221878 -0.8896439671516418
O -2.439154624938965 -1.0736232995986938 -0.9856731295585632
O -3.5118000507354736 0.8425022959709167 -1.2360169887542725
O 2.736999988555908 -1.3450000286102295 0.7369999885559082
H 1.2369999885559082 1.8339999914169312 -1.125
H 0.42100000381469727 2.427000045776367 0.19699999690055847
H 1.0980000495910645 0.5799999833106995 1.5399999618530273
H 0.13302284479141235 -0.7593567371368408 -0.9647058248519897
H -0.48039135336875916 -0.8849090933799744 0.7009449601173401
H -1.441400408744812 1.3941657543182373 0.5201585292816162
H -0.8268274664878845 1.5190688371658325 -1.145977258682251
H -4.277511119842529 0.3473927974700928 -1.5557197332382202
H 3.5299999713897705 -1.809000015258789 0.4350000023841858
