N 1.1990000009536743 1.8669999837875366 -0.11699999868869781
C 1.1380000114440918 0.5149999856948853 0.453000009059906
C 2.364000082015991 -0.25999999046325684 0.04100000113248825
O 3.009999990463257 0.09600000083446503 -0.9160000085830688
C -0.11300000548362732 -0.19999998807907104 -0.06199994683265686
C -0.9162504076957703 -0.7375249862670898 1.1247951984405518
C -2.1489880084991455 -1.4421968460083008 0.6180911660194397
O -2.362841844558716 -1.506937861442566 -0.5694542527198792
O -3.009801149368286 -1.996691346168518 1.486357569694519
O 2.736999988555908 -1.3450000286102295 0.7369999885559082
H 1.2369999885559082 1.8339999914169312 -1.125
H 0.42100000381469727 2.427000045776367 0.19699999690055847
H 1.0980000495910645 0.5799999833106995 1.5399999618530273
H -0.7263430953025818 0.5014893412590027 -0.6276924014091492
H 0.18047760426998138 -1.0275359153747559 -0.7063733339309692
H -0.30373111367225647 -1.4395140409469604 1.6907541751861572
H -1.2102866172790527 0.09064935147762299 1.768639087677002
H -3.7852916717529297 -2.437044620513916 1.1143900156021118
H 3.5299999713897705 -1.809000015258789 0.4350000023841858
