N 1.1990000009536743 1.8669999837875366 -0.11699999868869781
C 1.1380000114440918 0.5149999856948853 0.453000009059906
C 2.364000082015991 -0.25999999046325684 0.04100000113248825
O 3.009999990463257 0.09600000083446503 -0.9160000085830688
C -0.11299993842840195 -0.19999994337558746 -0.061999961733818054
C -0.18011461198329926 -0.07310562580823898 -1.5858176946640015
C -1.4125291109085083 -0.7773284316062927 -2.0939300060272217
O -2.159250259399414 -1.3245097398757935 -1.3172775506973267
O -1.6796916723251343 -0.7975744605064392 -3.4094390869140625
O 2.736999988555908 -1.3450000286102295 0.7369999885559082
H 1.2369999885559082 1.8339999914169312 -1.125
H 0.42100000381469727 2.427000045776367 0.19699999690055847
H 1.0980000495910645 0.5799999833106995 1.5399999618530273
H -0.06915487349033356 -1.2539095878601074 0.21302196383476257
H -0.9990376234054565 0.2540828585624695 0.379483699798584
H -0.2244878113269806 0.9805657267570496 -1.861654281616211
H 0.7059551477432251 -0.528153121471405 -2.0270400047302246
H -2.480642080307007 -1.2612422704696655 -3.687192678451538
H 3.5299999713897705 -1.809000015258789 0.4350000023841858
