N 1.1990000009536743 1.8669999837875366 -0.11699999868869781
C 1.1380000114440918 0.5149999856948853 0.453000009059906
C 2.364000082015991 -0.25999999046325684 0.04100000113248825
O 3.009999990463257 0.09600000083446503 -0.9160000085830688
C -0.11299990862607956 -0.19999994337558746 -0.06199993938207626
C 0.25147366523742676 -1.0447962284088135 -1.285153865814209
C -0.9806959629058838 -1.7495309114456177 -1.7931501865386963
O -2.0403547286987305 -1.5925266742706299 -1.2339884042739868
O -0.900359570980072 -2.5525381565093994 -2.866032123565674
O 2.736999988555908 -1.3450000286102295 0.7369999885559082
H 1.2369999885559082 1.8339999914169312 -1.125
H 0.42100000381469727 2.427000045776367 0.19699999690055847
H 1.0980000495910645 0.5799999833106995 1.5399999618530273
H -0.51085364818573 -0.8464952707290649 0.7203307151794434
H -0.8643973469734192 0.5374044179916382 -0.34092390537261963
H 0.6489707231521606 -0.3989265561103821 -2.0681777000427246
H 1.0024971961975098 -1.7827852964401245 -1.005509853363037
H -1.7163547277450562 -2.982417345046997 -3.1541502475738525
H 3.5299999713897705 -1.809000015258789 0.4350000023841858
