N 1.1990000009536743 1.8669999837875366 -0.11699999868869781
C 1.1380000114440918 0.5149999856948853 0.453000009059906
C 2.364000082015991 -0.25999999046325684 0.04100000113248825
O 3.009999990463257 0.09600000083446503 -0.9160000085830688
C -0.11299997568130493 -0.19999997317790985 -0.061999935656785965
C -0.5546213388442993 -1.2510151863098145 0.9592564702033997
C -1.7871659994125366 -1.9559447765350342 0.45244157314300537
O -2.263115644454956 -1.6486797332763672 -0.61491459608078
O -2.35668683052063 -2.9242172241210938 1.1875907182693481
O 2.736999988555908 -1.3450000286102295 0.7369999885559082
H 1.2369999885559082 1.8339999914169312 -1.125
H 0.42100000381469727 2.427000045776367 0.19699999690055847
H 1.0980000495910645 0.5799999833106995 1.5399999618530273
H -0.9137617349624634 0.5255255699157715 -0.2057993859052658
H 0.11079303920269012 -0.6867429614067078 -1.0102403163909912
H 0.24546071887016296 -1.9772456884384155 1.103257179260254
H -0.7791468501091003 -0.7636069655418396 1.9073525667190552
H -3.1447572708129883 -3.3467423915863037 0.8214297890663147
H 3.5299999713897705 -1.809000015258789 0.4350000023841858
