N 1.1990000009536743 1.8669999837875366 -0.11699999868869781
C 1.1380000114440918 0.5149999856948853 0.453000009059906
C 2.364000082015991 -0.25999999046325684 0.04100000113248825
O 3.009999990463257 0.09600000083446503 -0.9160000085830688
C -0.11299999803304672 -0.19999998807907104 -0.06199994683265686
C -0.8903471827507019 -0.7806388735771179 1.1217302083969116
C -2.12307071685791 -1.4853328466415405 0.6150225400924683
O -2.355700731277466 -1.5188353061676025 -0.5702832937240601
O -2.9630212783813477 -2.0745649337768555 1.4808392524719238
O 2.736999988555908 -1.3450000286102295 0.7369999885559082
H 1.2369999885559082 1.8339999914169312 -1.125
H 0.42100000381469727 2.427000045776367 0.19699999690055847
H 1.0980000495910645 0.5799999833106995 1.5399999618530273
H -0.7436152696609497 0.509894609451294 -0.5974054932594299
H 0.17932982742786407 -1.0053027868270874 -0.7344525456428528
H -0.26054540276527405 -1.491050362586975 1.6574009656906128
H -1.1832515001296997 0.025310436263680458 1.7936807870864868
H -3.7394134998321533 -2.513420343399048 1.1089824438095093
H 3.5299999713897705 -1.809000015258789 0.4350000023841858
