N 1.1990000009536743 1.8669999837875366 -0.11699999868869781
C 1.1380000114440918 0.5149999856948853 0.453000009059906
C 2.364000082015991 -0.25999999046325684 0.04100000113248825
O 3.009999990463257 0.09600000083446503 -0.9160000085830688
C -0.11300003528594971 -0.19999998807907104 -0.06199997290968895
C -1.3534300327301025 0.4066283404827118 0.5982747673988342
C -2.5864222049713135 -0.2974339425563812 0.09134267270565033
O -2.483222723007202 -1.1914088726043701 -0.7150986790657043
O -3.799171209335327 0.06969496607780457 0.5349708199501038
O 2.736999988555908 -1.3450000286102295 0.7369999885559082
H 1.2369999885559082 1.8339999914169312 -1.125
H 0.42100000381469727 2.427000045776367 0.19699999690055847
H 1.0980000495910645 0.5799999833106995 1.5399999618530273
H -0.1817922443151474 -0.0799274742603302 -1.1432656049728394
H -0.052940018475055695 -1.2595531940460205 0.1827484667301178
H -1.285634994506836 0.28651192784309387 1.6795953512191772
H -1.4135490655899048 1.4662799835205078 0.3525329530239105
H -4.559408187866211 -0.41045844554901123 0.18120688199996948
H 3.5299999713897705 -1.809000015258789 0.4350000023841858
