N 1.1990000009536743 1.8669999837875366 -0.11699999868869781
C 1.1380000114440918 0.5149999856948853 0.453000009059906
C 2.364000082015991 -0.25999999046325684 0.04100000113248825
O 3.009999990463257 0.09600000083446503 -0.9160000085830688
C -0.11300000548362732 -0.19999998807907104 -0.06199994683265686
C -0.9033558964729309 -0.7591308951377869 1.123469352722168
C -2.1360864639282227 -1.4638139009475708 0.6167635917663574
O -2.3592870235443115 -1.5128999948501587 -0.5698117613792419
O -2.9865143299102783 -2.0357165336608887 1.4839715957641602
O 2.736999988555908 -1.3450000286102295 0.7369999885559082
H 1.2369999885559082 1.8339999914169312 -1.125
H 0.42100000381469727 2.427000045776367 0.19699999690055847
H 1.0980000495910645 0.5799999833106995 1.5399999618530273
H -0.7350285649299622 0.505825400352478 -0.6126141548156738
H 0.1799936145544052 -1.0165178775787354 -0.7204945683479309
H -0.2821459472179413 -1.4654645919799805 1.6743495464324951
H -1.196916103363037 0.058029524981975555 1.7814481258392334
H -3.76245379447937 -2.4753191471099854 1.1120522022247314
H 3.5299999713897705 -1.809000015258789 0.4350000023841858
