N 1.1990000009536743 1.8669999837875366 -0.11699999868869781
C 1.1380000114440918 0.5149999856948853 0.453000009059906
C 2.364000082015991 -0.25999999046325684 0.04100000113248825
O 3.009999990463257 0.09600000083446503 -0.9160000085830688
C -0.11299993097782135 -0.19999995827674866 -0.06199992448091507
C -0.04933025315403938 -1.6791393756866455 0.32622674107551575
C -1.2816171646118164 -2.3842642307281494 -0.18094314634799957
O -2.1236722469329834 -1.7670226097106934 -0.7893385887145996
O -1.4440085887908936 -3.6977200508117676 0.044472839683294296
O 2.736999988555908 -1.3450000286102295 0.7369999885559082
H 1.2369999885559082 1.8339999914169312 -1.125
H 0.42100000381469727 2.427000045776367 0.19699999690055847
H 1.0980000495910645 0.5799999833106995 1.5399999618530273
H -0.9998394846916199 0.25373581051826477 0.3806336522102356
H -0.16219493746757507 -0.11106646060943604 -1.1463580131530762
H 0.8370312452316284 -2.133751630783081 -0.11645710468292236
H -0.0009510046220384538 -1.7676506042480469 1.410980224609375
H -2.249631643295288 -4.105422496795654 -0.29962998628616333
H 3.5299999713897705 -1.809000015258789 0.4350000023841858
