N 1.1990000009536743 1.8669999837875366 -0.11699999868869781
C 1.1380000114440918 0.5149999856948853 0.453000009059906
C 2.364000082015991 -0.25999999046325684 0.04100000113248825
O 3.009999990463257 0.09600000083446503 -0.9160000085830688
C -0.11299991607666016 -0.19999994337558746 -0.06199992448091507
C 0.2067870944738388 -1.6781827211380005 -0.2972427308559418
C -1.0253779888153076 -2.383282423019409 -0.8047433495521545
O -2.05291748046875 -1.7669665813446045 -0.961288332939148
O -0.9813190698623657 -3.6962127685546875 -1.0815509557724
O 2.736999988555908 -1.3450000286102295 0.7369999885559082
H 1.2369999885559082 1.8339999914169312 -1.125
H 0.42100000381469727 2.427000045776367 0.19699999690055847
H 1.0980000495910645 0.5799999833106995 1.5399999618530273
H -0.9110504984855652 -0.11405234783887863 0.6755726337432861
H -0.43285197019577026 0.25567570328712463 -0.9980641603469849
H 1.0044622421264648 -1.7650073766708374 -1.035114049911499
H 0.5259016752243042 -2.133770704269409 0.6394912004470825
H -1.7958201169967651 -4.104000568389893 -1.4039690494537354
H 3.5299999713897705 -1.809000015258789 0.4350000023841858
