N 1.1990000009536743 1.8669999837875366 -0.11699999868869781
C 1.1380000114440918 0.5149999856948853 0.453000009059906
C 2.364000082015991 -0.25999999046325684 0.04100000113248825
O 3.009999990463257 0.09600000083446503 -0.9160000085830688
C -0.11299999058246613 -0.19999997317790985 -0.06199993938207626
C -0.7408745884895325 -1.008913516998291 1.075567364692688
C -1.9735177755355835 -1.713723063468933 0.5688250660896301
O -2.314486265182495 -1.5818381309509277 -0.5829282999038696
O -2.6930747032165527 -2.486891508102417 1.3975582122802734
O 2.736999988555908 -1.3450000286102295 0.7369999885559082
H 1.2369999885559082 1.8339999914169312 -1.125
H 0.42100000381469727 2.427000045776367 0.19699999690055847
H 1.0980000495910645 0.5799999833106995 1.5399999618530273
H -0.8308219909667969 0.5367501378059387 -0.4228542745113373
H 0.16025806963443756 -0.8699556589126587 -0.8760338425636292
H -0.023806601762771606 -1.7462717294692993 1.4366689920425415
H -1.0147879123687744 -0.3382846415042877 1.8892585039138794
H -3.474668025970459 -2.917818784713745 1.0273287296295166
H 3.5299999713897705 -1.809000015258789 0.4350000023841858
