N 1.1990000009536743 1.8669999837875366 -0.11699999868869781
C 1.1380000114440918 0.5149999856948853 0.453000009059906
C 2.364000082015991 -0.25999999046325684 0.04100000113248825
O 3.009999990463257 0.09600000083446503 -0.9160000085830688
C -0.11299999803304672 -0.19999997317790985 -0.06199994310736656
C -0.8237316012382507 -0.8864813446998596 1.1068588495254517
C -2.0564191341400146 -1.5912292003631592 0.6001386642456055
O -2.337334156036377 -1.5480451583862305 -0.5743446350097656
O -2.8427155017852783 -2.2657430171966553 1.4540233612060547
O 2.736999988555908 -1.3450000286102295 0.7369999885559082
H 1.2369999885559082 1.8339999914169312 -1.125
H 0.42100000381469727 2.427000045776367 0.19699999690055847
H 1.0980000495910645 0.5799999833106995 1.5399999618530273
H -0.7849760055541992 0.5261978507041931 -0.5195696353912354
H 0.173322856426239 -0.9463948011398315 -0.8016456961631775
H -0.1525425761938095 -1.6132383346557617 1.5646880865097046
H -1.1106672286987305 -0.1394241750240326 1.8460736274719238
H -3.6214261054992676 -2.7009220123291016 1.0826938152313232
H 3.5299999713897705 -1.809000015258789 0.4350000023841858
