N 1.1990000009536743 1.8669999837875366 -0.11699999868869781
C 1.1380000114440918 0.5149999856948853 0.453000009059906
C 2.364000082015991 -0.25999999046325684 0.04100000113248825
O 3.009999990463257 0.09600000083446503 -0.9160000085830688
C -0.11299993842840195 -0.19999994337558746 -0.06199996545910835
C -0.2336113303899765 0.011333380825817585 -1.5730983018875122
C -1.4660546779632568 -0.6928464770317078 -2.081200122833252
O -2.1740000247955322 -1.301206350326538 -1.3138015270233154
O -1.7763054370880127 -0.6450560092926025 -3.3865010738372803
O 2.736999988555908 -1.3450000286102295 0.7369999885559082
H 1.2369999885559082 1.8339999914169312 -1.125
H 0.42100000381469727 2.427000045776367 0.19699999690055847
H 1.0980000495910645 0.5799999833106995 1.5399999618530273
H -0.03627939894795418 -1.2664116621017456 0.15052051842212677
H -0.9938740730285645 0.2065834403038025 0.4328864514827728
H -0.3108813166618347 1.0775405168533325 -1.7864285707473755
H 0.6473252773284912 -0.3962269127368927 -2.0677802562713623
H -2.5753941535949707 -1.1116567850112915 -3.6647050380706787
H 3.5299999713897705 -1.809000015258789 0.4350000023841858
