N 1.1990000009536743 1.8669999837875366 -0.11699999868869781
C 1.1380000114440918 0.5149999856948853 0.453000009059906
C 2.364000082015991 -0.25999999046325684 0.04100000113248825
O 3.009999990463257 0.09600000083446503 -0.9160000085830688
C -0.11300003528594971 -0.19999998807907104 -0.061999980360269547
C -1.3286406993865967 0.7135611176490784 0.11192844808101654
C -2.561633586883545 0.009676015935838223 -0.3952479362487793
O -2.476269006729126 -1.1068795919418335 -0.8493464589118958
O -3.7542762756347656 0.6239056587219238 -0.3435231149196625
O 2.736999988555908 -1.3450000286102295 0.7369999885559082
H 1.2369999885559082 1.8339999914169312 -1.125
H 0.42100000381469727 2.427000045776367 0.19699999690055847
H 1.0980000495910645 0.5799999833106995 1.5399999618530273
H 0.013218749314546585 -0.43935105204582214 -1.1179662942886353
H -0.26536810398101807 -1.118545651435852 0.5029953718185425
H -1.4558463096618652 0.9529901146888733 1.1677554845809937
H -1.1761544942855835 1.6318752765655518 -0.4540325999259949
H -4.515346050262451 0.13304637372493744 -0.6804008483886719
H 3.5299999713897705 -1.809000015258789 0.4350000023841858
