N 1.1990000009536743 1.8669999837875366 -0.11699999868869781
C 1.1380000114440918 0.5149999856948853 0.453000009059906
C 2.364000082015991 -0.25999999046325684 0.04100000113248825
O 3.009999990463257 0.09600000083446503 -0.9160000085830688
C -0.11299998313188553 -0.19999995827674866 -0.061999980360269547
C -0.7467957139015198 0.6278893947601318 -1.1825040578842163
C -1.9795082807540894 -0.07598862797021866 -1.6903709173202515
O -2.3155593872070312 -1.130950689315796 -1.2063112258911133
O -2.703174591064453 0.46870720386505127 -2.68131160736084
O 2.736999988555908 -1.3450000286102295 0.7369999885559082
H 1.2369999885559082 1.8339999914169312 -1.125
H 0.42100000381469727 2.427000045776367 0.19699999690055847
H 1.0980000495910645 0.5799999833106995 1.5399999618530273
H 0.16155946254730225 -1.1821808815002441 -0.4469969868659973
H -0.8269281387329102 -0.31559088826179504 0.7523139715194702
H -1.0221091508865356 1.6101123094558716 -0.798162043094635
H -0.03262016549706459 0.7425740361213684 -1.997160792350769
H -3.4844207763671875 -0.019284144043922424 -2.9731597900390625
H 3.5299999713897705 -1.809000015258789 0.4350000023841858
