N 1.277999997138977 1.121000051498413 2.059000015258789
C -0.00800000037997961 0.4169999957084656 1.9700000286102295
C -0.49000000953674316 0.07599999755620956 3.3570001125335693
O 0.30799999833106995 -0.12999999523162842 4.239999771118164
C 0.16799995303153992 -0.8679999113082886 1.1610000133514404
C -1.1620341539382935 -1.2878503799438477 0.5908961892127991
C -1.671337366104126 -0.9263540506362915 -0.5975850224494934
C -2.140717029571533 -2.173349618911743 1.2242275476455688
N -2.8994431495666504 -1.5040066242218018 -0.7740609049797058
C -3.217197895050049 -2.271547555923462 0.3239062428474426
C -2.1901867389678955 -2.851043224334717 2.443753957748413
C -4.31631326675415 -3.054854154586792 0.6586631536483765
C -3.2793593406677246 -3.615527868270874 2.7516801357269287
C -4.341397285461426 -3.7196266651153564 1.8646472692489624
O -1.805999994277954 0.0010000000474974513 3.609999895095825
H 1.9210000038146973 0.49300000071525574 2.5179998874664307
H 1.6109999418258667 1.2369999885559082 1.1130000352859497
H -0.7400000095367432 1.0579999685287476 1.4789999723434448
H 0.8720964193344116 -0.6918462514877319 0.3479786217212677
H 0.5504008531570435 -1.6562347412109375 1.8086198568344116
H -1.1852723360061646 -0.2766335606575012 -1.3090600967407227
H -3.4608957767486572 -1.3907749652862549 -1.5558538436889648
H -1.3670979738235474 -2.7748093605041504 3.139094829559326
H -5.148865222930908 -3.1409854888916016 -0.024616124108433723
H -3.3145363330841064 -4.143887519836426 3.6928257942199707
H -5.196715831756592 -4.326710224151611 2.122246503829956
H -2.115000009536743 -0.21699999272823334 4.5
