N 1.277999997138977 1.121000051498413 2.059000015258789
C -0.00800000037997961 0.4169999957084656 1.9700000286102295
C -0.49000000953674316 0.07599999755620956 3.3570001125335693
O 0.30799999833106995 -0.12999999523162842 4.239999771118164
C 0.1679999977350235 -0.8679998517036438 1.16100013256073
C 0.7201710343360901 -1.950114369392395 2.0523018836975098
C 0.008602422662079334 -2.82399582862854 2.7820677757263184
C 2.134004831314087 -2.253148317337036 2.2809548377990723
N 0.8523417711257935 -3.658324956893921 3.4640274047851562
C 2.1601414680480957 -3.333883762359619 3.181154727935791
C 3.3314507007598877 -1.7024946212768555 1.8206676244735718
C 3.3846631050109863 -3.847829580307007 3.5935771465301514
C 4.522896766662598 -2.223663330078125 2.2382700443267822
C 4.553775310516357 -3.2929749488830566 3.122129440307617
O -1.805999994277954 0.0010000000474974513 3.609999895095825
H 1.9210000038146973 0.49300000071525574 2.5179998874664307
H 1.6109999418258667 1.2369999885559082 1.1130000352859497
H -0.7400000095367432 1.0579999685287476 1.4789999723434448
H -0.7970095276832581 -1.1822057962417603 0.7637381553649902
H 0.8587505221366882 -0.6880930662155151 0.33792468905448914
H -1.0689681768417358 -2.8635735511779785 2.8252875804901123
H 0.571110725402832 -4.371890544891357 4.056466102600098
H 3.315139055252075 -0.8701462745666504 1.1323974132537842
H 3.419177532196045 -4.679261684417725 4.282751560211182
H 5.448736190795898 -1.8007653951644897 1.877528190612793
H 5.5033721923828125 -3.6937901973724365 3.4447598457336426
H -2.115000009536743 -0.21699999272823334 4.5
