N 1.277999997138977 1.121000051498413 2.059000015258789
C -0.00800000037997961 0.4169999957084656 1.9700000286102295
C -0.49000000953674316 0.07599999755620956 3.3570001125335693
O 0.30799999833106995 -0.12999999523162842 4.239999771118164
C 0.1679999977350235 -0.8679999709129333 1.1610000133514404
C 0.33631807565689087 -0.524085283279419 -0.2962835729122162
C 1.494418978691101 -0.2827281653881073 -0.9311898350715637
C -0.7309604287147522 -0.3972501754760742 -1.290198564529419
N 1.2546613216400146 -0.005903075449168682 -2.2498838901519775
C -0.09762194752693176 -0.06534744799137115 -2.5017080307006836
C -2.120771884918213 -0.5204006433486938 -1.2430927753448486
C -0.8680815696716309 0.1259024441242218 -3.6434178352355957
C -2.8579037189483643 -0.32898473739624023 -2.376913070678711
C -2.2373130321502686 -0.006513973698019981 -3.5754406452178955
O -1.805999994277954 0.0010000000474974513 3.609999895095825
H 1.9210000038146973 0.49300000071525574 2.5179998874664307
H 1.6109999418258667 1.2369999885559082 1.1130000352859497
H -0.7400000095367432 1.0579999685287476 1.4789999723434448
H 1.05147123336792 -1.400534749031067 1.5126689672470093
H -0.710810661315918 -1.499746322631836 1.2856767177581787
H 2.4702870845794678 -0.30361267924308777 -0.4709310233592987
H 1.935347318649292 0.19982287287712097 -2.908362627029419
H -2.6107089519500732 -0.7713568210601807 -0.31370124220848083
H -0.39433950185775757 0.37878626585006714 -4.580994606018066
H -3.932471990585327 -0.4298168122768402 -2.340965986251831
H -2.8331997394561768 0.14331568777561188 -4.463667869567871
H -2.115000009536743 -0.21699999272823334 4.5
