N 1.277999997138977 1.121000051498413 2.059000015258789
C -0.00800000037997961 0.4169999957084656 1.9700000286102295
C -0.49000000953674316 0.07599999755620956 3.3570001125335693
O 0.30799999833106995 -0.12999999523162842 4.239999771118164
C 0.1679999977350235 -0.8679999709129333 1.1610000133514404
C 0.7883824110031128 -0.5401667952537537 -0.17239220440387726
C 2.1004080772399902 -0.4999067783355713 -0.45439308881759644
C 0.07498069852590561 -0.21267063915729523 -1.4080466032028198
N 2.285057306289673 -0.16746267676353455 -1.769100546836853
C 1.065298318862915 0.017510760575532913 -2.380322217941284
C -1.2737337350845337 -0.08768083900213242 -1.7461411952972412
C 0.6844572424888611 0.35764235258102417 -3.673750400543213
C -1.6251964569091797 0.24659140408039093 -3.0229685306549072
C -0.652112603187561 0.46958330273628235 -3.986799955368042
O -1.805999994277954 0.0010000000474974513 3.609999895095825
H 1.9210000038146973 0.49300000071525574 2.5179998874664307
H 1.6109999418258667 1.2369999885559082 1.1130000352859497
H -0.7400000095367432 1.0579999685287476 1.4789999723434448
H 0.8176150321960449 -1.5535647869110107 1.7048629522323608
H -0.8036220669746399 -1.3352464437484741 1.0041968822479248
H 2.892833948135376 -0.6998443007469177 0.25036177039146423
H 3.145911693572998 -0.07717500627040863 -2.2050230503082275
H -2.036691427230835 -0.2599368691444397 -1.0011519193649292
H 1.4346801042556763 0.53477942943573 -4.430863380432129
H -2.6687958240509033 0.33771130442619324 -3.285176992416382
H -0.9448992013931274 0.7345990538597107 -4.992046356201172
H -2.115000009536743 -0.21699999272823334 4.5
