N 1.277999997138977 1.121000051498413 2.059000015258789
C -0.00800000037997961 0.4169999957084656 1.9700000286102295
C -0.49000000953674316 0.07599999755620956 3.3570001125335693
O 0.30799999833106995 -0.12999999523162842 4.239999771118164
C 0.1679999679327011 -0.8679999113082886 1.1610000133514404
C -0.7810385823249817 -0.8578265905380249 -0.009258927777409554
C -0.5323696136474609 -0.36918333172798157 -1.2347990274429321
C -2.1463372707366943 -1.3856921195983887 -0.02809513919055462
N -1.6298986673355103 -0.5361538529396057 -2.035187005996704
C -2.6360607147216797 -1.1530863046646118 -1.326208233833313
C -2.962778091430664 -1.9997007846832275 0.9234186410903931
C -3.9294610023498535 -1.5497363805770874 -1.647876262664795
C -4.229762077331543 -2.3818931579589844 0.5854359269142151
C -4.715513229370117 -2.159250259399414 -0.6952143311500549
O -1.805999994277954 0.0010000000474974513 3.609999895095825
H 1.9210000038146973 0.49300000071525574 2.5179998874664307
H 1.6109999418258667 1.2369999885559082 1.1130000352859497
H -0.7400000095367432 1.0579999685287476 1.4789999723434448
H 1.1931837797164917 -0.9301974773406982 0.796424388885498
H -0.04551452770829201 -1.7286393642425537 1.7939828634262085
H 0.39508530497550964 0.08775459975004196 -1.5440365076065063
H -1.6893559694290161 -0.26227983832359314 -2.962930679321289
H -2.591346025466919 -2.176379442214966 1.9222221374511719
H -4.317320823669434 -1.3793606758117676 -2.6418426036834717
H -4.8588385581970215 -2.8617734909057617 1.320373773574829
H -5.719933986663818 -2.4656004905700684 -0.9477319121360779
H -2.115000009536743 -0.21699999272823334 4.5
