N 1.277999997138977 1.121000051498413 2.059000015258789
C -0.00800000037997961 0.4169999957084656 1.9700000286102295
C -0.49000000953674316 0.07599999755620956 3.3570001125335693
O 0.30799999833106995 -0.12999999523162842 4.239999771118164
C 0.16799995303153992 -0.8679999113082886 1.1610000133514404
C -1.1851589679718018 -1.4082545042037964 0.7771129012107849
C -1.8740315437316895 -1.1175382137298584 -0.33800846338272095
C -1.9947763681411743 -2.355539083480835 1.5453636646270752
N -3.0617799758911133 -1.7974618673324585 -0.34325888752937317
C -3.167652130126953 -2.5623695850372314 0.7966210246086121
C -1.8272743225097656 -3.0061769485473633 2.769117832183838
C -4.143860816955566 -3.424670934677124 1.2835904359817505
C -2.7987496852874756 -3.8495430946350098 3.2279434204101562
C -3.955125093460083 -4.060762405395508 2.490535259246826
O -1.805999994277954 0.0010000000474974513 3.609999895095825
H 1.9210000038146973 0.49300000071525574 2.5179998874664307
H 1.6109999418258667 1.2369999885559082 1.1130000352859497
H -0.7400000095367432 1.0579999685287476 1.4789999723434448
H 0.7424440979957581 -0.6541256308555603 0.25985774397850037
H 0.6966310739517212 -1.6069726943969727 1.7621856927871704
H -1.541463851928711 -0.447213351726532 -1.1156047582626343
H -3.7281429767608643 -1.7488163709640503 -1.045287847518921
H -0.9296693205833435 -2.846722364425659 3.3484840393066406
H -5.048405647277832 -3.5944759845733643 0.71755450963974
H -2.666069269180298 -4.3567585945129395 4.172021865844727
H -4.715386867523193 -4.729395866394043 2.866579055786133
H -2.115000009536743 -0.21699999272823334 4.5
