N 1.277999997138977 1.121000051498413 2.059000015258789
C -0.00800000037997961 0.4169999957084656 1.9700000286102295
C -0.49000000953674316 0.07599999755620956 3.3570001125335693
O 0.30799999833106995 -0.12999999523162842 4.239999771118164
C 0.1680000126361847 -0.8679999113082886 1.16100013256073
C 1.4661669731140137 -1.5290498733520508 1.545784592628479
C 1.642551302909851 -2.435460329055786 2.520395040512085
C 2.7728934288024902 -1.3107243776321411 0.9230186343193054
N 2.9574761390686035 -2.810899019241333 2.5759694576263428
C 3.6766092777252197 -2.139007091522217 1.6131469011306763
C 3.229276657104492 -0.4973549246788025 -0.115781269967556
C 5.016684532165527 -2.1437182426452637 1.2418497800827026
C 4.549740791320801 -0.5185115933418274 -0.46432021260261536
C 5.444045543670654 -1.3376761674880981 0.21005098521709442
O -1.805999994277954 0.0010000000474974513 3.609999895095825
H 1.9210000038146973 0.49300000071525574 2.5179998874664307
H 1.6109999418258667 1.2369999885559082 1.1130000352859497
H -0.7400000095367432 1.0579999685287476 1.4789999723434448
H -0.6600375771522522 -1.5451072454452515 1.369962215423584
H 0.18320098519325256 -0.629594087600708 0.09803841263055801
H 0.8636655807495117 -2.8127694129943848 3.1650407314300537
H 3.3268868923187256 -3.4546878337860107 3.199124813079834
H 2.538858652114868 0.1427270621061325 -0.6453128457069397
H 5.721045017242432 -2.7768948078155518 1.7618459463119507
H 4.901059627532959 0.10682085156440735 -1.2715935707092285
H 6.485594749450684 -1.3429077863693237 -0.07565145939588547
H -2.115000009536743 -0.21699999272823334 4.5
