N 1.277999997138977 1.121000051498413 2.059000015258789
C -0.00800000037997961 0.4169999957084656 1.9700000286102295
C -0.49000000953674316 0.07599999755620956 3.3570001125335693
O 0.30799999833106995 -0.12999999523162842 4.239999771118164
C 0.1679999828338623 -0.8679999709129333 1.1610000133514404
C -0.12779481709003448 -0.591415524482727 -0.29030635952949524
C 0.7535342574119568 -0.19966761767864227 -1.2243030071258545
C -1.42893648147583 -0.7062214016914368 -0.9512810707092285
N 0.12098422646522522 -0.04870693013072014 -2.4285295009613037
C -1.2161290645599365 -0.3486151695251465 -2.29510498046875
C -2.7094287872314453 -1.0566350221633911 -0.519412100315094
C -2.2878050804138184 -0.3595806658267975 -3.181150197982788
C -3.747465133666992 -1.0613834857940674 -1.4071111679077148
C -3.5415353775024414 -0.7143864631652832 -2.734806537628174
O -1.805999994277954 0.0010000000474974513 3.609999895095825
H 1.9210000038146973 0.49300000071525574 2.5179998874664307
H 1.6109999418258667 1.2369999885559082 1.1130000352859497
H -0.7400000095367432 1.0579999685287476 1.4789999723434448
H 1.1936192512512207 -1.2227524518966675 1.2612075805664062
H -0.5176762342453003 -1.6287412643432617 1.5325868129730225
H 1.805085301399231 -0.028811505064368248 -1.0521361827850342
H 0.5505179166793823 0.2267822027206421 -3.2524573802948
H -2.8771917819976807 -1.3280494213104248 0.5125644207000732
H -2.1379218101501465 -0.08947975933551788 -4.216530799865723
H -4.7366414070129395 -1.33786940574646 -1.0735818147659302
H -4.37213659286499 -0.721305787563324 -3.425119161605835
H -2.115000009536743 -0.21699999272823334 4.5
