N 1.277999997138977 1.121000051498413 2.059000015258789
C -0.00800000037997961 0.4169999957084656 1.9700000286102295
C -0.49000000953674316 0.07599999755620956 3.3570001125335693
O 0.30799999833106995 -0.12999999523162842 4.239999771118164
C 0.16799995303153992 -0.8679998517036438 1.16100013256073
C -1.1274714469909668 -1.6374043226242065 1.1536401510238647
C -2.1183440685272217 -1.5242148637771606 0.2547982931137085
C -1.5413039922714233 -2.6555981636047363 2.1206259727478027
N -3.1356613636016846 -2.383298873901367 0.5712003111839294
C -2.8149971961975098 -3.0886614322662354 1.7092939615249634
C -0.9581597447395325 -3.2001078128814697 3.2662317752838135
C -3.473905563354492 -4.065680503845215 2.447507858276367
C -1.6229766607284546 -4.159326076507568 3.9757888317108154
C -2.877317428588867 -4.593444347381592 3.5711169242858887
O -1.805999994277954 0.0010000000474974513 3.609999895095825
H 1.9210000038146973 0.49300000071525574 2.5179998874664307
H 1.6109999418258667 1.2369999885559082 1.1130000352859497
H -0.7400000095367432 1.0579999685287476 1.4789999723434448
H 0.44731035828590393 -0.6176550388336182 0.13772155344486237
H 0.9498310685157776 -1.4779331684112549 1.6123063564300537
H -2.1143152713775635 -0.8552985191345215 -0.5920354127883911
H -3.9582996368408203 -2.481437921524048 0.0683228075504303
H 0.0180357713252306 -2.867169141769409 3.587136745452881
H -4.451540946960449 -4.409158229827881 2.141429901123047
H -1.1689239740371704 -4.584042549133301 4.858742713928223
H -3.391782283782959 -5.351644515991211 4.142899990081787
H -2.115000009536743 -0.21699999272823334 4.5
