N 1.277999997138977 1.121000051498413 2.059000015258789
C -0.00800000037997961 0.4169999957084656 1.9700000286102295
C -0.49000000953674316 0.07599999755620956 3.3570001125335693
O 0.30799999833106995 -0.12999999523162842 4.239999771118164
C 0.1679999828338623 -0.8679999709129333 1.1610000133514404
C 0.11484657973051071 -0.5458223223686218 -0.3099384605884552
C 1.155592918395996 -0.2257501184940338 -1.095405101776123
C -1.0800752639770508 -0.5298799276351929 -1.1554828882217407
N 0.7230765223503113 -0.0004631230258382857 -2.3741722106933594
C -0.6407130360603333 -0.17595279216766357 -2.4441754817962646
C -2.4365010261535645 -0.7648863792419434 -0.9234439134597778
C -1.5671560764312744 -0.07507957518100739 -3.4762673377990723
C -3.3290035724639893 -0.6609429717063904 -1.952125906944275
C -2.899744749069214 -0.31714901328086853 -3.2261476516723633
O -1.805999994277954 0.0010000000474974513 3.609999895095825
H 1.9210000038146973 0.49300000071525574 2.5179998874664307
H 1.6109999418258667 1.2369999885559082 1.1130000352859497
H -0.7400000095367432 1.0579999685287476 1.4789999723434448
H 1.1314436197280884 -1.318260908126831 1.39938485622406
H -0.6307771801948547 -1.5662463903427124 1.4087156057357788
H 2.18153977394104 -0.1561184823513031 -0.7680256366729736
H 1.292117953300476 0.24459637701511383 -3.1194159984588623
H -2.7778894901275635 -1.033084511756897 0.06565134972333908
H -1.2429978847503662 0.19352543354034424 -4.471357822418213
H -4.377348899841309 -0.8482502102851868 -1.7731186151504517
H -3.6171135902404785 -0.23734748363494873 -4.029572010040283
H -2.115000009536743 -0.21699999272823334 4.5
