N 1.277999997138977 1.121000051498413 2.059000015258789
C -0.00800000037997961 0.4169999957084656 1.9700000286102295
C -0.49000000953674316 0.07599999755620956 3.3570001125335693
O 0.30799999833106995 -0.12999999523162842 4.239999771118164
C 0.1679999977350235 -0.8679998517036438 1.16100013256073
C 0.7431668639183044 -1.9431226253509521 2.046199321746826
C 0.05048920959234238 -2.8220112323760986 2.7880280017852783
C 2.1629438400268555 -2.2326302528381348 2.254660129547119
N 0.9118189811706543 -3.6471056938171387 3.45914626121521
C 2.212273120880127 -3.311206579208374 3.1564760208129883
C 3.348367214202881 -1.6719146966934204 1.77577543258667
C 3.4474122524261475 -3.8129804134368896 3.5518746376037598
C 4.5505781173706055 -2.1812055110931396 2.1768531799316406
C 4.604303359985352 -3.2483489513397217 3.0622386932373047
O -1.805999994277954 0.0010000000474974513 3.609999895095825
H 1.9210000038146973 0.49300000071525574 2.5179998874664307
H 1.6109999418258667 1.2369999885559082 1.1130000352859497
H -0.7400000095367432 1.0579999685287476 1.4789999723434448
H -0.7997822165489197 -1.1919158697128296 0.7785583734512329
H 0.8449147343635559 -0.6834408640861511 0.32752522826194763
H -1.0259196758270264 -2.871434211730957 2.8471388816833496
H 0.6459176540374756 -4.362002372741699 4.057034492492676
H 3.3142664432525635 -0.8411836624145508 1.086203932762146
H 3.4997177124023438 -4.64262580871582 4.242081642150879
H 5.467077255249023 -1.7505381107330322 1.8017382621765137
H 5.562195777893066 -3.639719009399414 3.371671438217163
H -2.115000009536743 -0.21699999272823334 4.5
