N 1.277999997138977 1.121000051498413 2.059000015258789
C -0.00800000037997961 0.4169999957084656 1.9700000286102295
C -0.49000000953674316 0.07599999755620956 3.3570001125335693
O 0.30799999833106995 -0.12999999523162842 4.239999771118164
C 0.1679999828338623 -0.8679998517036438 1.16100013256073
C 0.06613092869520187 -2.057379722595215 2.0803921222686768
C -1.0530084371566772 -2.7276065349578857 2.3980088233947754
C 1.1695153713226318 -2.706202745437622 2.790750741958618
N -0.7564629316329956 -3.749462127685547 3.2587883472442627
C 0.5950481295585632 -3.762343168258667 3.521221160888672
C 2.5433926582336426 -2.471754312515259 2.871101140975952
C 1.4096767902374268 -4.568546295166016 4.30868673324585
C 3.3248322010040283 -3.2766735553741455 3.6502089500427246
C 2.7635657787323 -4.322882652282715 4.368550777435303
O -1.805999994277954 0.0010000000474974513 3.609999895095825
H 1.9210000038146973 0.49300000071525574 2.5179998874664307
H 1.6109999418258667 1.2369999885559082 1.1130000352859497
H -0.7400000095367432 1.0579999685287476 1.4789999723434448
H -0.6111549139022827 -0.9286170601844788 0.4013758897781372
H 1.1453713178634644 -0.8639851808547974 0.6796634197235107
H -2.0405609607696533 -2.4958090782165527 2.0297656059265137
H -1.4013983011245728 -4.371915340423584 3.6273815631866455
H 2.987281322479248 -1.659325122833252 2.3145875930786133
H 0.9818924069404602 -5.384657859802246 4.872951984405518
H 4.388314723968506 -3.098149061203003 3.7075700759887695
H 3.3936898708343506 -4.950277328491211 4.981573581695557
H -2.115000009536743 -0.21699999272823334 4.5
