N 1.277999997138977 1.121000051498413 2.059000015258789
C -0.00800000037997961 0.4169999957084656 1.9700000286102295
C -0.49000000953674316 0.07599999755620956 3.3570001125335693
O 0.30799999833106995 -0.12999999523162842 4.239999771118164
C 0.1679999679327011 -0.8679999709129333 1.1610000133514404
C -0.5118393301963806 -0.7165466547012329 -0.17510031163692474
C 0.042150404304265976 -0.2467735856771469 -1.304244041442871
C -1.8993226289749146 -1.0608075857162476 -0.4903969466686249
N -0.8798868060112 -0.256896436214447 -2.315587282180786
C -2.079237699508667 -0.7471166253089905 -1.8499044179916382
C -2.96390962600708 -1.576516032218933 0.25099384784698486
C -3.318373441696167 -0.9662843346595764 -2.441676616668701
C -4.17224645614624 -1.7845712900161743 -0.3508259057998657
C -4.353135108947754 -1.4815322160720825 -1.69285249710083
O -1.805999994277954 0.0010000000474974513 3.609999895095825
H 1.9210000038146973 0.49300000071525574 2.5179998874664307
H 1.6109999418258667 1.2369999885559082 1.1130000352859497
H -0.7400000095367432 1.0579999685287476 1.4789999723434448
H 1.2301527261734009 -1.0585238933563232 1.0082982778549194
H -0.27684566378593445 -1.7024554014205933 1.7020660638809204
H 1.0630589723587036 0.08929787576198578 -1.4011685848236084
H -0.71297287940979 0.03595579415559769 -3.2242279052734375
H -2.8304076194763184 -1.814900279045105 1.2960469722747803
H -3.4696028232574463 -0.7320684194564819 -3.4855659008026123
H -4.99373722076416 -2.1886773109436035 0.2218933254480362
H -5.314647674560547 -1.650028944015503 -2.154998779296875
H -2.115000009536743 -0.21699999272823334 4.5
