N 1.277999997138977 1.121000051498413 2.059000015258789
C -0.00800000037997961 0.4169999957084656 1.9700000286102295
C -0.49000000953674316 0.07599999755620956 3.3570001125335693
O 0.30799999833106995 -0.12999999523162842 4.239999771118164
C 0.1680000126361847 -0.8679999709129333 1.1610000133514404
C 1.0651355981826782 -0.5986973643302917 -0.01921505481004715
C 2.402439832687378 -0.7141056656837463 -0.048455920070409775
C 0.6435444951057434 -0.16904784739017487 -1.353643774986267
N 2.8718369007110596 -0.38754183053970337 -1.2918756008148193
C 1.821025013923645 -0.04685734212398529 -2.113670825958252
C -0.5920287370681763 0.1238166093826294 -1.9337730407714844
C 1.736072301864624 0.35575318336486816 -3.4419682025909424
C -0.6521943211555481 0.5168007612228394 -3.2404847145080566
C 0.5060402154922485 0.6338278651237488 -3.9957239627838135
O -1.805999994277954 0.0010000000474974513 3.609999895095825
H 1.9210000038146973 0.49300000071525574 2.5179998874664307
H 1.6109999418258667 1.2369999885559082 1.1130000352859497
H -0.7400000095367432 1.0579999685287476 1.4789999723434448
H 0.6175751090049744 -1.635244607925415 1.7910823822021484
H -0.8036208152770996 -1.2113763093948364 0.8074443340301514
H 3.01714825630188 -1.019062876701355 0.784447193145752
H 3.8045589923858643 -0.3962351083755493 -1.5549439191818237
H -1.497812271118164 0.034779421985149384 -1.352039098739624
H 2.6323235034942627 0.45135822892189026 -4.037808418273926
H -1.6087859869003296 0.7378683686256409 -3.6901707649230957
H 0.44321340322494507 0.9470078945159912 -5.027444839477539
H -2.115000009536743 -0.21699999272823334 4.5
