N 1.277999997138977 1.121000051498413 2.059000015258789
C -0.00800000037997961 0.4169999957084656 1.9700000286102295
C -0.49000000953674316 0.07599999755620956 3.3570001125335693
O 0.30799999833106995 -0.12999999523162842 4.239999771118164
C 0.1679999828338623 -0.8679999709129333 1.1610000133514404
C -0.38201797008514404 -0.6659970283508301 -0.2271493822336197
C 0.29431018233299255 -0.21708200871944427 -1.2965476512908936
C -1.753053069114685 -0.9291871190071106 -0.6676390171051025
N -0.5340938568115234 -0.16598574817180634 -2.3847599029541016
C -1.7948955297470093 -0.5929035544395447 -2.032994270324707
C -2.905534267425537 -1.3917250633239746 -0.029824810102581978
C -2.987145185470581 -0.7368331551551819 -2.7340729236602783
C -4.0656561851501465 -1.526183843612671 -0.7380546927452087
C -4.110592365264893 -1.2006484270095825 -2.0862371921539307
O -1.805999994277954 0.0010000000474974513 3.609999895095825
H 1.9210000038146973 0.49300000071525574 2.5179998874664307
H 1.6109999418258667 1.2369999885559082 1.1130000352859497
H -0.7400000095367432 1.0579999685287476 1.4789999723434448
H 1.2274413108825684 -1.116073727607727 1.0991194248199463
H -0.3678846061229706 -1.6814626455307007 1.6489160060882568
H 1.3366626501083374 0.06236155331134796 -1.2988601922988892
H -0.2718917727470398 0.12579470872879028 -3.270967960357666
H -2.8779921531677246 -1.6472126245498657 1.0193431377410889
H -3.0326499938964844 -0.4845282733440399 -3.783693790435791
H -4.955362796783447 -1.8892568349838257 -0.2453521341085434
H -5.035377025604248 -1.3107378482818604 -2.6331663131713867
H -2.115000009536743 -0.21699999272823334 4.5
