N 1.277999997138977 1.121000051498413 2.059000015258789
C -0.00800000037997961 0.4169999957084656 1.9700000286102295
C -0.49000000953674316 0.07599999755620956 3.3570001125335693
O 0.30799999833106995 -0.12999999523162842 4.239999771118164
C 0.1680000126361847 -0.8679999709129333 1.1610000133514404
C 1.3601962327957153 -0.7279738783836365 0.25031644105911255
C 2.6297364234924316 -1.0540682077407837 0.5409830212593079
C 1.3529695272445679 -0.21783465147018433 -1.121814489364624
N 3.4369571208953857 -0.7886215448379517 -0.5318650603294373
C 2.686891555786133 -0.27357569336891174 -1.5651843547821045
C 0.35887274146080017 0.2759369909763336 -1.96852707862854
C 2.9961957931518555 0.1562710404396057 -2.8509714603424072
C 0.6850839853286743 0.6920334696769714 -3.2278926372528076
C 1.9986233711242676 0.6341865062713623 -3.6715781688690186
O -1.805999994277954 0.0010000000474974513 3.609999895095825
H 1.9210000038146973 0.49300000071525574 2.5179998874664307
H 1.6109999418258667 1.2369999885559082 1.1130000352859497
H -0.7400000095367432 1.0579999685287476 1.4789999723434448
H 0.32618120312690735 -1.7058374881744385 1.8398172855377197
H -0.7255712747573853 -1.0474950075149536 0.5641183257102966
H 2.965118885040283 -1.4646785259246826 1.4809354543685913
H 4.3935112953186035 -0.9417295455932617 -0.5603628754615784
H -0.6657823324203491 0.32375264167785645 -1.6300283670425415
H 4.016222953796387 0.11665496975183487 -3.205101490020752
H -0.0852724239230156 1.0687255859375 -3.884253978729248
H 2.2419590950012207 0.9680136442184448 -4.669488430023193
H -2.115000009536743 -0.21699999272823334 4.5
