N 1.277999997138977 1.121000051498413 2.059000015258789
C -0.00800000037997961 0.4169999957084656 1.9700000286102295
C -0.49000000953674316 0.07599999755620956 3.3570001125335693
O 0.30799999833106995 -0.12999999523162842 4.239999771118164
C 0.1679999679327011 -0.8679998517036438 1.16100013256073
C -0.5324552655220032 -2.0024452209472656 1.862911581993103
C -1.8077634572982788 -2.3838999271392822 1.6878728866577148
C 0.050415534526109695 -2.902669906616211 2.8593525886535645
N -2.0904061794281006 -3.451810836791992 2.4958019256591797
C -0.9750515818595886 -3.792529821395874 3.2275898456573486
C 1.3090821504592896 -3.0078189373016357 3.4540481567382812
C -0.7159610390663147 -4.776062488555908 4.175862789154053
C 1.5417147874832153 -3.982034683227539 4.382669448852539
C 0.5348812937736511 -4.865384101867676 4.7453932762146
O -1.805999994277954 0.0010000000474974513 3.609999895095825
H 1.9210000038146973 0.49300000071525574 2.5179998874664307
H 1.6109999418258667 1.2369999885559082 1.1130000352859497
H -0.7400000095367432 1.0579999685287476 1.4789999723434448
H -0.2622036039829254 -0.7342824935913086 0.16861391067504883
H 1.2290029525756836 -1.097807765007019 1.0692570209503174
H -2.5072169303894043 -1.9181913137435913 1.0107663869857788
H -2.94735050201416 -3.901848793029785 2.5444109439849854
H 2.097679615020752 -2.3238089084625244 3.1765058040618896
H -1.49378502368927 -5.467581272125244 4.466075897216797
H 2.5171709060668945 -4.066269397735596 4.838242053985596
H 0.7329841256141663 -5.62985372543335 5.482155799865723
H -2.115000009536743 -0.21699999272823334 4.5
