N 1.277999997138977 1.121000051498413 2.059000015258789
C -0.00800000037997961 0.4169999957084656 1.9700000286102295
C -0.49000000953674316 0.07599999755620956 3.3570001125335693
O 0.30799999833106995 -0.12999999523162842 4.239999771118164
C 0.1679999828338623 -0.8679998517036438 1.16100013256073
C 0.41012582182884216 -2.0220069885253906 2.099043846130371
C -0.5244550108909607 -2.8134193420410156 2.6493003368377686
C 1.7092829942703247 -2.4979045391082764 2.577321767807007
N 0.07066360861063004 -3.753904342651367 3.4457876682281494
C 1.437142252922058 -3.5867419242858887 3.425499200820923
C 3.028395175933838 -2.0902466773986816 2.3706350326538086
C 2.4921512603759766 -4.251621723175049 4.04078483581543
C 4.04933500289917 -2.7583508491516113 2.984532594680786
C 3.7862634658813477 -3.8361895084381104 3.8179867267608643
O -1.805999994277954 0.0010000000474974513 3.609999895095825
H 1.9210000038146973 0.49300000071525574 2.5179998874664307
H 1.6109999418258667 1.2369999885559082 1.1130000352859497
H -0.7400000095367432 1.0579999685287476 1.4789999723434448
H -0.7334890365600586 -1.0568039417266846 0.5783713459968567
H 1.0191822052001953 -0.7614617943763733 0.48936453461647034
H -1.587627649307251 -2.7223658561706543 2.4881608486175537
H -0.3995918035507202 -4.4365153312683105 3.9479358196258545
H 3.240750551223755 -1.2521955966949463 1.7230538129806519
H 2.2974724769592285 -5.090989112854004 4.692701816558838
H 5.0698370933532715 -2.445922374725342 2.819852590560913
H 4.603608131408691 -4.3540754318237305 4.2977986335754395
H -2.115000009536743 -0.21699999272823334 4.5
