N 1.277999997138977 1.121000051498413 2.059000015258789
C -0.00800000037997961 0.4169999957084656 1.9700000286102295
C -0.49000000953674316 0.07599999755620956 3.3570001125335693
O 0.30799999833106995 -0.12999999523162842 4.239999771118164
C 0.1679999977350235 -0.8679998517036438 1.16100013256073
C 0.8111808896064758 -1.9209619760513306 2.025796413421631
C 0.17647482454776764 -2.813668727874756 2.802185535430908
C 2.246248960494995 -2.169833183288574 2.1730380058288574
N 1.089072585105896 -3.6102356910705566 3.4391443729400635
C 2.365129232406616 -3.2406322956085205 3.0776312351226807
C 3.3934357166290283 -1.5798441171646118 1.6393370628356934
C 3.62992525100708 -3.705533742904663 3.4209144115448
C 4.62580680847168 -2.0531294345855713 1.9897856712341309
C 4.748037338256836 -3.11248779296875 2.877709150314331
O -1.805999994277954 0.0010000000474974513 3.609999895095825
H 1.9210000038146973 0.49300000071525574 2.5179998874664307
H 1.6109999418258667 1.2369999885559082 1.1130000352859497
H -0.7400000095367432 1.0579999685287476 1.4789999723434448
H -0.8062523007392883 -1.2210006713867188 0.8233484625816345
H 0.8022637963294983 -0.6703861355781555 0.29751056432724
H -0.8945072889328003 -2.8923513889312744 2.908952236175537
H 0.8696810007095337 -4.328207015991211 4.052034854888916
H 3.305981159210205 -0.754962682723999 0.9474497437477112
H 3.7355575561523438 -4.5288238525390625 4.112627983093262
H 5.512609004974365 -1.599860668182373 1.572310447692871
H 5.729114055633545 -3.475242853164673 3.1467339992523193
H -2.115000009536743 -0.21699999272823334 4.5
