N 1.277999997138977 1.121000051498413 2.059000015258789
C -0.00800000037997961 0.4169999957084656 1.9700000286102295
C -0.49000000953674316 0.07599999755620956 3.3570001125335693
O 0.30799999833106995 -0.12999999523162842 4.239999771118164
C 0.1679999828338623 -0.8679999709129333 1.1610000133514404
C -0.29168009757995605 -0.6360618472099304 -0.25504469871520996
C 0.4623567759990692 -0.20516547560691833 -1.278916597366333
C -1.6431787014007568 -0.8450648188591003 -0.7773537635803223
N -0.2982083857059479 -0.11576706916093826 -2.4132087230682373
C -1.592319130897522 -0.4979808032512665 -2.1396965980529785
C -2.8473517894744873 -1.2688851356506348 -0.2122836709022522
C -2.745767831802368 -0.5926405787467957 -2.910593271255493
C -3.967982530593872 -1.3552247285842896 -0.9883536100387573
C -3.9216132164001465 -1.0188854932785034 -2.3338329792022705
O -1.805999994277954 0.0010000000474974513 3.609999895095825
H 1.9210000038146973 0.49300000071525574 2.5179998874664307
H 1.6109999418258667 1.2369999885559082 1.1130000352859497
H -0.7400000095367432 1.0579999685287476 1.4789999723434448
H 1.2194328308105469 -1.1548283100128174 1.1589341163635254
H -0.42511922121047974 -1.6643614768981934 1.609301209449768
H 1.5125902891159058 0.035367581993341446 -1.217710018157959
H 0.026164554059505463 0.172220379114151 -3.2798666954040527
H -2.890925884246826 -1.5325027704238892 0.8343265056610107
H -2.720203399658203 -0.3315327763557434 -3.958735227584839
H -4.897833824157715 -1.688405990600586 -0.5518641471862793
H -4.816060543060303 -1.0907375812530518 -2.9348976612091064
H -2.115000009536743 -0.21699999272823334 4.5
