N 1.277999997138977 1.121000051498413 2.059000015258789
C -0.00800000037997961 0.4169999957084656 1.9700000286102295
C -0.49000000953674316 0.07599999755620956 3.3570001125335693
O 0.30799999833106995 -0.12999999523162842 4.239999771118164
C 0.1679999977350235 -0.8679999709129333 1.1610000133514404
C 0.8553542494773865 -0.5503425002098083 -0.14165940880775452
C 2.1791458129882812 -0.5450859069824219 -0.36550188064575195
C 0.20641067624092102 -0.19643115997314453 -1.4052481651306152
N 2.430659532546997 -0.21079380810260773 -1.6685980558395386
C 1.2445906400680542 0.011362403631210327 -2.3315508365631104
C -1.1221317052841187 -0.0321248397231102 -1.8014038801193237
C 0.9306527972221375 0.3689616024494171 -3.638169288635254
C -1.4076242446899414 0.3187098503112793 -3.090186595916748
C -0.3872251510620117 0.519750714302063 -4.0088582038879395
O -1.805999994277954 0.0010000000474974513 3.609999895095825
H 1.9210000038146973 0.49300000071525574 2.5179998874664307
H 1.6109999418258667 1.2369999885559082 1.1130000352859497
H -0.7400000095367432 1.0579999685287476 1.4789999723434448
H 0.7738660573959351 -1.574313998222351 1.7283029556274414
H -0.808276355266571 -1.3071683645248413 0.9585857391357422
H 2.9339239597320557 -0.7708138227462769 0.37202757596969604
H 3.3120534420013428 -0.14213959872722626 -2.065690040588379
H -1.9216442108154297 -0.18711291253566742 -1.0917953252792358
H 1.7181164026260376 0.5292488932609558 -4.360416412353516
H -2.4357428550720215 0.44025734066963196 -3.397357702255249
H -0.628000795841217 0.7982528805732727 -5.024210453033447
H -2.115000009536743 -0.21699999272823334 4.5
