N 1.277999997138977 1.121000051498413 2.059000015258789
C -0.00800000037997961 0.4169999957084656 1.9700000286102295
C -0.49000000953674316 0.07599999755620956 3.3570001125335693
O 0.30799999833106995 -0.12999999523162842 4.239999771118164
C 0.1679999977350235 -0.8679999709129333 1.1610000133514404
C 0.626442551612854 -0.5244494080543518 -0.23258785903453827
C 1.897430658340454 -0.4054935574531555 -0.6485154628753662
C -0.22909843921661377 -0.2646031081676483 -1.3917112350463867
N 1.9249497652053833 -0.0848073959350586 -1.9787309169769287
C 0.6397583484649658 0.01136679295450449 -2.4631404876708984
C -1.610527753829956 -0.23176755011081696 -1.5905470848083496
C 0.10761542618274689 0.3040280342102051 -3.7140839099884033
C -2.111433267593384 0.05720879137516022 -2.8279387950897217
C -1.2583532333374023 0.32505229115486145 -3.8891189098358154
O -1.805999994277954 0.0010000000474974513 3.609999895095825
H 1.9210000038146973 0.49300000071525574 2.5179998874664307
H 1.6109999418258667 1.2369999885559082 1.1130000352859497
H -0.7400000095367432 1.0579999685287476 1.4789999723434448
H 0.9130188822746277 -1.5012010335922241 1.6424447298049927
H -0.7819951772689819 -1.3989112377166748 1.1100257635116577
H 2.7689473628997803 -0.5422301888465881 -0.02694123238325119
H 2.72912335395813 0.05262253060936928 -2.501864433288574
H -2.280656337738037 -0.43938153982162476 -0.7692006826400757
H 0.7635478973388672 0.515489935874939 -4.546230792999268
H -3.1800429821014404 0.07702401280403137 -2.9823293685913086
H -1.6687979698181152 0.5533770322799683 -4.861682891845703
H -2.115000009536743 -0.21699999272823334 4.5
