N 1.277999997138977 1.121000051498413 2.059000015258789
C -0.00800000037997961 0.4169999957084656 1.9700000286102295
C -0.49000000953674316 0.07599999755620956 3.3570001125335693
O 0.30799999833106995 -0.12999999523162842 4.239999771118164
C 0.1679999977350235 -0.8679999709129333 1.1610000133514404
C 0.4098055064678192 -0.5210151672363281 -0.28517264127731323
C 1.600979208946228 -0.30854713916778564 -0.8669970631599426
C -0.6087231636047363 -0.3591448664665222 -1.3241312503814697
N 1.427302598953247 -0.018018580973148346 -2.1930813789367676
C 0.08630944788455963 -0.03844020515680313 -2.504432201385498
C -2.0021262168884277 -0.4438215494155884 -1.3389177322387695
C -0.6275115013122559 0.18035878241062164 -3.6775786876678467
C -2.6830077171325684 -0.2258269041776657 -2.502717971801758
C -2.001537799835205 0.08573406934738159 -3.6706721782684326
O -1.805999994277954 0.0010000000474974513 3.609999895095825
H 1.9210000038146973 0.49300000071525574 2.5179998874664307
H 1.6109999418258667 1.2369999885559082 1.1130000352859497
H -0.7400000095367432 1.0579999685287476 1.4789999723434448
H 1.020095944404602 -1.4268128871917725 1.547582983970642
H -0.7325321435928345 -1.4757097959518433 1.242771863937378
H 2.554664373397827 -0.359075129032135 -0.36447906494140625
H 2.141763687133789 0.17224708199501038 -2.819655179977417
H -2.5392844676971436 -0.6860752701759338 -0.4336223304271698
H -0.10611224919557571 0.42503437399864197 -4.591749668121338
H -3.760486602783203 -0.2969071865081787 -2.5146613121032715
H -2.5533368587493896 0.2568981349468231 -4.583195209503174
H -2.115000009536743 -0.21699999272823334 4.5
