N 1.277999997138977 1.121000051498413 2.059000015258789
C -0.00800000037997961 0.4169999957084656 1.9700000286102295
C -0.49000000953674316 0.07599999755620956 3.3570001125335693
O 0.30799999833106995 -0.12999999523162842 4.239999771118164
C 0.1680000126361847 -0.8679999113082886 1.1610000133514404
C 1.5790499448776245 -1.3717634677886963 1.3205116987228394
C 2.022325038909912 -2.22052264213562 2.261613130569458
C 2.7250993251800537 -1.0347789525985718 0.47431451082229614
N 3.36064076423645 -2.4497785568237305 2.0900821685791016
C 3.8219192028045654 -1.7369941473007202 1.0062096118927002
C 2.9002490043640137 -0.21233707666397095 -0.6400789618492126
C 5.069227695465088 -1.6095529794692993 0.4048229157924652
C 4.13416051864624 -0.10258665680885315 -1.215377926826477
C 5.218016624450684 -0.7972880601882935 -0.6974643468856812
O -1.805999994277954 0.0010000000474974513 3.609999895095825
H 1.9210000038146973 0.49300000071525574 2.5179998874664307
H 1.6109999418258667 1.2369999885559082 1.1130000352859497
H -0.7400000095367432 1.0579999685287476 1.4789999723434448
H -0.5300024151802063 -1.6230942010879517 1.5221246480941772
H -0.028228791430592537 -0.6652612686157227 0.1086944043636322
H 1.4143595695495605 -2.657770872116089 3.038648843765259
H 3.902369499206543 -3.0285983085632324 2.6475303173065186
H 2.061089038848877 0.3313083350658417 -1.048791766166687
H 5.919600963592529 -2.145153760910034 0.8015967607498169
H 4.26775598526001 0.5294783711433411 -2.0807113647460938
H 6.188139915466309 -0.6996998190879822 -1.162022590637207
H -2.115000009536743 -0.21699999272823334 4.5
