N 1.277999997138977 1.121000051498413 2.059000015258789
C -0.00800000037997961 0.4169999957084656 1.9700000286102295
C -0.49000000953674316 0.07599999755620956 3.3570001125335693
O 0.30799999833106995 -0.12999999523162842 4.239999771118164
C 0.1679999679327011 -0.8679999113082886 1.1610000133514404
C -0.9646907448768616 -0.9997022747993469 0.1761397272348404
C -0.9887480735778809 -0.5286070704460144 -1.080859661102295
C -2.244617223739624 -1.672160029411316 0.40554380416870117
N -2.182708740234375 -0.8398928046226501 -1.6729991436004639
C -2.975018262863159 -1.537590503692627 -0.7892103791236877
C -2.8095579147338867 -2.3383142948150635 1.4945991039276123
C -4.251836776733398 -2.0821077823638916 -0.8724012970924377
C -4.064980983734131 -2.8661649227142334 1.390492558479309
C -4.787348747253418 -2.740478038787842 0.21236847341060638
O -1.805999994277954 0.0010000000474974513 3.609999895095825
H 1.9210000038146973 0.49300000071525574 2.5179998874664307
H 1.6109999418258667 1.2369999885559082 1.1130000352859497
H -0.7400000095367432 1.0579999685287476 1.4789999723434448
H 1.1148197650909424 -0.8314334750175476 0.6225012540817261
H 0.16539691388607025 -1.7248584032058716 1.8338615894317627
H -0.18617244064807892 0.015082934871315956 -1.5550603866577148
H -2.4325108528137207 -0.6054189801216125 -2.5795702934265137
H -2.2530834674835205 -2.4401557445526123 2.4147894382476807
H -4.822839260101318 -1.9881387948989868 -1.7848477363586426
H -4.499203681945801 -3.386120557785034 2.231475830078125
H -5.779552936553955 -3.1617603302001953 0.14506489038467407
H -2.115000009536743 -0.21699999272823334 4.5
