N 1.277999997138977 1.121000051498413 2.059000015258789
C -0.00800000037997961 0.4169999957084656 1.9700000286102295
C -0.49000000953674316 0.07599999755620956 3.3570001125335693
O 0.30799999833106995 -0.12999999523162842 4.239999771118164
C 0.1680000126361847 -0.8679999113082886 1.16100013256073
C 1.3603883981704712 -1.6285021305084229 1.680740237236023
C 1.3545705080032349 -2.556879997253418 2.6506049633026123
C 2.7436699867248535 -1.5009952783584595 1.2188836336135864
N 2.6230340003967285 -3.029986619949341 2.851205348968506
C 3.497331142425537 -2.4023988246917725 1.9925105571746826
C 3.3769617080688477 -0.711844801902771 0.25703951716423035
C 4.867854595184326 -2.5027201175689697 1.779703140258789
C 4.724189758300781 -0.8273680806159973 0.06421338766813278
C 5.471046447753906 -1.7187930345535278 0.821283757686615
O -1.805999994277954 0.0010000000474974513 3.609999895095825
H 1.9210000038146973 0.49300000071525574 2.5179998874664307
H 1.6109999418258667 1.2369999885559082 1.1130000352859497
H -0.7400000095367432 1.0579999685287476 1.4789999723434448
H -0.7258917093276978 -1.4838484525680542 1.258333444595337
H 0.3253793716430664 -0.6189780831336975 0.11210744082927704
H 0.4799279570579529 -2.8825478553771973 3.192392349243164
H 2.8688113689422607 -3.7067818641662598 3.4998905658721924
H 2.8019814491271973 -0.015894364565610886 -0.33611860871315
H 5.458266735076904 -3.192713499069214 2.3651561737060547
H 5.212528705596924 -0.22058779001235962 -0.6837830543518066
H 6.5358076095581055 -1.7983653545379639 0.6587124466896057
H -2.115000009536743 -0.21699999272823334 4.5
