N 1.277999997138977 1.121000051498413 2.059000015258789
C -0.00800000037997961 0.4169999957084656 1.9700000286102295
C -0.49000000953674316 0.07599999755620956 3.3570001125335693
O 0.30799999833106995 -0.12999999523162842 4.239999771118164
C 0.1679999679327011 -0.8679998517036438 1.16100013256073
C -0.174955815076828 -2.0547351837158203 2.023742437362671
C -1.384584665298462 -2.621683120727539 2.1576268672943115
C 0.7488636374473572 -2.813091993331909 2.8690176010131836
N -1.3113391399383545 -3.678065538406372 3.0246684551239014
C -0.019804317504167557 -3.820554256439209 3.479919672012329
C 2.1115431785583496 -2.7090322971343994 3.154038906097412
C 0.5940291285514832 -4.709649085998535 4.35536527633667
C 2.6940290927886963 -3.5936391353607178 4.0164384841918945
C 1.941043734550476 -4.592286586761475 4.61752462387085
O -1.805999994277954 0.0010000000474974513 3.609999895095825
H 1.9210000038146973 0.49300000071525574 2.5179998874664307
H 1.6109999418258667 1.2369999885559082 1.1130000352859497
H -0.7400000095367432 1.0579999685287476 1.4789999723434448
H -0.4933682978153229 -0.8455431461334229 0.29504773020744324
H 1.201790690422058 -0.9488911628723145 0.8268006443977356
H -2.2822768688201904 -2.2938363552093506 1.6563700437545776
H -2.0570411682128906 -4.242404460906982 3.279031991958618
H 2.7039971351623535 -1.93430495262146 2.6897311210632324
H 0.01596640981733799 -5.489648342132568 4.8295769691467285
H 3.749286651611328 -3.515968084335327 4.232203483581543
H 2.414933681488037 -5.2838335037231445 5.29845666885376
H -2.115000009536743 -0.21699999272823334 4.5
