N 1.277999997138977 1.121000051498413 2.059000015258789
C -0.00800000037997961 0.4169999957084656 1.9700000286102295
C -0.49000000953674316 0.07599999755620956 3.3570001125335693
O 0.30799999833106995 -0.12999999523162842 4.239999771118164
C 0.1680000126361847 -0.8679999709129333 1.1610000133514404
C 1.2826987504959106 -0.6842584013938904 0.1640198975801468
C 2.583862066268921 -0.9484888315200806 0.363302618265152
C 1.1515690088272095 -0.19111132621765137 -1.2080764770507812
N 3.297355890274048 -0.6589840650558472 -0.7681493163108826
C 2.450693130493164 -0.1909528225660324 -1.747806429862976
C 0.07640901207923889 0.24669164419174194 -1.983525037765503
C 2.6449451446533203 0.23748771846294403 -3.0563900470733643
C 0.29007330536842346 0.6624807715415955 -3.2668874263763428
C 1.5689661502838135 0.6595993041992188 -3.8054165840148926
O -1.805999994277954 0.0010000000474974513 3.609999895095825
H 1.9210000038146973 0.49300000071525574 2.5179998874664307
H 1.6109999418258667 1.2369999885559082 1.1130000352859497
H -0.7400000095367432 1.0579999685287476 1.4789999723434448
H 0.41411828994750977 -1.6897032260894775 1.8333208560943604
H -0.7574629783630371 -1.0951824188232422 0.6329259276390076
H 3.0057241916656494 -1.3322709798812866 1.2794556617736816
H 4.2553558349609375 -0.7684857249259949 -0.8655960559844971
H -0.9219000339508057 0.2515380084514618 -1.5710430145263672
H 3.637120485305786 0.24043668806552887 -3.4841887950897217
H -0.5428409576416016 0.9958051443099976 -3.867973566055298
H 1.7229862213134766 0.9924850463867188 -4.821261882781982
H -2.115000009536743 -0.21699999272823334 4.5
