N 1.277999997138977 1.121000051498413 2.059000015258789
C -0.00800000037997961 0.4169999957084656 1.9700000286102295
C -0.49000000953674316 0.07599999755620956 3.3570001125335693
O 0.30799999833106995 -0.12999999523162842 4.239999771118164
C 0.1680000126361847 -0.8679999113082886 1.1610000133514404
C 1.6037046909332275 -1.3181896209716797 1.2407797574996948
C 2.1324944496154785 -2.1415038108825684 2.1600687503814697
C 2.6849846839904785 -0.9471200108528137 0.32635173201560974
N 3.4660778045654297 -2.3230676651000977 1.9117549657821655
C 3.8363685607910156 -1.6037517786026 0.7977135181427002
C 2.763974905014038 -0.1289990395307541 -0.802098274230957
C 5.040768623352051 -1.4361299276351929 0.12316971272230148
C 3.957193374633789 0.02069108933210373 -1.4496896266937256
C 5.094548225402832 -0.629035234451294 -0.9915748834609985
O -1.805999994277954 0.0010000000474974513 3.609999895095825
H 1.9210000038146973 0.49300000071525574 2.5179998874664307
H 1.6109999418258667 1.2369999885559082 1.1130000352859497
H -0.7400000095367432 1.0579999685287476 1.4789999723434448
H -0.47914794087409973 -1.6448668241500854 1.567771553993225
H -0.09683968126773834 -0.6821961998939514 0.12066703289747238
H 1.5876848697662354 -2.593657970428467 2.974520683288574
H 4.060615062713623 -2.876520872116089 2.4404001235961914
H 1.8827279806137085 0.37975049018859863 -1.1645392179489136
H 5.932204723358154 -1.9365381002426147 0.47297757863998413
H 4.01637077331543 0.6493172645568848 -2.3257508277893066
H 6.031541347503662 -0.5001654028892517 -1.5130277872085571
H -2.115000009536743 -0.21699999272823334 4.5
