N 1.277999997138977 1.121000051498413 2.059000015258789
C -0.00800000037997961 0.4169999957084656 1.9700000286102295
C -0.49000000953674316 0.07599999755620956 3.3570001125335693
O 0.30799999833106995 -0.12999999523162842 4.239999771118164
C 0.1679999679327011 -0.8679999113082886 1.1610000133514404
C -1.0963152647018433 -1.154247522354126 0.39298126101493835
C -1.3907066583633423 -0.7310792207717896 -0.8467038869857788
C -2.233438730239868 -1.9528014659881592 0.8537412285804749
N -2.6267151832580566 -1.1891522407531738 -1.214836835861206
C -3.170405626296997 -1.9381343126296997 -0.1955011487007141
C -2.5225982666015625 -2.63899564743042 2.0346243381500244
C -4.373054504394531 -2.6197545528411865 -0.04478466510772705
C -3.7098095417022705 -3.3024511337280273 2.1607494354248047
C -4.635035991668701 -3.295182943344116 1.126587152481079
O -1.805999994277954 0.0010000000474974513 3.609999895095825
H 1.9210000038146973 0.49300000071525574 2.5179998874664307
H 1.6109999418258667 1.2369999885559082 1.1130000352859497
H -0.7400000095367432 1.0579999685287476 1.4789999723434448
H 0.996903121471405 -0.747613787651062 0.4637106657028198
H 0.3782532513141632 -1.696997880935669 1.8359161615371704
H -0.7486585974693298 -0.1202227920293808 -1.4625135660171509
H -3.0546669960021973 -1.013655185699463 -2.0664875507354736
H -1.8070992231369019 -2.649156332015991 2.8437867164611816
H -5.100541591644287 -2.618723154067993 -0.8436547517776489
H -3.930492639541626 -3.8376269340515137 3.072364568710327
H -5.570272445678711 -3.823107957839966 1.2410662174224854
H -2.115000009536743 -0.21699999272823334 4.5
