N 1.277999997138977 1.121000051498413 2.059000015258789
C -0.00800000037997961 0.4169999957084656 1.9700000286102295
C -0.49000000953674316 0.07599999755620956 3.3570001125335693
O 0.30799999833106995 -0.12999999523162842 4.239999771118164
C 0.1680000126361847 -0.8679998517036438 1.16100013256073
C 1.3304028511047363 -1.6524076461791992 1.7121877670288086
C 1.2790067195892334 -2.584146022796631 2.6774747371673584
C 2.7287673950195312 -1.548823595046997 1.2916111946105957
N 2.532104730606079 -3.081423282623291 2.9131240844726562
C 3.442654848098755 -2.4669294357299805 2.0831151008605957
C 3.404461145401001 -0.7679442167282104 0.35212939977645874
C 4.816758632659912 -2.591830015182495 1.9101275205612183
C 4.7544169425964355 -0.9076871275901794 0.19836656749248505
C 5.462173938751221 -1.815628170967102 0.9731646180152893
O -1.805999994277954 0.0010000000474974513 3.609999895095825
H 1.9210000038146973 0.49300000071525574 2.5179998874664307
H 1.6109999418258667 1.2369999885559082 1.1130000352859497
H -0.7400000095367432 1.0579999685287476 1.4789999723434448
H -0.7395519614219666 -1.4675402641296387 1.2294578552246094
H 0.36068031191825867 -0.6180082559585571 0.11824681609869003
H 0.382979154586792 -2.8955795764923096 3.192000389099121
H 2.7462189197540283 -3.7650821208953857 3.5658233165740967
H 2.8600635528564453 -0.05924168974161148 -0.2546306252479553
H 5.3769145011901855 -3.2948336601257324 2.5096633434295654
H 5.275606155395508 -0.30726081132888794 -0.5323907136917114
H 6.529605388641357 -1.9143060445785522 0.8415210843086243
H -2.115000009536743 -0.21699999272823334 4.5
