N 1.277999997138977 1.121000051498413 2.059000015258789
C -0.00800000037997961 0.4169999957084656 1.9700000286102295
C -0.49000000953674316 0.07599999755620956 3.3570001125335693
O 0.30799999833106995 -0.12999999523162842 4.239999771118164
C 0.1679999977350235 -0.8679999709129333 1.1610000133514404
C 0.920600414276123 -0.5625444650650024 -0.10808362066745758
C 2.2526133060455322 -0.5929195880889893 -0.2735406756401062
C 0.3379872143268585 -0.18387116491794586 -1.3965734243392944
N 2.5704402923583984 -0.2587040364742279 -1.5620887279510498
C 1.421321153640747 -3.7455782148754224e-05 -2.2749953269958496
C -0.9667674899101257 0.019488943740725517 -1.8495863676071167
C 1.1752591133117676 0.37323182821273804 -3.5917372703552246
C -1.185395359992981 0.38510817289352417 -3.147305965423584
C -0.12034071236848831 0.5626453757286072 -4.018929958343506
O -1.805999994277954 0.0010000000474974513 3.609999895095825
H 1.9210000038146973 0.49300000071525574 2.5179998874664307
H 1.6109999418258667 1.2369999885559082 1.1130000352859497
H -0.7400000095367432 1.0579999685287476 1.4789999723434448
H 0.7285710573196411 -1.5939643383026123 1.7496609687805176
H -0.8101398348808289 -1.2787251472473145 0.9130015969276428
H 2.967639207839966 -0.8435572385787964 0.4949067533016205
H 3.4700379371643066 -0.21245655417442322 -1.9196300506591797
H -1.8007495403289795 -0.11702913790941238 -1.176814079284668
H 1.997911810874939 0.5154507160186768 -4.277629852294922
H -2.1952335834503174 0.5368837118148804 -3.49851393699646
H -0.30835849046707153 0.8532357811927795 -5.04200553894043
H -2.115000009536743 -0.21699999272823334 4.5
