N 1.277999997138977 1.121000051498413 2.059000015258789
C -0.00800000037997961 0.4169999957084656 1.9700000286102295
C -0.49000000953674316 0.07599999755620956 3.3570001125335693
O 0.30799999833106995 -0.12999999523162842 4.239999771118164
C 0.1679999828338623 -0.8679999709129333 1.1610000133514404
C -0.33719196915626526 -0.6506401896476746 -0.24178989231586456
C 0.3784077763557434 -0.2103298306465149 -1.288977026939392
C -1.6993093490600586 -0.8867287039756775 -0.7233870625495911
N -0.4165917932987213 -0.13981546461582184 -2.4007654190063477
C -1.6948286294937134 -0.5446137189865112 -2.0879271030426025
C -2.8783490657806396 -1.3302197456359863 -0.1216045394539833
C -2.868417501449585 -0.6637993454933167 -2.824249029159546
C -4.019445419311523 -1.4405046701431274 -0.8640925288200378
C -4.018758773803711 -1.1091428995132446 -2.211604118347168
O -1.805999994277954 0.0010000000474974513 3.609999895095825
H 1.9210000038146973 0.49300000071525574 2.5179998874664307
H 1.6109999418258667 1.2369999885559082 1.1130000352859497
H -0.7400000095367432 1.0579999685287476 1.4789999723434448
H 1.2240549325942993 -1.1354279518127441 1.1291245222091675
H -0.39687153697013855 -1.6732162237167358 1.6295112371444702
H 1.4253464937210083 0.049758706241846085 -1.2595487833023071
H -0.12314333766698837 0.15037530660629272 -3.277650833129883
H -2.8863461017608643 -1.5901033878326416 0.9268144369125366
H -2.878417491912842 -0.4067632555961609 -3.8736605644226074
H -4.929774761199951 -1.7888736724853516 -0.39923205971717834
H -4.928948402404785 -1.2000279426574707 -2.7858619689941406
H -2.115000009536743 -0.21699999272823334 4.5
