N 1.277999997138977 1.121000051498413 2.059000015258789
C -0.00800000037997961 0.4169999957084656 1.9700000286102295
C -0.49000000953674316 0.07599999755620956 3.3570001125335693
O 0.30799999833106995 -0.12999999523162842 4.239999771118164
C 0.1679999679327011 -0.8679998517036438 1.16100013256073
C -0.8632107377052307 -1.8779748678207397 1.5932483673095703
C -2.0915141105651855 -2.0369277000427246 1.0750185251235962
C -0.7132654786109924 -2.877115488052368 2.6526217460632324
N -2.742380380630493 -3.0530965328216553 1.7206531763076782
C -1.9272772073745728 -3.586717367172241 2.6935224533081055
C 0.3116595447063446 -3.200772523880005 3.5435402393341064
C -2.0860488414764404 -4.612819194793701 3.618504762649536
C 0.13435083627700806 -4.212967872619629 4.44330358505249
C -1.0594446659088135 -4.919212341308594 4.484043121337891
O -1.805999994277954 0.0010000000474974513 3.609999895095825
H 1.9210000038146973 0.49300000071525574 2.5179998874664307
H 1.6109999418258667 1.2369999885559082 1.1130000352859497
H -0.7400000095367432 1.0579999685287476 1.4789999723434448
H 0.040557801723480225 -0.6501082181930542 0.10077959299087524
H 1.1653729677200317 -1.271787166595459 1.3317596912384033
H -2.5053205490112305 -1.4508545398712158 0.26887020468711853
H -3.642179489135742 -3.353137969970703 1.5216871500015259
H 1.2437211275100708 -2.655456781387329 3.517507791519165
H -3.012378692626953 -5.167524337768555 3.6590969562530518
H 0.9296187162399292 -4.466431617736816 5.128475666046143
H -1.1858958005905151 -5.716213703155518 5.201870918273926
H -2.115000009536743 -0.21699999272823334 4.5
