N 1.277999997138977 1.121000051498413 2.059000015258789
C -0.00800000037997961 0.4169999957084656 1.9700000286102295
C -0.49000000953674316 0.07599999755620956 3.3570001125335693
O 0.30799999833106995 -0.12999999523162842 4.239999771118164
C 0.1679999828338623 -0.8679998517036438 1.16100013256073
C 0.3366401493549347 -2.0333621501922607 2.101093053817749
C -0.6427469253540039 -2.801426410675049 2.6045165061950684
C 1.5998404026031494 -2.5478150844573975 2.632789134979248
N -0.10946590453386307 -3.7624096870422363 3.420109748840332
C 1.260667085647583 -3.633234739303589 3.4609546661376953
C 2.937516450881958 -2.1759135723114014 2.486935615539551
C 2.268800735473633 -4.330541610717773 4.117548942565918
C 3.9115993976593018 -2.8754873275756836 3.140625476837158
C 3.582435131072998 -3.950085401535034 3.9545533657073975
O -1.805999994277954 0.0010000000474974513 3.609999895095825
H 1.9210000038146973 0.49300000071525574 2.5179998874664307
H 1.6109999418258667 1.2369999885559082 1.1130000352859497
H -0.7400000095367432 1.0579999685287476 1.4789999723434448
H -0.7117930054664612 -1.0284833908081055 0.5381075739860535
H 1.0505726337432861 -0.7815559506416321 0.5281108021736145
H -1.6948691606521606 -2.679948091506958 2.3974545001983643
H -0.6200357675552368 -4.434378147125244 3.8965835571289062
H 3.20123028755188 -1.3406020402908325 1.8548791408538818
H 2.022512197494507 -5.167684078216553 4.754703998565674
H 4.946592807769775 -2.590693950653076 3.0229926109313965
H 4.3632493019104 -4.493109226226807 4.466346263885498
H -2.115000009536743 -0.21699999272823334 4.5
