N 1.277999997138977 1.121000051498413 2.059000015258789
C -0.00800000037997961 0.4169999957084656 1.9700000286102295
C -0.49000000953674316 0.07599999755620956 3.3570001125335693
O 0.30799999833106995 -0.12999999523162842 4.239999771118164
C 0.1679999828338623 -0.8679999709129333 1.1610000133514404
C -0.35969412326812744 -0.658222496509552 -0.23464177548885345
C 0.33637115359306335 -0.21350792050361633 -1.293074131011963
C -1.7264838218688965 -0.9078618288040161 -0.695731520652771
N -0.4754619598388672 -0.1526372879743576 -2.393206834793091
C -1.7451751232147217 -0.5685551762580872 -2.060851812362671
C -2.8924202919006348 -1.3609557151794434 -0.07584529370069504
C -2.9282805919647217 -0.7000873684883118 -2.779633045196533
C -4.043210983276367 -1.483300805091858 -0.8012861609458923
C -4.065346717834473 -1.1547465324401855 -2.149303436279297
O -1.805999994277954 0.0010000000474974513 3.609999895095825
H 1.9210000038146973 0.49300000071525574 2.5179998874664307
H 1.6109999418258667 1.2369999885559082 1.1130000352859497
H -0.7400000095367432 1.0579999685287476 1.4789999723434448
H 1.2259029150009155 -1.1257436275482178 1.1141440868377686
H -0.3824682831764221 -1.677416205406189 1.6393158435821533
H 1.3811779022216797 0.05628467723727226 -1.279523491859436
H -0.19759882986545563 0.13842515647411346 -3.274867296218872
H -2.8826403617858887 -1.618723750114441 0.9730806946754456
H -2.956043243408203 -0.445334792137146 -3.829281806945801
H -4.943365097045898 -1.8390834331512451 -0.3224363923072815
H -4.982978343963623 -1.2552138566970825 -2.7099599838256836
H -2.115000009536743 -0.21699999272823334 4.5
