N 1.277999997138977 1.121000051498413 2.059000015258789
C -0.00800000037997961 0.4169999957084656 1.9700000286102295
C -0.49000000953674316 0.07599999755620956 3.3570001125335693
O 0.30799999833106995 -0.12999999523162842 4.239999771118164
C 0.1679999679327011 -0.8679998517036438 1.16100013256073
C -0.49044784903526306 -2.0121281147003174 1.8874303102493286
C -1.7630501985549927 -2.4177451133728027 1.751359462738037
C 0.1379489302635193 -2.897186517715454 2.8696861267089844
N -2.002063035964966 -3.487203598022461 2.5712382793426514
C -0.8596240878105164 -3.8041880130767822 3.27121901512146
C 1.4152320623397827 -2.976592540740967 3.427542209625244
C -0.5546807050704956 -4.778707027435303 4.215151309967041
C 1.6929850578308105 -3.942368268966675 4.352573394775391
C 0.7137522101402283 -4.842540740966797 4.748023509979248
O -1.805999994277954 0.0010000000474974513 3.609999895095825
H 1.9210000038146973 0.49300000071525574 2.5179998874664307
H 1.6109999418258667 1.2369999885559082 1.1130000352859497
H -0.7400000095367432 1.0579999685287476 1.4789999723434448
H -0.2934999167919159 -0.7464835047721863 0.18118511140346527
H 1.2299352884292603 -1.078626036643982 1.038991928100586
H -2.490551710128784 -1.9679017066955566 1.093350887298584
H -2.848729133605957 -3.9527299404144287 2.6466846466064453
H 2.182549476623535 -2.279376268386841 3.1243934631347656
H -1.310720682144165 -5.483178615570068 4.530676364898682
H 2.6827638149261475 -4.006674766540527 4.779607772827148
H 0.9474882483482361 -5.600066184997559 5.481508255004883
H -2.115000009536743 -0.21699999272823334 4.5
