N 1.277999997138977 1.121000051498413 2.059000015258789
C -0.00800000037997961 0.4169999957084656 1.9700000286102295
C -0.49000000953674316 0.07599999755620956 3.3570001125335693
O 0.30799999833106995 -0.12999999523162842 4.239999771118164
C 0.1680000126361847 -0.8679999113082886 1.1610000133514404
C 1.621598482131958 -1.0407012701034546 0.8039154410362244
C 2.550393581390381 -1.6859873533248901 1.5274500846862793
C 2.287475347518921 -0.5434872508049011 -0.4012499451637268
N 3.7583775520324707 -1.6372411251068115 0.8859918117523193
C 3.632249116897583 -0.9429770112037659 -0.2962551414966583
C 1.8654812574386597 0.19326089322566986 -1.5094393491744995
C 4.52436637878418 -0.6057009100914001 -1.3082125186920166
C 2.758676052093506 0.5128144025802612 -2.4921092987060547
C 4.085048675537109 0.11658690869808197 -2.3955259323120117
O -1.805999994277954 0.0010000000474974513 3.609999895095825
H 1.9210000038146973 0.49300000071525574 2.5179998874664307
H 1.6109999418258667 1.2369999885559082 1.1130000352859497
H -0.7400000095367432 1.0579999685287476 1.4789999723434448
H -0.16350388526916504 -1.7195051908493042 1.7549947500228882
H -0.42511025071144104 -0.8080102205276489 0.24909141659736633
H 2.372013568878174 -2.1714866161346436 2.4745845794677734
H 4.579592704772949 -2.033538818359375 1.214328408241272
H 0.834510087966919 0.504960298538208 -1.5914626121520996
H 5.5594682693481445 -0.908249020576477 -1.241426706314087
H 2.4303369522094727 1.0780012607574463 -3.3517098426818848
H 4.780383110046387 0.3777090311050415 -3.179619312286377
H -2.115000009536743 -0.21699999272823334 4.5
