N 1.277999997138977 1.121000051498413 2.059000015258789
C -0.00800000037997961 0.4169999957084656 1.9700000286102295
C -0.49000000953674316 0.07599999755620956 3.3570001125335693
O 0.30799999833106995 -0.12999999523162842 4.239999771118164
C 0.1680000126361847 -0.8679999709129333 1.1610000133514404
C 1.1791399717330933 -0.637907862663269 0.06786814332008362
C 2.5054714679718018 -0.8275389671325684 0.15413418412208557
C 0.9010692834854126 -0.17259511351585388 -1.2919842004776
N 3.0998971462249756 -0.5157817602157593 -1.0385667085647583
C 2.145916700363159 -0.10906901210546494 -1.94417405128479
C -0.26060983538627625 0.1943739354610443 -1.9737439155578613
C 2.2006421089172363 0.3103880286216736 -3.2688426971435547
C -0.18366239964962006 0.6026284694671631 -3.274881601333618
C 1.0413378477096558 0.662028431892395 -3.9240617752075195
O -1.805999994277954 0.0010000000474974513 3.609999895095825
H 1.9210000038146973 0.49300000071525574 2.5179998874664307
H 1.6109999418258667 1.2369999885559082 1.1130000352859497
H -0.7400000095367432 1.0579999685287476 1.4789999723434448
H 0.5175323486328125 -1.665168046951294 1.816847562789917
H -0.7859975099563599 -1.1531658172607422 0.7188178300857544
H 3.0266835689544678 -1.1743319034576416 1.0331480503082275
H 4.050304412841797 -0.5740289688110352 -1.2190768718719482
H -1.2176862955093384 0.15048472583293915 -1.4748810529708862
H 3.1498420238494873 0.3615022897720337 -3.7824954986572266
H -1.083307147026062 0.8810828924179077 -3.803330659866333
H 1.0870108604431152 0.988116443157196 -4.952681064605713
H -2.115000009536743 -0.21699999272823334 4.5
