N 1.277999997138977 1.121000051498413 2.059000015258789
C -0.00800000037997961 0.4169999957084656 1.9700000286102295
C -0.49000000953674316 0.07599999755620956 3.3570001125335693
O 0.30799999833106995 -0.12999999523162842 4.239999771118164
C 0.1679999679327011 -0.8679999113082886 1.1610000133514404
C -0.7278914451599121 -0.8250800967216492 -0.04971054941415787
C -0.412069171667099 -0.3369162976741791 -1.2598797082901
C -2.1050643920898438 -1.3146342039108276 -0.13198314607143402
N -1.4774366617202759 -0.46893978118896484 -2.1087801456451416
C -2.5304949283599854 -1.0614619255065918 -1.4487764835357666
C -2.9792680740356445 -1.910827398300171 0.7786664962768555
C -3.818901300430298 -1.4202141761779785 -1.8295543193817139
C -4.240176200866699 -2.25577449798584 0.38284602761268616
C -4.662683486938477 -2.0127663612365723 -0.9163934588432312
O -1.805999994277954 0.0010000000474974513 3.609999895095825
H 1.9210000038146973 0.49300000071525574 2.5179998874664307
H 1.6109999418258667 1.2369999885559082 1.1130000352859497
H -0.7400000095367432 1.0579999685287476 1.4789999723434448
H 1.2061529159545898 -0.9567294716835022 0.8413887619972229
H -0.09685059636831284 -1.7257792949676514 1.7782719135284424
H 0.5403580069541931 0.09570109844207764 -1.5250542163848877
H -1.4883705377578735 -0.18849638104438782 -3.0364022254943848
H -2.657233953475952 -2.103181838989258 1.7916224002838135
H -4.1577277183532715 -1.2337291240692139 -2.8384411334991455
H -4.914024829864502 -2.7219347953796387 1.086250901222229
H -5.663060665130615 -2.2896718978881836 -1.2148003578186035
H -2.115000009536743 -0.21699999272823334 4.5
