N 1.277999997138977 1.121000051498413 2.059000015258789
C -0.00800000037997961 0.4169999957084656 1.9700000286102295
C -0.49000000953674316 0.07599999755620956 3.3570001125335693
O 0.30799999833106995 -0.12999999523162842 4.239999771118164
C 0.1680000126361847 -0.8679999113082886 1.16100013256073
C 1.4997053146362305 -1.4904464483261108 1.491763949394226
C 1.7438738346099854 -2.3851633071899414 2.4625473022460938
C 2.7712419033050537 -1.2403205633163452 0.8108313679695129
N 3.0699095726013184 -2.7238359451293945 2.4621403217315674
C 3.7270920276641846 -2.0387797355651855 1.4649302959442139
C 3.1587562561035156 -0.4215907156467438 -0.2514655888080597
C 5.049182415008545 -2.0090129375457764 1.034956455230713
C 4.462718486785889 -0.40865251421928406 -0.6577501893043518
C 5.408224582672119 -1.1983611583709717 -0.019027315080165863
O -1.805999994277954 0.0010000000474974513 3.609999895095825
H 1.9210000038146973 0.49300000071525574 2.5179998874664307
H 1.6109999418258667 1.2369999885559082 1.1130000352859497
H -0.7400000095367432 1.0579999685287476 1.4789999723434448
H -0.6308976411819458 -1.56627357006073 1.4099220037460327
H 0.12986917793750763 -0.6363241672515869 0.09712588787078857
H 1.0048495531082153 -2.779513359069824 3.142932415008545
H 3.4841015338897705 -3.353048086166382 3.0718846321105957
H 2.4282054901123047 0.19568860530853271 -0.7535088658332825
H 5.793045520782471 -2.6190688610076904 1.5268217325210571
H 4.7607102394104 0.22075612843036652 -1.4830995798110962
H 6.435965061187744 -1.1767756938934326 -0.3503294885158539
H -2.115000009536743 -0.21699999272823334 4.5
