N 1.277999997138977 1.121000051498413 2.059000015258789
C -0.00800000037997961 0.4169999957084656 1.9700000286102295
C -0.49000000953674316 0.07599999755620956 3.3570001125335693
O 0.30799999833106995 -0.12999999523162842 4.239999771118164
C 0.1680000126361847 -0.8679999113082886 1.16100013256073
C 1.520129680633545 -1.4643983840942383 1.4548330307006836
C 1.809173822402954 -2.3502960205078125 2.4213709831237793
C 2.7663159370422363 -1.193827509880066 0.735910952091217
N 3.1406757831573486 -2.6644961833953857 2.383281707763672
C 3.755551338195801 -1.9717402458190918 1.3646373748779297
C 3.1073012351989746 -0.3726658225059509 -0.34037113189697266
C 5.06369686126709 -1.919481873512268 0.8959046602249146
C 4.3983354568481445 -0.33746522665023804 -0.7848293781280518
C 5.376620769500732 -1.106885313987732 -0.17120127379894257
O -1.805999994277954 0.0010000000474974513 3.609999895095825
H 1.9210000038146973 0.49300000071525574 2.5179998874664307
H 1.6109999418258667 1.2369999885559082 1.1130000352859497
H -0.7400000095367432 1.0579999685287476 1.4789999723434448
H -0.6101856231689453 -1.5797897577285767 1.435896635055542
H 0.09442751109600067 -0.6416307687759399 0.09784439206123352
H 1.0978362560272217 -2.755263566970825 3.1246440410614014
H 3.5841434001922607 -3.2833547592163086 2.9829494953155518
H 2.3510420322418213 0.22889959812164307 -0.8230476975440979
H 5.832828521728516 -2.5136234760284424 1.3679895401000977
H 4.660303115844727 0.2937772274017334 -1.6209287643432617
H 6.393636226654053 -1.067802906036377 -0.5326284766197205
H -2.115000009536743 -0.21699999272823334 4.5
