N 1.277999997138977 1.121000051498413 2.059000015258789
C -0.00800000037997961 0.4169999957084656 1.9700000286102295
C -0.49000000953674316 0.07599999755620956 3.3570001125335693
O 0.30799999833106995 -0.12999999523162842 4.239999771118164
C 0.1680000126361847 -0.8679999709129333 1.1610000133514404
C 1.0848100185394287 -0.6047173738479614 -0.0053727454505860806
C 2.421278476715088 -0.7324353456497192 -0.01524299569427967
C 0.6868341565132141 -0.16859586536884308 -1.344943881034851
N 2.911870002746582 -0.4078143239021301 -1.2509658336639404
C 1.8764219284057617 -0.05582818016409874 -2.087369918823242
C -0.5373362898826599 0.13681241869926453 -1.942516803741455
C 1.8146944046020508 0.3501293659210205 -3.415930986404419
C -0.5746859908103943 0.5328727960586548 -3.2491509914398193
C 0.5955407619476318 0.6406460404396057 -3.9870827198028564
O -1.805999994277954 0.0010000000474974513 3.609999895095825
H 1.9210000038146973 0.49300000071525574 2.5179998874664307
H 1.6109999418258667 1.2369999885559082 1.1130000352859497
H -0.7400000095367432 1.0579999685287476 1.4789999723434448
H 0.6011825203895569 -1.6405928134918213 1.7960110902786255
H -0.8014510273933411 -1.201685905456543 0.7925242781639099
H 3.020854949951172 -1.0446828603744507 0.8259479999542236
H 3.848233461380005 -0.4246251881122589 -1.5003480911254883
H -1.4523447751998901 0.055029239505529404 -1.374311923980713
H 2.7204396724700928 0.43859565258026123 -3.9983668327331543
H -1.5224937200546265 0.7636532783508301 -3.7123539447784424
H 0.5507573485374451 0.9563965201377869 -5.018961429595947
H -2.115000009536743 -0.21699999272823334 4.5
