N 1.277999997138977 1.121000051498413 2.059000015258789
C -0.00800000037997961 0.4169999957084656 1.9700000286102295
C -0.49000000953674316 0.07599999755620956 3.3570001125335693
O 0.30799999833106995 -0.12999999523162842 4.239999771118164
C 0.16799995303153992 -0.8679999113082886 1.16100013256073
C -1.1851505041122437 -1.4478849172592163 0.8400629162788391
C -1.9301490783691406 -1.1836738586425781 -0.24516825377941132
C -1.9335744380950928 -2.412008285522461 1.648373007774353
N -3.0975990295410156 -1.8960998058319092 -0.19437681138515472
C -3.131986379623413 -2.656054735183716 0.9531880021095276
C -1.6944544315338135 -3.049647331237793 2.867060422897339
C -4.061492919921875 -3.5416877269744873 1.4873770475387573
C -2.6209967136383057 -3.9164090156555176 3.3728222846984863
C -3.8023109436035156 -4.164312362670898 2.6882569789886475
O -1.805999994277954 0.0010000000474974513 3.609999895095825
H 1.9210000038146973 0.49300000071525574 2.5179998874664307
H 1.6109999418258667 1.2369999885559082 1.1130000352859497
H -0.7400000095367432 1.0579999685287476 1.4789999723434448
H 0.6961445212364197 -0.6443563103675842 0.23426781594753265
H 0.7428812980651855 -1.5881145000457764 1.7422937154769897
H -1.6508320569992065 -0.5096108913421631 -1.0402870178222656
H -3.7952418327331543 -1.8705008029937744 -0.8666043281555176
H -0.7770600318908691 -2.8616695404052734 3.405426263809204
H -4.9849443435668945 -3.740114450454712 0.9626902937889099
H -2.4329237937927246 -4.413498878479004 4.312868118286133
H -4.526423454284668 -4.851138591766357 3.101062536239624
H -2.115000009536743 -0.21699999272823334 4.5
