N 1.277999997138977 1.121000051498413 2.059000015258789
C -0.00800000037997961 0.4169999957084656 1.9700000286102295
C -0.49000000953674316 0.07599999755620956 3.3570001125335693
O 0.30799999833106995 -0.12999999523162842 4.239999771118164
C 0.1679999977350235 -0.8679999709129333 1.1610000133514404
C 0.8990545868873596 -0.5582539439201355 -0.11958591639995575
C 2.228722333908081 -0.5766879916191101 -0.3045201301574707
C 0.29413434863090515 -0.18764665722846985 -1.4001168012619019
N 2.52451753616333 -0.2422330230474472 -1.5982415676116943
C 1.3627257347106934 0.004344364162534475 -2.2947027683258057
C -1.0189474821090698 0.002731332555413246 -1.8343207836151123
C 1.0939416885375977 0.3725927770137787 -3.608412981033325
C -1.2599517107009888 0.3636225461959839 -3.1293985843658447
C -0.20947900414466858 0.5491629242897034 -4.01690673828125
O -1.805999994277954 0.0010000000474974513 3.609999895095825
H 1.9210000038146973 0.49300000071525574 2.5179998874664307
H 1.6109999418258667 1.2369999885559082 1.1130000352859497
H -0.7400000095367432 1.0579999685287476 1.4789999723434448
H 0.7438335418701172 -1.5875396728515625 1.74277663230896
H -0.8098292350769043 -1.288241982460022 0.9281855821609497
H 2.957226276397705 -0.8191245198249817 0.4538329541683197
H 3.4183099269866943 -0.18843446671962738 -1.969039797782898
H -1.8416773080825806 -0.14007391035556793 -1.1491141319274902
H 1.905098795890808 0.5209668874740601 -4.306582927703857
H -2.276191473007202 0.505349338054657 -3.4660379886627197
H -0.41515684127807617 0.8358813524246216 -5.037674427032471
H -2.115000009536743 -0.21699999272823334 4.5
