N 1.277999997138977 1.121000051498413 2.059000015258789
C -0.00800000037997961 0.4169999957084656 1.9700000286102295
C -0.49000000953674316 0.07599999755620956 3.3570001125335693
O 0.30799999833106995 -0.12999999523162842 4.239999771118164
C 0.1680000126361847 -0.8679999113082886 1.1610000133514404
C 1.6306428909301758 -1.2242575883865356 1.0974403619766235
C 2.302999496459961 -1.996099829673767 1.9662055969238281
C 2.5865044593811035 -0.800902783870697 0.07267846167087555
N 3.6132898330688477 -2.0965235233306885 1.5839430093765259
C 3.8203201293945312 -1.3744909763336182 0.43006858229637146
C 2.4964632987976074 0.0008909591706469655 -1.0666109323501587
C 4.936131000518799 -1.1421254873275757 -0.36658546328544617
C 3.605093479156494 0.21511836349964142 -1.8351143598556519
C 4.823181629180908 -0.3527039587497711 -1.4895305633544922
O -1.805999994277954 0.0010000000474974513 3.609999895095825
H 1.9210000038146973 0.49300000071525574 2.5179998874664307
H 1.6109999418258667 1.2369999885559082 1.1130000352859497
H -0.7400000095367432 1.0579999685287476 1.4789999723434448
H -0.3822340667247772 -1.6773842573165894 1.640505313873291
H -0.21311582624912262 -0.7175403833389282 0.1515108197927475
H 1.8747540712356567 -2.4678823947906494 2.837193489074707
H 4.2934675216674805 -2.6016786098480225 2.0545034408569336
H 1.5515516996383667 0.44603803753852844 -1.3418773412704468
H 5.88932466506958 -1.5785187482833862 -0.1050221249461174
H 3.5334856510162354 0.8309463858604431 -2.719299793243408
H 5.691694259643555 -0.17340414226055145 -2.1059834957122803
H -2.115000009536743 -0.21699999272823334 4.5
