N 1.277999997138977 1.121000051498413 2.059000015258789
C -0.00800000037997961 0.4169999957084656 1.9700000286102295
C -0.49000000953674316 0.07599999755620956 3.3570001125335693
O 0.30799999833106995 -0.12999999523162842 4.239999771118164
C 0.1680000126361847 -0.8679999709129333 1.1610000133514404
C 1.441749095916748 -0.7860428094863892 0.3602941036224365
C 2.6609225273132324 -1.185307264328003 0.7562251091003418
C 1.583538293838501 -0.2631502151489258 -0.9996752738952637
N 3.5729520320892334 -0.9550735354423523 -0.23788981139659882
C 2.946302652359009 -0.3890462815761566 -1.325337529182434
C 0.6965516805648804 0.2934752404689789 -1.9229215383529663
C 3.390896797180176 0.03517577797174454 -2.5727579593658447
C 1.1548776626586914 0.7027713060379028 -3.1427435874938965
C 2.497281789779663 0.5759140849113464 -3.4705350399017334
O -1.805999994277954 0.0010000000474974513 3.609999895095825
H 1.9210000038146973 0.49300000071525574 2.5179998874664307
H 1.6109999418258667 1.2369999885559082 1.1130000352859497
H -0.7400000095367432 1.0579999685287476 1.4789999723434448
H 0.21954722702503204 -1.7198407649993896 1.838861346244812
H -0.6779287457466125 -0.9915715456008911 0.485655277967453
H 2.889087677001953 -1.6230103969573975 1.715886116027832
H 4.518460750579834 -1.161085844039917 -0.18475842475891113
H -0.34980154037475586 0.39519253373146057 -1.6747596263885498
H 4.434474945068359 -0.057946592569351196 -2.8367760181427
H 0.46721750497817993 1.1281825304031372 -3.8584983348846436
H 2.845611333847046 0.9051921963691711 -4.438377857208252
H -2.115000009536743 -0.21699999272823334 4.5
