N 1.277999997138977 1.121000051498413 2.059000015258789
C -0.00800000037997961 0.4169999957084656 1.9700000286102295
C -0.49000000953674316 0.07599999755620956 3.3570001125335693
O 0.30799999833106995 -0.12999999523162842 4.239999771118164
C 0.1679999977350235 -0.8679999709129333 1.1610000133514404
C 0.7198683619499207 -0.5320452451705933 -0.20019778609275818
C 2.0166163444519043 -0.45750609040260315 -0.5399706363677979
C -0.05594247952103615 -0.23254506289958954 -1.404961109161377
N 2.134032726287842 -0.12882943451404572 -1.8633205890655518
C 0.8839357495307922 0.01839076355099678 -2.421175718307495
C -1.4211578369140625 -0.14702677726745605 -1.6839497089385986
C 0.4373472034931183 0.3393050730228424 -3.698383092880249
C -1.8375157117843628 0.16895051300525665 -2.945835828781128
C -0.9142770767211914 0.41228070855140686 -3.9528162479400635
O -1.805999994277954 0.0010000000474974513 3.609999895095825
H 1.9210000038146973 0.49300000071525574 2.5179998874664307
H 1.6109999418258667 1.2369999885559082 1.1130000352859497
H -0.7400000095367432 1.0579999685287476 1.4789999723434448
H 0.8596981763839722 -1.531773567199707 1.6794054508209229
H -0.7961898446083069 -1.362882137298584 1.0497097969055176
H 2.8444817066192627 -0.6308433413505554 0.13024282455444336
H 2.9720683097839355 -0.01774083636701107 -2.337247371673584
H -2.145576238632202 -0.3353014290332794 -0.905132532119751
H 1.1483796834945679 0.5320273041725159 -4.4887776374816895
H -2.89375376701355 0.22952668368816376 -3.162278652191162
H -1.2581851482391357 0.6624488830566406 -4.945600509643555
H -2.115000009536743 -0.21699999272823334 4.5
