N 1.277999997138977 1.121000051498413 2.059000015258789
C -0.00800000037997961 0.4169999957084656 1.9700000286102295
C -0.49000000953674316 0.07599999755620956 3.3570001125335693
O 0.30799999833106995 -0.12999999523162842 4.239999771118164
C 0.16799995303153992 -0.8679998517036438 1.16100013256073
C -1.0584924221038818 -1.7295557260513306 1.3150182962417603
C -2.1529181003570557 -1.7070337533950806 0.5376625061035156
C -1.2798396348953247 -2.7552523612976074 2.335797071456909
N -3.059551954269409 -2.631197929382324 0.9815160632133484
C -2.556875228881836 -3.2880659103393555 2.082179307937622
C -0.5283282995223999 -3.232487916946411 3.411175012588501
C -3.050645351409912 -4.295181751251221 2.9041249752044678
C -1.032613754272461 -4.222867012023926 4.205150604248047
C -2.289628744125366 -4.755189895629883 3.955883502960205
O -1.805999994277954 0.0010000000474974513 3.609999895095825
H 1.9210000038146973 0.49300000071525574 2.5179998874664307
H 1.6109999418258667 1.2369999885559082 1.1130000352859497
H -0.7400000095367432 1.0579999685287476 1.4789999723434448
H 0.3068438768386841 -0.6188874244689941 0.10912027209997177
H 1.0403544902801514 -1.4101567268371582 1.52434504032135
H -2.297398567199707 -1.0569701194763184 -0.31153443455696106
H -3.925504207611084 -2.7991087436676025 0.580039918422699
H 0.4510098397731781 -2.822985887527466 3.6111514568328857
H -4.028897762298584 -4.714996337890625 2.7191641330718994
H -0.44846317172050476 -4.595384120941162 5.0334954261779785
H -2.6760382652282715 -5.536995887756348 4.593020915985107
H -2.115000009536743 -0.21699999272823334 4.5
