N 1.277999997138977 1.121000051498413 2.059000015258789
C -0.00800000037997961 0.4169999957084656 1.9700000286102295
C -0.49000000953674316 0.07599999755620956 3.3570001125335693
O 0.30799999833106995 -0.12999999523162842 4.239999771118164
C 0.1679999679327011 -0.8679999113082886 1.1610000133514404
C -0.9904263615608215 -1.0247571468353271 0.21033746004104614
C -1.0600286722183228 -0.5595805048942566 -1.0471693277359009
C -2.2504019737243652 -1.7196755409240723 0.479758083820343
N -2.2648537158966064 -0.8953325748443604 -1.6028105020523071
C -3.0178639888763428 -1.6037020683288574 -0.6935211420059204
C -2.770750045776367 -2.3914406299591064 1.5874269008636475
C -4.286263465881348 -2.1719865798950195 -0.7371292114257812
C -4.018688678741455 -2.9427573680877686 1.5222214460372925
C -4.777470111846924 -2.8354456424713135 0.3653623163700104
O -1.805999994277954 0.0010000000474974513 3.609999895095825
H 1.9210000038146973 0.49300000071525574 2.5179998874664307
H 1.6109999418258667 1.2369999885559082 1.1130000352859497
H -0.7400000095367432 1.0579999685287476 1.4789999723434448
H 1.0977948904037476 -0.8163177371025085 0.5947879552841187
H 0.20099028944969177 -1.7218670845031738 1.8368538618087769
H -0.2819036841392517 -0.0032453439198434353 -1.5467746257781982
H -2.5454132556915283 -0.6693882346153259 -2.5025250911712646
H -2.1857612133026123 -2.479071855545044 2.491248846054077
H -4.8853983879089355 -2.092460870742798 -1.6327546834945679
H -4.418374538421631 -3.4670071601867676 2.3775393962860107
H -5.763244152069092 -3.2752089500427246 0.32881245017051697
H -2.115000009536743 -0.21699999272823334 4.5
