N 1.277999997138977 1.121000051498413 2.059000015258789
C -0.00800000037997961 0.4169999957084656 1.9700000286102295
C -0.49000000953674316 0.07599999755620956 3.3570001125335693
O 0.30799999833106995 -0.12999999523162842 4.239999771118164
C 0.1679999977350235 -0.8679999709129333 1.1610000133514404
C 0.7428662180900574 -0.5345227122306824 -0.19125938415527344
C 2.0450947284698486 -0.47132357954978943 -0.5118276476860046
C -0.012379922904074192 -0.22551953792572021 -1.406643271446228
N 2.1849515438079834 -0.14117839932441711 -1.8326282501220703
C 0.944589376449585 0.01868324726819992 -2.408445119857788
C -1.372505784034729 -0.12683352828025818 -1.7054399251937866
C 0.5197769999504089 0.3461945652961731 -3.6913936138153076
C -1.7673624753952026 0.19543159008026123 -2.9726357460021973
C -0.827235996723175 0.43216508626937866 -3.9654641151428223
O -1.805999994277954 0.0010000000474974513 3.609999895095825
H 1.9210000038146973 0.49300000071525574 2.5179998874664307
H 1.6109999418258667 1.2369999885559082 1.1130000352859497
H -0.7400000095367432 1.0579999685287476 1.4789999723434448
H 0.8458627462387085 -1.5391494035720825 1.6881113052368164
H -0.7989748120307922 -1.3537241220474243 1.0345574617385864
H 2.861398220062256 -0.6536131501197815 0.1700901836156845
H 3.0308427810668945 -0.03692736104130745 -2.29398512840271
H -2.109984874725342 -0.30991023778915405 -0.9377203583717346
H 1.2440831661224365 0.5338649749755859 -4.4708757400512695
H -2.8197057247161865 0.26619675755500793 -3.2044153213500977
H -1.154211163520813 0.687431275844574 -4.962662220001221
H -2.115000009536743 -0.21699999272823334 4.5
