N 1.277999997138977 1.121000051498413 2.059000015258789
C -0.00800000037997961 0.4169999957084656 1.9700000286102295
C -0.49000000953674316 0.07599999755620956 3.3570001125335693
O 0.30799999833106995 -0.12999999523162842 4.239999771118164
C 0.16799995303153992 -0.8679998517036438 1.16100013256073
C -1.1406421661376953 -1.6132354736328125 1.1123855113983154
C -2.1024320125579834 -1.4783382415771484 0.1853904128074646
C -1.6013767719268799 -2.6272029876708984 2.0624544620513916
N -3.1442487239837646 -2.3196043968200684 0.46816110610961914
C -2.870194911956787 -3.0350470542907715 1.6121257543563843
C -1.0622596740722656 -3.186713218688965 3.222308874130249
C -3.5683796405792236 -4.002448558807373 2.326519250869751
C -1.765180230140686 -4.1361002922058105 3.907960891723633
C -3.0148723125457764 -4.545383453369141 3.4648518562316895
O -1.805999994277954 0.0010000000474974513 3.609999895095825
H 1.9210000038146973 0.49300000071525574 2.5179998874664307
H 1.6109999418258667 1.2369999885559082 1.1130000352859497
H -0.7400000095367432 1.0579999685287476 1.4789999723434448
H 0.48180994391441345 -0.6190407276153564 0.1474279910326004
H 0.9248746633529663 -1.494001865386963 1.6324001550674438
H -2.0612149238586426 -0.8064427971839905 -0.6580847501754761
H -3.953427314758301 -2.4005987644195557 -0.05902036651968956
H -0.08994770050048828 -2.873124361038208 3.573103904724121
H -4.542760372161865 -4.326603889465332 1.9904570579528809
H -1.3451563119888306 -4.572462558746338 4.8020100593566895
H -3.5597832202911377 -5.29605770111084 4.0180583000183105
H -2.115000009536743 -0.21699999272823334 4.5
