N 1.277999997138977 1.121000051498413 2.059000015258789
C -0.00800000037997961 0.4169999957084656 1.9700000286102295
C -0.49000000953674316 0.07599999755620956 3.3570001125335693
O 0.30799999833106995 -0.12999999523162842 4.239999771118164
C 0.1679999679327011 -0.8679999709129333 1.1610000133514404
C -0.6335796117782593 -0.7733746767044067 -0.11132065951824188
C -0.20766174793243408 -0.29034462571144104 -1.289383888244629
C -2.02193546295166 -1.1976654529571533 -0.2996891438961029
N -1.212678074836731 -0.3656059205532074 -2.2153146266937256
C -2.3374030590057373 -0.9140112400054932 -1.6409767866134644
C -2.987067222595215 -1.7601443529129028 0.5376275777816772
C -3.609401226043701 -1.2092832326889038 -2.119015693664551
C -4.229933261871338 -2.0427796840667725 0.04675733670592308
C -4.544243812561035 -1.76956045627594 -1.2769302129745483
O -1.805999994277954 0.0010000000474974513 3.609999895095825
H 1.9210000038146973 0.49300000071525574 2.5179998874664307
H 1.6109999418258667 1.2369999885559082 1.1130000352859497
H -0.7400000095367432 1.0579999685287476 1.4789999723434448
H 1.2216852903366089 -1.0022324323654175 0.9170437455177307
H -0.18047387897968292 -1.7176570892333984 1.747178077697754
H 0.7804743051528931 0.0997195616364479 -1.4791991710662842
H -1.1425608396530151 -0.07722912728786469 -3.1379051208496094
H -2.7494935989379883 -1.975706696510315 1.569071888923645
H -3.864271640777588 -0.998836874961853 -3.1476972103118896
H -4.97428035736084 -2.482957124710083 0.6935546398162842
H -5.53160285949707 -1.9971559047698975 -1.650828242301941
H -2.115000009536743 -0.21699999272823334 4.5
