N 1.277999997138977 1.121000051498413 2.059000015258789
C -0.00800000037997961 0.4169999957084656 1.9700000286102295
C -0.49000000953674316 0.07599999755620956 3.3570001125335693
O 0.30799999833106995 -0.12999999523162842 4.239999771118164
C 0.1679999828338623 -0.8679998517036438 1.16100013256073
C -0.03130168840289116 -2.0591328144073486 2.0619800090789795
C -1.1910080909729004 -2.689507484436035 2.3074710369110107
C 1.0038702487945557 -2.7534220218658447 2.829716444015503
N -0.9832620620727539 -3.7276313304901123 3.174771785736084
C 0.34910017251968384 -3.792539358139038 3.5156776905059814
C 2.378321647644043 -2.5707435607910156 2.992421865463257
C 1.0859044790267944 -4.633903980255127 4.342061996459961
C 3.082555055618286 -3.409533739089966 3.8085336685180664
C 2.4420313835144043 -4.439133644104004 4.483250141143799
O -1.805999994277954 0.0010000000474974513 3.609999895095825
H 1.9210000038146973 0.49300000071525574 2.5179998874664307
H 1.6109999418258667 1.2369999885559082 1.1130000352859497
H -0.7400000095367432 1.0579999685287476 1.4789999723434448
H -0.5668491721153259 -0.8943477869033813 0.3565821349620819
H 1.1714659929275513 -0.8969564437866211 0.7377113103866577
H -2.14603590965271 -2.418626546859741 1.8842238187789917
H -1.671148657798767 -4.328239440917969 3.499321937561035
H 2.8836607933044434 -1.7715202569961548 2.4702532291412354
H 0.5960401296615601 -5.4374589920043945 4.87287712097168
H 4.146657943725586 -3.271047353744507 3.9296252727508545
H 3.0115885734558105 -5.09375 5.126335620880127
H -2.115000009536743 -0.21699999272823334 4.5
