N 1.277999997138977 1.121000051498413 2.059000015258789
C -0.00800000037997961 0.4169999957084656 1.9700000286102295
C -0.49000000953674316 0.07599999755620956 3.3570001125335693
O 0.30799999833106995 -0.12999999523162842 4.239999771118164
C 0.1679999977350235 -0.8679999709129333 1.1610000133514404
C 0.6027630567550659 -0.5231318473815918 -0.23983216285705566
C 1.8663614988327026 -0.3933246433734894 -0.6746035218238831
C -0.2720479369163513 -0.2735944092273712 -1.3867734670639038
N 1.8714065551757812 -0.07516209036111832 -2.005699872970581
C 0.5784162878990173 0.008149967528879642 -2.4713761806488037
C -1.6564887762069702 -0.25391241908073425 -1.5653715133666992
C 0.025304941460490227 0.29329246282577515 -3.7149384021759033
C -2.1781344413757324 0.027861544862389565 -2.795835256576538
C -1.34321928024292 0.30135565996170044 -3.8699424266815186
O -1.805999994277954 0.0010000000474974513 3.609999895095825
H 1.9210000038146973 0.49300000071525574 2.5179998874664307
H 1.6109999418258667 1.2369999885559082 1.1130000352859497
H -0.7400000095367432 1.0579999685287476 1.4789999723434448
H 0.9258235692977905 -1.4933024644851685 1.632684350013733
H -0.7776882648468018 -1.4077539443969727 1.1250083446502686
H 2.7481255531311035 -0.5207272171974182 -0.06562605500221252
H 2.666517734527588 0.06859089434146881 -2.5408482551574707
H -2.312553644180298 -0.4659907817840576 -0.7338743805885315
H 0.6669818758964539 0.5090652108192444 -4.557034015655518
H -3.249030590057373 0.03750080615282059 -2.9345598220825195
H -1.7699739933013916 0.5238650441169739 -4.836817741394043
H -2.115000009536743 -0.21699999272823334 4.5
