N 1.277999997138977 1.121000051498413 2.059000015258789
C -0.00800000037997961 0.4169999957084656 1.9700000286102295
C -0.49000000953674316 0.07599999755620956 3.3570001125335693
O 0.30799999833106995 -0.12999999523162842 4.239999771118164
C 0.1680000126361847 -0.8679999709129333 1.1610000133514404
C 1.402585506439209 -0.7562774419784546 0.3044952154159546
C 2.6486077308654785 -1.1191471815109253 0.6484586596488953
C 1.4699121713638306 -0.23871064186096191 -1.0632143020629883
N 3.509343385696411 -0.8704620003700256 -0.38612332940101624
C 2.8200371265411377 -0.3291518986225128 -1.4479420185089111
C 0.528092622756958 0.2871147394180298 -1.9494673013687134
C 3.1974475383758545 0.09887779504060745 -2.7160263061523438
C 0.9208436012268066 0.7007860541343689 -3.190505027770996
C 2.2505691051483154 0.608808696269989 -3.5764572620391846
O -1.805999994277954 0.0010000000474974513 3.609999895095825
H 1.9210000038146973 0.49300000071525574 2.5179998874664307
H 1.6109999418258667 1.2369999885559082 1.1130000352859497
H -0.7400000095367432 1.0579999685287476 1.4789999723434448
H 0.2729507386684418 -1.7135794162750244 1.8405340909957886
H -0.703001081943512 -1.0193214416503906 0.5242781043052673
H 2.930786371231079 -1.5440171957015991 1.5994863510131836
H 4.461639881134033 -1.0499756336212158 -0.3736051917076111
H -0.5087792873382568 0.36159467697143555 -1.6559793949127197
H 4.230612277984619 0.032807607203722 -3.0252790451049805
H 0.19084401428699493 1.1023212671279907 -3.877546548843384
H 2.5467641353607178 0.9411341547966003 -4.560482501983643
H -2.115000009536743 -0.21699999272823334 4.5
