N 1.277999997138977 1.121000051498413 2.059000015258789
C -0.00800000037997961 0.4169999957084656 1.9700000286102295
C -0.49000000953674316 0.07599999755620956 3.3570001125335693
O 0.30799999833106995 -0.12999999523162842 4.239999771118164
C 0.1679999828338623 -0.8679998517036438 1.16100013256073
C 0.13974182307720184 -2.0536091327667236 2.0904171466827393
C -0.9452842473983765 -2.7523083686828613 2.4606802463531494
C 1.290884256362915 -2.6670422554016113 2.754953384399414
N -0.5829026699066162 -3.7598671913146973 3.3130738735198975
C 0.7786630392074585 -3.7337465286254883 3.515744686126709
C 2.659907102584839 -2.3942837715148926 2.7733960151672363
C 1.6492060422897339 -4.5119452476501465 4.270892143249512
C 3.49690318107605 -3.172168731689453 3.5216503143310547
C 2.997056007385254 -4.228662490844727 4.269689083099365
O -1.805999994277954 0.0010000000474974513 3.609999895095825
H 1.9210000038146973 0.49300000071525574 2.5179998874664307
H 1.6109999418258667 1.2369999885559082 1.1130000352859497
H -0.7400000095367432 1.0579999685287476 1.4789999723434448
H -0.6417704820632935 -0.9551108479499817 0.4367976486682892
H 1.122801661491394 -0.8402390480041504 0.6370354890823364
H -1.9541224241256714 -2.550269842147827 2.1350748538970947
H -1.1934571266174316 -4.397402286529541 3.713102340698242
H 3.056147575378418 -1.5736377239227295 2.1934654712677
H 1.2694908380508423 -5.335776329040527 4.857876777648926
H 4.556497573852539 -2.964020252227783 3.531111001968384
H 3.6707074642181396 -4.834367752075195 4.857730388641357
H -2.115000009536743 -0.21699999272823334 4.5
