N 1.277999997138977 1.121000051498413 2.059000015258789
C -0.00800000037997961 0.4169999957084656 1.9700000286102295
C -0.49000000953674316 0.07599999755620956 3.3570001125335693
O 0.30799999833106995 -0.12999999523162842 4.239999771118164
C 0.1679999977350235 -0.8679999709129333 1.1610000133514404
C 0.8773036599159241 -0.554186224937439 -0.1307789832353592
C 2.204230785369873 -0.5607418417930603 -0.3351769745349884
C 0.2502710521221161 -0.1918337494134903 -1.4030086994171143
N 2.477919101715088 -0.22626131772994995 -1.6337482929229736
C 1.3038095235824585 0.008144703693687916 -2.313556671142578
C -1.070740818977356 -0.01447500940412283 -1.818258285522461
C 1.0123980045318604 0.37116923928260803 -3.623891830444336
C -1.3340355157852173 0.34148749709129333 -3.1103568077087402
C -0.2984495162963867 0.5348632335662842 -4.013549327850342
O -1.805999994277954 0.0010000000474974513 3.609999895095825
H 1.9210000038146973 0.49300000071525574 2.5179998874664307
H 1.6109999418258667 1.2369999885559082 1.1130000352859497
H -0.7400000095367432 1.0579999685287476 1.4789999723434448
H 0.758933424949646 -1.5809890031814575 1.7356566190719604
H -0.8092079758644104 -1.2977240085601807 0.9433818459510803
H 2.945986747741699 -0.7948742508888245 0.41286906599998474
H 3.36564302444458 -0.16499309241771698 -2.0177314281463623
H -1.8819795846939087 -0.16343754529953003 -1.1207716464996338
H 1.8118242025375366 0.5255666971206665 -4.334181308746338
H -2.3563694953918457 0.4731372892856598 -3.4323158264160156
H -0.5217151045799255 0.817551851272583 -5.031742095947266
H -2.115000009536743 -0.21699999272823334 4.5
