N 1.277999997138977 1.121000051498413 2.059000015258789
C -0.00800000037997961 0.4169999957084656 1.9700000286102295
C -0.49000000953674316 0.07599999755620956 3.3570001125335693
O 0.30799999833106995 -0.12999999523162842 4.239999771118164
C 0.1679999977350235 -0.8679998517036438 1.16100013256073
C 1.0048718452453613 -1.8443633317947388 1.946266531944275
C 0.5543631315231323 -2.7674009799957275 2.8109054565429688
C 2.4626591205596924 -1.971777081489563 1.9055298566818237
N 1.6060558557510376 -3.471662759780884 3.3315088748931885
C 2.788301467895508 -3.007760763168335 2.7998046875
C 3.4765777587890625 -1.3028454780578613 1.2174453735351562
C 4.1216607093811035 -3.3597137928009033 2.9785988330841064
C 4.779547214508057 -1.6656296253204346 1.4077348709106445
C 5.105358600616455 -2.6903319358825684 2.2849011421203613
O -1.805999994277954 0.0010000000474974513 3.609999895095825
H 1.9210000038146973 0.49300000071525574 2.5179998874664307
H 1.6109999418258667 1.2369999885559082 1.1130000352859497
H -0.7400000095367432 1.0579999685287476 1.4789999723434448
H -0.8089197278022766 -1.3071547746658325 0.9596136808395386
H 0.6650587320327759 -0.6396267414093018 0.21880358457565308
H -0.4830402135848999 -2.93068265914917 3.0593528747558594
H 1.5297635793685913 -4.190547466278076 3.9769814014434814
H 3.2304439544677734 -0.5043307542800903 0.5329175591468811
H 4.385595321655273 -4.155163288116455 3.6605305671691895
H 5.562923431396484 -1.1514414548873901 0.8709962368011475
H 6.140157699584961 -2.965402841567993 2.426337718963623
H -2.115000009536743 -0.21699999272823334 4.5
