N 1.277999997138977 1.121000051498413 2.059000015258789
C -0.00800000037997961 0.4169999957084656 1.9700000286102295
C -0.49000000953674316 0.07599999755620956 3.3570001125335693
O 0.30799999833106995 -0.12999999523162842 4.239999771118164
C 0.1679999977350235 -0.8679998517036438 1.16100013256073
C 1.2496347427368164 -1.7101749181747437 1.7863729000091553
C 1.0848513841629028 -2.646535873413086 2.734334707260132
C 2.6783995628356934 -1.668213963508606 1.4702908992767334
N 2.29317045211792 -3.2034854888916016 3.0550248622894287
C 3.2894227504730225 -2.625089168548584 2.300997018814087
C 3.456336736679077 -0.9117850661277771 0.5918890833854675
C 4.665365695953369 -2.8122951984405518 2.227374315261841
C 4.806130886077881 -1.1128544807434082 0.5355007648468018
C 5.412739276885986 -2.0591518878936768 1.3492181301116943
O -1.805999994277954 0.0010000000474974513 3.609999895095825
H 1.9210000038146973 0.49300000071525574 2.5179998874664307
H 1.6109999418258667 1.2369999885559082 1.1130000352859497
H -0.7400000095367432 1.0579999685287476 1.4789999723434448
H -0.7686092257499695 -1.4252461194992065 1.1559573411941528
H 0.44803541898727417 -0.6185473203659058 0.13810738921165466
H 0.1401216685771942 -2.9202537536621094 3.178358316421509
H 2.4272263050079346 -3.9017810821533203 3.7135558128356934
H 2.991007089614868 -0.17350079119205475 -0.04465655982494354
H 5.147186756134033 -3.5455594062805176 2.857933282852173
H 5.406545639038086 -0.5312347412109375 -0.14814867079257965
H 6.481322765350342 -2.2062506675720215 1.294736385345459
H -2.115000009536743 -0.21699999272823334 4.5
