N 1.277999997138977 1.121000051498413 2.059000015258789
C -0.00800000037997961 0.4169999957084656 1.9700000286102295
C -0.49000000953674316 0.07599999755620956 3.3570001125335693
O 0.30799999833106995 -0.12999999523162842 4.239999771118164
C 0.16799995303153992 -0.8679998517036438 1.16100013256073
C -1.037278652191162 -1.7513222694396973 1.3542068004608154
C -2.154240608215332 -1.7522879838943481 0.6092559099197388
C -1.209578514099121 -2.7765324115753174 2.384883403778076
N -3.030200481414795 -2.691075325012207 1.0830097198486328
C -2.483405113220215 -3.333850145339966 2.1708858013153076
C -0.41816723346710205 -3.235234022140503 3.439502716064453
C -2.9341342449188232 -4.346351623535156 3.010749101638794
C -0.8805351257324219 -4.231314659118652 4.251654624938965
C -2.134234666824341 -4.787755012512207 4.041415691375732
O -1.805999994277954 0.0010000000474974513 3.609999895095825
H 1.9210000038146973 0.49300000071525574 2.5179998874664307
H 1.6109999418258667 1.2369999885559082 1.1130000352859497
H -0.7400000095367432 1.0579999685287476 1.4789999723434448
H 0.27132415771484375 -0.6208874583244324 0.10456962138414383
H 1.0605218410491943 -1.3924403190612793 1.5005922317504883
H -2.3355610370635986 -1.1086429357528687 -0.2377605140209198
H -3.9042844772338867 -2.8766214847564697 0.707775890827179
H 0.5588539242744446 -2.8069167137145996 3.6090893745422363
H -3.9094390869140625 -4.784894943237305 2.8561782836914062
H -0.2655624747276306 -4.5894575119018555 5.063872814178467
H -2.487257480621338 -5.573802947998047 4.692553997039795
H -2.115000009536743 -0.21699999272823334 4.5
