N 1.277999997138977 1.121000051498413 2.059000015258789
C -0.00800000037997961 0.4169999957084656 1.9700000286102295
C -0.49000000953674316 0.07599999755620956 3.3570001125335693
O 0.30799999833106995 -0.12999999523162842 4.239999771118164
C 0.1679999828338623 -0.8679999709129333 1.1610000133514404
C -0.07989327609539032 -0.5805458426475525 -0.29715046286582947
C 0.835554301738739 -0.20169822871685028 -1.2032339572906494
C -1.3629506826400757 -0.6687455773353577 -0.9964516162872314
N 0.24153746664524078 -0.03453153371810913 -2.424818754196167
C -1.104212999343872 -0.31011077761650085 -2.3319170475006104
C -2.6618106365203857 -0.9969885945320129 -0.6037939190864563
C -2.1494195461273193 -0.2978970408439636 -3.249021291732788
C -3.673234701156616 -0.9791761040687561 -1.5215388536453247
C -3.422039747238159 -0.6310816407203674 -2.841129779815674
O -1.805999994277954 0.0010000000474974513 3.609999895095825
H 1.9210000038146973 0.49300000071525574 2.5179998874664307
H 1.6109999418258667 1.2369999885559082 1.1130000352859497
H -0.7400000095367432 1.0579999685287476 1.4789999723434448
H 1.1835278272628784 -1.2420681715011597 1.2896931171417236
H -0.5421853065490723 -1.617292881011963 1.5090702772140503
H 1.884561538696289 -0.051001984626054764 -0.999599039554596
H 0.7000876069068909 0.23603694140911102 -3.2346181869506836
H -2.864783763885498 -1.2691129446029663 0.42165040969848633
H -1.9642395973205566 -0.02674182318150997 -4.278397560119629
H -4.676703929901123 -1.2385339736938477 -1.218324899673462
H -4.231991291046143 -0.6200227737426758 -3.5555062294006348
H -2.115000009536743 -0.21699999272823334 4.5
