N 1.277999997138977 1.121000051498413 2.059000015258789
C -0.00800000037997961 0.4169999957084656 1.9700000286102295
C -0.49000000953674316 0.07599999755620956 3.3570001125335693
O 0.30799999833106995 -0.12999999523162842 4.239999771118164
C 0.1680000126361847 -0.8679999113082886 1.1610000133514404
C 1.6177423000335693 -1.0280306339263916 0.782950758934021
C 2.5629756450653076 -1.663219928741455 1.4940240383148193
C 2.261249542236328 -0.5272017121315002 -0.43282315135002136
N 3.760922431945801 -1.6046686172485352 0.8348079919815063
C 3.611056327819824 -0.9140544533729553 -0.3468058109283447
C 1.8162550926208496 0.20332016050815582 -1.5361266136169434
C 4.485082149505615 -0.5706685185432434 -1.372403621673584
C 2.6919519901275635 0.5290549993515015 -2.532421588897705
C 4.02320671081543 0.1452772170305252 -2.4545507431030273
O -1.805999994277954 0.0010000000474974513 3.609999895095825
H 1.9210000038146973 0.49300000071525574 2.5179998874664307
H 1.6109999418258667 1.2369999885559082 1.1130000352859497
H -0.7400000095367432 1.0579999685287476 1.4789999723434448
H -0.14686769247055054 -1.7212903499603271 1.7614494562149048
H -0.4389462172985077 -0.8153765797615051 0.2577819228172302
H 2.4030003547668457 -2.1483752727508545 2.4446158409118652
H 4.590494155883789 -1.9926936626434326 1.1518223285675049
H 0.781352698802948 0.5053279995918274 -1.6036111116409302
H 5.523807048797607 -0.863519012928009 -1.3202332258224487
H 2.345830202102661 1.0894031524658203 -3.3882052898406982
H 4.704524993896484 0.4111711382865906 -3.2492728233337402
H -2.115000009536743 -0.21699999272823334 4.5
