N -0.9660000205039978 0.49300000071525574 1.5
C 0.25699999928474426 0.4180000126361847 0.6919999718666077
C -0.09399999678134918 0.017000000923871994 -0.7160000205039978
O -1.055999994277954 -0.6819999814033508 -0.9229999780654907
C 1.2040003538131714 -0.6200001835823059 1.2960001230239868
O 0.6610000133514404 0.4390000104904175 -1.7419999837875366
H -1.3830000162124634 -0.42500001192092896 1.4819999933242798
H -0.6759999990463257 0.6610000133514404 2.4519999027252197
H 0.7459999918937683 1.3919999599456787 0.6819999814033508
H 0.715777575969696 -1.59521484375 1.3069593906402588
H 2.1119465827941895 -0.6752957105636597 0.695588231086731
H 1.4590829610824585 -0.3307701051235199 2.3155572414398193
H 0.4350000023841858 0.18199999630451202 -2.6470000743865967
