N -0.9660000205039978 0.49300000071525574 1.5
C 0.25699999928474426 0.4180000126361847 0.6919999718666077
C -0.09399999678134918 0.017000000923871994 -0.7160000205039978
O -1.055999994277954 -0.6819999814033508 -0.9229999780654907
C 1.2039999961853027 -0.6200000047683716 1.2960000038146973
O 0.6610000133514404 0.4390000104904175 -1.7419999837875366
H -1.3830000162124634 -0.42500001192092896 1.4819999933242798
H -0.6759999990463257 0.6610000133514404 2.4519999027252197
H 0.7459999918937683 1.3919999599456787 0.6819999814033508
H 1.680234432220459 -0.20447273552417755 2.1848549842834473
H 0.6386725306510925 -1.5106943845748901 1.5698368549346924
H 1.9683716297149658 -0.8845924735069275 0.5652848482131958
H 0.4350000023841858 0.18199999630451202 -2.6470000743865967
