N -0.9660000205039978 0.49300000071525574 1.5
C 0.25699999928474426 0.4180000126361847 0.6919999718666077
C -0.09399999678134918 0.017000000923871994 -0.7160000205039978
O -1.055999994277954 -0.6819999814033508 -0.9229999780654907
C 1.2040001153945923 -0.6200000643730164 1.2960000038146973
O 0.6610000133514404 0.4390000104904175 -1.7419999837875366
H -1.3830000162124634 -0.42500001192092896 1.4819999933242798
H -0.6759999990463257 0.6610000133514404 2.4519999027252197
H 0.7459999918937683 1.3919999599456787 0.6819999814033508
H 0.7171868085861206 -1.108728051185608 2.1407976150512695
H 1.4547545909881592 -1.36488676071167 0.5408944487571716
H 2.1144394874572754 -0.12739229202270508 1.6375494003295898
H 0.4350000023841858 0.18199999630451202 -2.6470000743865967
