N -0.9660000205039978 0.49300000071525574 1.5
C 0.25699999928474426 0.4180000126361847 0.6919999718666077
C -0.09399999678134918 0.017000000923871994 -0.7160000205039978
O -1.055999994277954 -0.6819999814033508 -0.9229999780654907
C 1.2040003538131714 -0.6200002431869507 1.2960002422332764
O 0.6610000133514404 0.4390000104904175 -1.7419999837875366
H -1.3830000162124634 -0.42500001192092896 1.4819999933242798
H -0.6759999990463257 0.6610000133514404 2.4519999027252197
H 0.7459999918937683 1.3919999599456787 0.6819999814033508
H 1.3294440507888794 -1.4481775760650635 0.5974937081336975
H 2.172210693359375 -0.15839669108390808 1.4894145727157593
H 0.7861026525497437 -0.9941519498825073 2.2306604385375977
H 0.4350000023841858 0.18199999630451202 -2.6470000743865967
