N -0.31700000166893005 1.687999963760376 0.06599999964237213
C -0.4699999988079071 0.28600001335144043 -0.3440000116825104
C -1.8680000305175781 -0.18000000715255737 -0.028999999165534973
O -2.5339999198913574 0.41499999165534973 0.7860000133514404
C 0.5389997959136963 -0.5799998044967651 0.41299986839294434
C -0.19076961278915405 -1.6758373975753784 1.147359013557434
O -1.3939101696014404 -1.7542593479156494 1.073093056678772
O 0.4958484172821045 -2.562326431274414 1.8837628364562988
O -2.374000072479248 -1.25600004196167 -0.6520000100135803
H -0.9279999732971191 2.2890000343322754 -0.46700000762939453
H -0.4779999852180481 1.7949999570846558 1.055999994277954
H -0.2919999957084656 0.19900000095367432 -1.4160000085830688
H 1.2409182786941528 -1.0221701860427856 -0.2936859726905823
H 1.0832438468933105 0.03687182068824768 1.128206729888916
H -0.014957337640225887 -3.2465970516204834 2.336299419403076
H -3.2750000953674316 -1.5169999599456787 -0.41600000858306885
