N -0.31700000166893005 1.687999963760376 0.06599999964237213
C -0.4699999988079071 0.28600001335144043 -0.3440000116825104
C -1.8680000305175781 -0.18000000715255737 -0.028999999165534973
O -2.5339999198913574 0.41499999165534973 0.7860000133514404
C 0.5389999151229858 -0.5799999237060547 0.4129999279975891
C 1.5880025625228882 0.302753746509552 1.0399340391159058
O 1.533743977546692 1.5007182359695435 0.8945037126541138
O 2.5816333293914795 -0.24231137335300446 1.757708191871643
O -2.374000072479248 -1.25600004196167 -0.6520000100135803
H -0.9279999732971191 2.2890000343322754 -0.46700000762939453
H -0.4779999852180481 1.7949999570846558 1.055999994277954
H -0.2919999957084656 0.19900000095367432 -1.4160000085830688
H 0.0239590834826231 -1.140883207321167 1.1925843954086304
H 1.01480233669281 -1.2739042043685913 -0.28008151054382324
H 3.2305185794830322 0.3632464110851288 2.1400511264801025
H -3.2750000953674316 -1.5169999599456787 -0.41600000858306885
