N -0.31700000166893005 1.687999963760376 0.06599999964237213
C -0.4699999988079071 0.28600001335144043 -0.3440000116825104
C -1.8680000305175781 -0.18000000715255737 -0.028999999165534973
O -2.5339999198913574 0.41499999165534973 0.7860000133514404
C 0.5389998555183411 -0.5799998044967651 0.41299986839294434
C 0.24519449472427368 -0.5184022188186646 1.8903594017028809
O -0.6757574677467346 0.1504908949136734 2.294886589050293
O 1.0070891380310059 -1.2051327228546143 2.7549490928649902
O -2.374000072479248 -1.25600004196167 -0.6520000100135803
H -0.9279999732971191 2.2890000343322754 -0.46700000762939453
H -0.4779999852180481 1.7949999570846558 1.055999994277954
H -0.2919999957084656 0.19900000095367432 -1.4160000085830688
H 0.46163296699523926 -1.6116936206817627 0.07060939073562622
H 1.5473666191101074 -0.20995615422725677 0.22721222043037415
H 0.7805684804916382 -1.1348226070404053 3.6917965412139893
H -3.2750000953674316 -1.5169999599456787 -0.41600000858306885
