N -0.31700000166893005 1.687999963760376 0.06599999964237213
C -0.4699999988079071 0.28600001335144043 -0.3440000116825104
C -1.8680000305175781 -0.18000000715255737 -0.028999999165534973
O -2.5339999198913574 0.41499999165534973 0.7860000133514404
C 0.5389997959136963 -0.5799998044967651 0.41299986839294434
C -0.15267914533615112 -1.8102980852127075 0.9427669048309326
O -1.3313770294189453 -1.9756327867507935 0.7364941835403442
O 0.5405053496360779 -2.7199981212615967 1.6438652276992798
O -2.374000072479248 -1.25600004196167 -0.6520000100135803
H -0.9279999732971191 2.2890000343322754 -0.46700000762939453
H -0.4779999852180481 1.7949999570846558 1.055999994277954
H -0.2919999957084656 0.19900000095367432 -1.4160000085830688
H 1.3413398265838623 -0.8773502707481384 -0.26186472177505493
H 0.9553284049034119 -0.010769016109406948 1.2442036867141724
H 0.054519057273864746 -3.4919378757476807 1.9630275964736938
H -3.2750000953674316 -1.5169999599456787 -0.41600000858306885
