N -0.31700000166893005 1.687999963760376 0.06599999964237213
C -0.4699999988079071 0.28600001335144043 -0.3440000116825104
C -1.8680000305175781 -0.18000000715255737 -0.028999999165534973
O -2.5339999198913574 0.41499999165534973 0.7860000133514404
C 0.5389999151229858 -0.5799999237060547 0.4129999577999115
C 1.3850288391113281 -1.3440728187561035 -0.5734758973121643
O 1.1983919143676758 -1.2098584175109863 -1.7593790292739868
O 2.3435633182525635 -2.1733815670013428 -0.13409370183944702
O -2.374000072479248 -1.25600004196167 -0.6520000100135803
H -0.9279999732971191 2.2890000343322754 -0.46700000762939453
H -0.4779999852180481 1.7949999570846558 1.055999994277954
H -0.2919999957084656 0.19900000095367432 -1.4160000085830688
H 1.1792618036270142 0.05690162628889084 1.0229426622390747
H 0.006429158616811037 -1.281618595123291 1.0551468133926392
H 2.8600046634674072 -2.6414992809295654 -0.8034907579421997
H -3.2750000953674316 -1.5169999599456787 -0.41600000858306885
