N -0.31700000166893005 1.687999963760376 0.06599999964237213
C -0.4699999988079071 0.28600001335144043 -0.3440000116825104
C -1.8680000305175781 -0.18000000715255737 -0.028999999165534973
O -2.5339999198913574 0.41499999165534973 0.7860000133514404
C 0.5389998555183411 -0.5799998044967651 0.41299986839294434
C 0.17203973233699799 -0.6172986030578613 1.8747303485870361
O -0.7961775660514832 -0.012220529839396477 2.2692534923553467
O 0.9213072657585144 -1.3210954666137695 2.7366271018981934
O -2.374000072479248 -1.25600004196167 -0.6520000100135803
H -0.9279999732971191 2.2890000343322754 -0.46700000762939453
H -0.4779999852180481 1.7949999570846558 1.055999994277954
H -0.2919999957084656 0.19900000095367432 -1.4160000085830688
H 0.5242165327072144 -1.5922077894210815 0.009483673609793186
H 1.537650227546692 -0.157988041639328 0.2996140420436859
H 0.6470911502838135 -1.3152567148208618 3.66329288482666
H -3.2750000953674316 -1.5169999599456787 -0.41600000858306885
