N -0.31700000166893005 1.687999963760376 0.06599999964237213
C -0.4699999988079071 0.28600001335144043 -0.3440000116825104
C -1.8680000305175781 -0.18000000715255737 -0.028999999165534973
O -2.5339999198913574 0.41499999165534973 0.7860000133514404
C 0.5389999151229858 -0.5799999237060547 0.4129999577999115
C 1.2497025728225708 -1.4881945848464966 -0.5579743385314941
O 0.9756662845611572 -1.4469467401504517 -1.7337360382080078
O 2.184880256652832 -2.3423726558685303 -0.11591017246246338
O -2.374000072479248 -1.25600004196167 -0.6520000100135803
H -0.9279999732971191 2.2890000343322754 -0.46700000762939453
H -0.4779999852180481 1.7949999570846558 1.055999994277954
H -0.2919999957084656 0.19900000095367432 -1.4160000085830688
H 1.2672638893127441 0.0605943389236927 0.9098696708679199
H 0.016217239201068878 -1.181187629699707 1.1569921970367432
H 2.6130945682525635 -2.9044415950775146 -0.7751894593238831
H -3.2750000953674316 -1.5169999599456787 -0.41600000858306885
