N -0.31700000166893005 1.687999963760376 0.06599999964237213
C -0.4699999988079071 0.28600001335144043 -0.3440000116825104
C -1.8680000305175781 -0.18000000715255737 -0.028999999165534973
O -2.5339999198913574 0.41499999165534973 0.7860000133514404
C 0.5389999151229858 -0.5799999237060547 0.4129999279975891
C 1.5013277530670166 0.3073948919773102 1.1607717275619507
O 1.3911782503128052 1.5084518194198608 1.0933756828308105
O 2.4800031185150146 -0.23686449229717255 1.8994016647338867
O -2.374000072479248 -1.25600004196167 -0.6520000100135803
H -0.9279999732971191 2.2890000343322754 -0.46700000762939453
H -0.4779999852180481 1.7949999570846558 1.055999994277954
H -0.2919999957084656 0.19900000095367432 -1.4160000085830688
H 0.010978278703987598 -1.2193111181259155 1.1201655864715576
H 1.0903992652893066 -1.1988487243652344 -0.29498153924942017
H 3.0723876953125 0.37172746658325195 2.360524892807007
H -3.2750000953674316 -1.5169999599456787 -0.41600000858306885
