N -0.31700000166893005 1.687999963760376 0.06599999964237213
C -0.4699999988079071 0.28600001335144043 -0.3440000116825104
C -1.8680000305175781 -0.18000000715255737 -0.028999999165534973
O -2.5339999198913574 0.41499999165534973 0.7860000133514404
C 0.5389999747276306 -0.5799999833106995 0.4129999279975891
C 1.806612491607666 0.20480269193649292 0.6364954710006714
O 1.8932433128356934 1.3392467498779297 0.23060785233974457
O 2.8379597663879395 -0.3571813106536865 1.2846428155899048
O -2.374000072479248 -1.25600004196167 -0.6520000100135803
H -0.9279999732971191 2.2890000343322754 -0.46700000762939453
H -0.4779999852180481 1.7949999570846558 1.055999994277954
H -0.2919999957084656 0.19900000095367432 -1.4160000085830688
H 0.11838780343532562 -0.8712005019187927 1.3752351999282837
H 0.7624596953392029 -1.4727535247802734 -0.17121724784374237
H 3.629343032836914 0.18449372053146362 1.403969645500183
H -3.2750000953674316 -1.5169999599456787 -0.41600000858306885
