N -0.31700000166893005 1.687999963760376 0.06599999964237213
C -0.4699999988079071 0.28600001335144043 -0.3440000116825104
C -1.8680000305175781 -0.18000000715255737 -0.028999999165534973
O -2.5339999198913574 0.41499999165534973 0.7860000133514404
C 0.5389998555183411 -0.5799998641014099 0.4129998981952667
C 0.4322393536567688 -2.0068624019622803 -0.06173408403992653
O -0.3694320321083069 -2.29982590675354 -0.9165487885475159
O 1.2263418436050415 -2.9505224227905273 0.4660016894340515
O -2.374000072479248 -1.25600004196167 -0.6520000100135803
H -0.9279999732971191 2.2890000343322754 -0.46700000762939453
H -0.4779999852180481 1.7949999570846558 1.055999994277954
H -0.2919999957084656 0.19900000095367432 -1.4160000085830688
H 1.5471339225769043 -0.21037831902503967 0.2268427312374115
H 0.3270038068294525 -0.5355641841888428 1.4813332557678223
H 1.121632695198059 -3.8506734371185303 0.13029001653194427
H -3.2750000953674316 -1.5169999599456787 -0.41600000858306885
