N -0.31700000166893005 1.687999963760376 0.06599999964237213
C -0.4699999988079071 0.28600001335144043 -0.3440000116825104
C -1.8680000305175781 -0.18000000715255737 -0.028999999165534973
O -2.5339999198913574 0.41499999165534973 0.7860000133514404
C 0.5389998555183411 -0.5799998044967651 0.4129998981952667
C 0.2543172240257263 -2.035527229309082 0.14262475073337555
O -0.6621188521385193 -2.3468174934387207 -0.5801865458488464
O 1.0177181959152222 -2.9841253757476807 0.7056330442428589
O -2.374000072479248 -1.25600004196167 -0.6520000100135803
H -0.9279999732971191 2.2890000343322754 -0.46700000762939453
H -0.4779999852180481 1.7949999570846558 1.055999994277954
H -0.2919999957084656 0.19900000095367432 -1.4160000085830688
H 1.5478050708770752 -0.3395443260669708 0.07818354666233063
H 0.4548749029636383 -0.3857210874557495 1.4823135137557983
H 0.7970241904258728 -3.9029483795166016 0.5031564235687256
H -3.2750000953674316 -1.5169999599456787 -0.41600000858306885
