N -0.31700000166893005 1.687999963760376 0.06599999964237213
C -0.4699999988079071 0.28600001335144043 -0.3440000116825104
C -1.8680000305175781 -0.18000000715255737 -0.028999999165534973
O -2.5339999198913574 0.41499999165534973 0.7860000133514404
C 0.5389997959136963 -0.5799998044967651 0.41299986839294434
C -0.10741517692804337 -1.887527346611023 0.7940855026245117
O -1.2569926977157593 -2.102806806564331 0.49186214804649353
O 0.5935760736465454 -2.8105602264404297 1.469525694847107
O -2.374000072479248 -1.25600004196167 -0.6520000100135803
H -0.9279999732971191 2.2890000343322754 -0.46700000762939453
H -0.4779999852180481 1.7949999570846558 1.055999994277954
H -0.2919999957084656 0.19900000095367432 -1.4160000085830688
H 1.4016249179840088 -0.7740535736083984 -0.22404801845550537
H 0.8623567819595337 -0.05824466049671173 1.313813328742981
H 0.1370900571346283 -3.6328558921813965 1.691760540008545
H -3.2750000953674316 -1.5169999599456787 -0.41600000858306885
