N -0.31700000166893005 1.687999963760376 0.06599999964237213
C -0.4699999988079071 0.28600001335144043 -0.3440000116825104
C -1.8680000305175781 -0.18000000715255737 -0.028999999165534973
O -2.5339999198913574 0.41499999165534973 0.7860000133514404
C 0.5389998555183411 -0.5799998641014099 0.4129999279975891
C 0.6994189620018005 -1.9005745649337769 -0.29626375436782837
O 0.07014281302690506 -2.1251578330993652 -1.302636742591858
O 1.5396276712417603 -2.8259029388427734 0.1909887194633484
O -2.374000072479248 -1.25600004196167 -0.6520000100135803
H -0.9279999732971191 2.2890000343322754 -0.46700000762939453
H -0.4779999852180481 1.7949999570846558 1.055999994277954
H -0.2919999957084656 0.19900000095367432 -1.4160000085830688
H 1.5008903741836548 -0.0691177099943161 0.4500811994075775
H 0.1802085041999817 -0.7535785436630249 1.4275895357131958
H 1.609094262123108 -3.6567821502685547 -0.29763421416282654
H -3.2750000953674316 -1.5169999599456787 -0.41600000858306885
