N -0.31700000166893005 1.687999963760376 0.06599999964237213
C -0.4699999988079071 0.28600001335144043 -0.3440000116825104
C -1.8680000305175781 -0.18000000715255737 -0.028999999165534973
O -2.5339999198913574 0.41499999165534973 0.7860000133514404
C 0.5389998555183411 -0.5799998641014099 0.4129999279975891
C 0.6444494724273682 -1.9277870655059814 -0.25412604212760925
O -0.02030005492269993 -2.1698920726776123 -1.2332613468170166
O 1.4751720428466797 -2.85780930519104 0.24040038883686066
O -2.374000072479248 -1.25600004196167 -0.6520000100135803
H -0.9279999732971191 2.2890000343322754 -0.46700000762939453
H -0.4779999852180481 1.7949999570846558 1.055999994277954
H -0.2919999957084656 0.19900000095367432 -1.4160000085830688
H 1.5142275094985962 -0.09372654557228088 0.4041520059108734
H 0.20658813416957855 -0.7093158960342407 1.4430643320083618
H 1.508803367614746 -3.706425189971924 -0.22074846923351288
H -3.2750000953674316 -1.5169999599456787 -0.41600000858306885
