N -0.31700000166893005 1.687999963760376 0.06599999964237213
C -0.4699999988079071 0.28600001335144043 -0.3440000116825104
C -1.8680000305175781 -0.18000000715255737 -0.028999999165534973
O -2.5339999198913574 0.41499999165534973 0.7860000133514404
C 0.5389999747276306 -0.5799999833106995 0.4129999577999115
C 1.9385530948638916 -0.1783149391412735 0.02235029637813568
O 2.109924793243408 0.7084642052650452 -0.7798139452934265
O 2.9926493167877197 -0.8064349889755249 0.5645166635513306
O -2.374000072479248 -1.25600004196167 -0.6520000100135803
H -0.9279999732971191 2.2890000343322754 -0.46700000762939453
H -0.4779999852180481 1.7949999570846558 1.055999994277954
H -0.2919999957084656 0.19900000095367432 -1.4160000085830688
H 0.407127320766449 -0.43842875957489014 1.4854626655578613
H 0.37847012281417847 -1.6286289691925049 0.16228000819683075
H 3.8700108528137207 -0.5145567655563354 0.28347891569137573
H -3.2750000953674316 -1.5169999599456787 -0.41600000858306885
