N -0.31700000166893005 1.687999963760376 0.06599999964237213
C -0.4699999988079071 0.28600001335144043 -0.3440000116825104
C -1.8680000305175781 -0.18000000715255737 -0.028999999165534973
O -2.5339999198913574 0.41499999165534973 0.7860000133514404
C 0.5389997959136963 -0.5799998044967651 0.4129998981952667
C -0.027922306209802628 -1.9642729759216309 0.6003338694572449
O -1.1263054609298706 -2.229221820831299 0.1730526089668274
O 0.6867818832397461 -2.900556802749634 1.2423369884490967
O -2.374000072479248 -1.25600004196167 -0.6520000100135803
H -0.9279999732971191 2.2890000343322754 -0.46700000762939453
H -0.4779999852180481 1.7949999570846558 1.055999994277954
H -0.2919999957084656 0.19900000095367432 -1.4160000085830688
H 1.4653793573379517 -0.6417152285575867 -0.15763221681118011
H 0.741187572479248 -0.13510414958000183 1.387392520904541
H 0.2821090817451477 -3.7728967666625977 1.3382606506347656
H -3.2750000953674316 -1.5169999599456787 -0.41600000858306885
