N -0.31700000166893005 1.687999963760376 0.06599999964237213
C -0.4699999988079071 0.28600001335144043 -0.3440000116825104
C -1.8680000305175781 -0.18000000715255737 -0.028999999165534973
O -2.5339999198913574 0.41499999165534973 0.7860000133514404
C 0.5389998555183411 -0.5799998044967651 0.4129998981952667
C 0.22421978414058685 -2.036120891571045 0.18206237256526947
O -0.7116261124610901 -2.347761869430542 -0.5152790546417236
O 0.9824274778366089 -2.9848196506500244 0.7518773674964905
O -2.374000072479248 -1.25600004196167 -0.6520000100135803
H -0.9279999732971191 2.2890000343322754 -0.46700000762939453
H -0.4779999852180481 1.7949999570846558 1.055999994277954
H -0.2919999957084656 0.19900000095367432 -1.4160000085830688
H 1.544874906539917 -0.3649403750896454 0.05303638055920601
H 0.4795486629009247 -0.3599025309085846 1.4789621829986572
H 0.7421136498451233 -3.904026746749878 0.5751124024391174
H -3.2750000953674316 -1.5169999599456787 -0.41600000858306885
