N -0.31700000166893005 1.687999963760376 0.06599999964237213
C -0.4699999988079071 0.28600001335144043 -0.3440000116825104
C -1.8680000305175781 -0.18000000715255737 -0.028999999165534973
O -2.5339999198913574 0.41499999165534973 0.7860000133514404
C 0.5389998555183411 -0.5799998044967651 0.41299986839294434
C -0.03394312411546707 -0.9630014300346375 1.753803014755249
O -1.135306715965271 -0.581049382686615 2.070542097091675
O 0.6797669529914856 -1.7264580726623535 2.594843864440918
O -2.374000072479248 -1.25600004196167 -0.6520000100135803
H -0.9279999732971191 2.2890000343322754 -0.46700000762939453
H -0.4779999852180481 1.7949999570846558 1.055999994277954
H -0.2919999957084656 0.19900000095367432 -1.4160000085830688
H 0.748528003692627 -1.4813077449798584 -0.16263100504875183
H 1.4622098207473755 -0.019102880731225014 0.5590512156486511
H 0.2712486684322357 -1.9459903240203857 3.4426980018615723
H -3.2750000953674316 -1.5169999599456787 -0.41600000858306885
