N -0.31700000166893005 1.687999963760376 0.06599999964237213
C -0.4699999988079071 0.28600001335144043 -0.3440000116825104
C -1.8680000305175781 -0.18000000715255737 -0.028999999165534973
O -2.5339999198913574 0.41499999165534973 0.7860000133514404
C 0.5389998555183411 -0.5799998044967651 0.41299986839294434
C 0.05410037934780121 -0.7995343208312988 1.8234550952911377
O -0.990338146686554 -0.312065988779068 2.1850287914276123
O 0.7830095291137695 -1.5347800254821777 2.6765100955963135
O -2.374000072479248 -1.25600004196167 -0.6520000100135803
H -0.9279999732971191 2.2890000343322754 -0.46700000762939453
H -0.4779999852180481 1.7949999570846558 1.055999994277954
H -0.2919999957084656 0.19900000095367432 -1.4160000085830688
H 0.6414183974266052 -1.5417959690093994 -0.08906331658363342
H 1.505684494972229 -0.0767286941409111 0.4351808428764343
H 0.4318974018096924 -1.6477437019348145 3.569761276245117
H -3.2750000953674316 -1.5169999599456787 -0.41600000858306885
