N -0.31700000166893005 1.687999963760376 0.06599999964237213
C -0.4699999988079071 0.28600001335144043 -0.3440000116825104
C -1.8680000305175781 -0.18000000715255737 -0.028999999165534973
O -2.5339999198913574 0.41499999165534973 0.7860000133514404
C 0.5389999151229858 -0.5799999833106995 0.4129999577999115
C 1.5962642431259155 -1.0711814165115356 -0.5428451895713806
O 1.546095371246338 -0.7608880996704102 -1.7092130184173584
O 2.591259241104126 -1.8533984422683716 -0.09818845987319946
O -2.374000072479248 -1.25600004196167 -0.6520000100135803
H -0.9279999732971191 2.2890000343322754 -0.46700000762939453
H -0.4779999852180481 1.7949999570846558 1.055999994277954
H -0.2919999957084656 0.19900000095367432 -1.4160000085830688
H 1.0076156854629517 0.011197601445019245 1.1994436979293823
H 0.025422658771276474 -1.4330799579620361 0.8565603494644165
H 3.2454211711883545 -2.1436169147491455 -0.7476373314857483
H -3.2750000953674316 -1.5169999599456787 -0.41600000858306885
