N -0.31700000166893005 1.687999963760376 0.06599999964237213
C -0.4699999988079071 0.28600001335144043 -0.3440000116825104
C -1.8680000305175781 -0.18000000715255737 -0.028999999165534973
O -2.5339999198913574 0.41499999165534973 0.7860000133514404
C 0.5389998555183411 -0.5799998641014099 0.4129998981952667
C 0.597288966178894 -0.1401456892490387 1.8537765741348267
O -0.09626253694295883 0.7727470993995667 2.2343363761901855
O 1.4199539422988892 -0.7616052627563477 2.7120354175567627
O -2.374000072479248 -1.25600004196167 -0.6520000100135803
H -0.9279999732971191 2.2890000343322754 -0.46700000762939453
H -0.4779999852180481 1.7949999570846558 1.055999994277954
H -0.2919999957084656 0.19900000095367432 -1.4160000085830688
H 0.23032304644584656 -1.624032735824585 0.3648049533367157
H 1.5242435932159424 -0.470896452665329 -0.0404801219701767
H 1.42298424243927 -0.4447138011455536 3.625002384185791
H -3.2750000953674316 -1.5169999599456787 -0.41600000858306885
