N -0.31700000166893005 1.687999963760376 0.06599999964237213
C -0.4699999988079071 0.28600001335144043 -0.3440000116825104
C -1.8680000305175781 -0.18000000715255737 -0.028999999165534973
O -2.5339999198913574 0.41499999165534973 0.7860000133514404
C 0.5389997959136963 -0.5799998044967651 0.41299986839294434
C -0.19775965809822083 -1.5990740060806274 1.244492530822754
O -1.4053388833999634 -1.6278936862945557 1.2328871488571167
O 0.4876556694507599 -2.4723126888275146 1.9976575374603271
O -2.374000072479248 -1.25600004196167 -0.6520000100135803
H -0.9279999732971191 2.2890000343322754 -0.46700000762939453
H -0.4779999852180481 1.7949999570846558 1.055999994277954
H -0.2919999957084656 0.19900000095367432 -1.4160000085830688
H 1.1852325201034546 -1.0921542644500732 -0.29952389001846313
H 1.143965721130371 0.0513797365128994 1.0638679265975952
H -0.02770063281059265 -3.106534719467163 2.513514757156372
H -3.2750000953674316 -1.5169999599456787 -0.41600000858306885
