N -0.31700000166893005 1.687999963760376 0.06599999964237213
C -0.4699999988079071 0.28600001335144043 -0.3440000116825104
C -1.8680000305175781 -0.18000000715255737 -0.028999999165534973
O -2.5339999198913574 0.41499999165534973 0.7860000133514404
C 0.5389999151229858 -0.5799999833106995 0.4129999577999115
C 1.6618326902389526 -0.9698672890663147 -0.5143386721611023
O 1.6540390253067017 -0.5941888093948364 -1.6623882055282593
O 2.6681458950042725 -1.734600305557251 -0.06476643681526184
O -2.374000072479248 -1.25600004196167 -0.6520000100135803
H -0.9279999732971191 2.2890000343322754 -0.46700000762939453
H -0.4779999852180481 1.7949999570846558 1.055999994277954
H -0.2919999957084656 0.19900000095367432 -1.4160000085830688
H 0.9424571990966797 -0.016828885301947594 1.2542309761047363
H 0.04319407418370247 -1.4782562255859375 0.781191885471344
H 3.365058183670044 -1.958770513534546 -0.6956384181976318
H -3.2750000953674316 -1.5169999599456787 -0.41600000858306885
