N -0.31700000166893005 1.687999963760376 0.06599999964237213
C -0.4699999988079071 0.28600001335144043 -0.3440000116825104
C -1.8680000305175781 -0.18000000715255737 -0.028999999165534973
O -2.5339999198913574 0.41499999165534973 0.7860000133514404
C 0.5389998555183411 -0.5799998044967651 0.41299986839294434
C 0.07866737246513367 -0.7587403059005737 1.837377905845642
O -0.9498915672302246 -0.24494266510009766 2.2079062461853027
O 0.8118173480033875 -1.4869459867477417 2.6928341388702393
O -2.374000072479248 -1.25600004196167 -0.6520000100135803
H -0.9279999732971191 2.2890000343322754 -0.46700000762939453
H -0.4779999852180481 1.7949999570846558 1.055999994277954
H -0.2919999957084656 0.19900000095367432 -1.4160000085830688
H 0.6149779558181763 -1.5546586513519287 -0.0685357004404068
H 1.5143696069717407 -0.09334149956703186 0.40459969639778137
H 0.4767230153083801 -1.5733152627944946 3.5951590538024902
H -3.2750000953674316 -1.5169999599456787 -0.41600000858306885
