N -0.31700000166893005 1.687999963760376 0.06599999964237213
C -0.4699999988079071 0.28600001335144043 -0.3440000116825104
C -1.8680000305175781 -0.18000000715255737 -0.028999999165534973
O -2.5339999198913574 0.41499999165534973 0.7860000133514404
C 0.5389999151229858 -0.5799999237060547 0.4129998981952667
C 1.2566518783569336 0.2630688548088074 1.4361897706985474
O 0.9886752963066101 1.4357531070709229 1.5467023849487305
O 2.1931068897247314 -0.2888283431529999 2.2223572731018066
O -2.374000072479248 -1.25600004196167 -0.6520000100135803
H -0.9279999732971191 2.2890000343322754 -0.46700000762939453
H -0.4779999852180481 1.7949999570846558 1.055999994277954
H -0.2919999957084656 0.19900000095367432 -1.4160000085830688
H 0.015410791151225567 -1.3928494453430176 0.9157315492630005
H 1.2627370357513428 -0.9933298826217651 -0.28957802057266235
H 2.625990152359009 0.29088732600212097 2.863044500350952
H -3.2750000953674316 -1.5169999599456787 -0.41600000858306885
