N -0.31700000166893005 1.687999963760376 0.06599999964237213
C -0.4699999988079071 0.28600001335144043 -0.3440000116825104
C -1.8680000305175781 -0.18000000715255737 -0.028999999165534973
O -2.5339999198913574 0.41499999165534973 0.7860000133514404
C 0.5389998555183411 -0.5799998641014099 0.4129999279975891
C 0.7178536653518677 -1.8908686637878418 -0.30973178148269653
O 0.10047446936368942 -2.109201192855835 -1.324811339378357
O 1.5612436532974243 -2.8145227432250977 0.17519575357437134
O -2.374000072479248 -1.25600004196167 -0.6520000100135803
H -0.9279999732971191 2.2890000343322754 -0.46700000762939453
H -0.4779999852180481 1.7949999570846558 1.055999994277954
H -0.2919999957084656 0.19900000095367432 -1.4160000085830688
H 1.4960027933120728 -0.0613480806350708 0.4654841423034668
H 0.1717764437198639 -0.7683584094047546 1.4219205379486084
H 1.6427280902862549 -3.639075517654419 -0.3222084939479828
H -3.2750000953674316 -1.5169999599456787 -0.41600000858306885
