N -0.31700000166893005 1.687999963760376 0.06599999964237213
C -0.4699999988079071 0.28600001335144043 -0.3440000116825104
C -1.8680000305175781 -0.18000000715255737 -0.028999999165534973
O -2.5339999198913574 0.41499999165534973 0.7860000133514404
C 0.5389997959136963 -0.5799998044967651 0.41299986839294434
C -0.19593742489814758 -1.6304842233657837 1.206130862236023
O -1.4023698568344116 -1.6795990467071533 1.1697794198989868
O 0.4897909164428711 -2.5091445446014404 1.9526762962341309
O -2.374000072479248 -1.25600004196167 -0.6520000100135803
H -0.9279999732971191 2.2890000343322754 -0.46700000762939453
H -0.4779999852180481 1.7949999570846558 1.055999994277954
H -0.2919999957084656 0.19900000095367432 -1.4160000085830688
H 1.2079023122787476 -1.064410924911499 -0.29800236225128174
H 1.1199849843978882 0.046336039900779724 1.0900616645812988
H -0.024380002170801163 -3.1638455390930176 2.443525791168213
H -3.2750000953674316 -1.5169999599456787 -0.41600000858306885
