N -0.31700000166893005 1.687999963760376 0.06599999964237213
C -0.4699999988079071 0.28600001335144043 -0.3440000116825104
C -1.8680000305175781 -0.18000000715255737 -0.028999999165534973
O -2.5339999198913574 0.41499999165534973 0.7860000133514404
C 0.5389999151229858 -0.5799999237060547 0.4129999279975891
C 1.4077386856079102 0.29919862747192383 1.276139497756958
O 1.2372277975082397 1.4950616359710693 1.2832567691802979
O 2.370265007019043 -0.24647043645381927 2.034681558609009
O -2.374000072479248 -1.25600004196167 -0.6520000100135803
H -0.9279999732971191 2.2890000343322754 -0.46700000762939453
H -0.4779999852180481 1.7949999570846558 1.055999994277954
H -0.2919999957084656 0.19900000095367432 -1.4160000085830688
H 0.00640898710116744 -1.292988896369934 1.0419694185256958
H 1.1625820398330688 -1.1192679405212402 -0.30015382170677185
H 2.9016406536102295 0.35678666830062866 2.5710201263427734
H -3.2750000953674316 -1.5169999599456787 -0.41600000858306885
