N -0.31700000166893005 1.687999963760376 0.06599999964237213
C -0.4699999988079071 0.28600001335144043 -0.3440000116825104
C -1.8680000305175781 -0.18000000715255737 -0.028999999165534973
O -2.5339999198913574 0.41499999165534973 0.7860000133514404
C 0.5389998555183411 -0.5799998641014099 0.4129999279975891
C 0.572145402431488 -1.959524154663086 -0.1940593719482422
O -0.1392604112625122 -2.222055196762085 -1.1343742609024048
O 1.3903905153274536 -2.8950207233428955 0.31083565950393677
O -2.374000072479248 -1.25600004196167 -0.6520000100135803
H -0.9279999732971191 2.2890000343322754 -0.46700000762939453
H -0.4779999852180481 1.7949999570846558 1.055999994277954
H -0.2919999957084656 0.19900000095367432 -1.4160000085830688
H 1.5288687944412231 -0.12947645783424377 0.3437391519546509
H 0.24418748915195465 -0.6506459712982178 1.4600661993026733
H 1.376886248588562 -3.7643215656280518 -0.11114990711212158
H -3.2750000953674316 -1.5169999599456787 -0.41600000858306885
