N -0.31700000166893005 1.687999963760376 0.06599999964237213
C -0.4699999988079071 0.28600001335144043 -0.3440000116825104
C -1.8680000305175781 -0.18000000715255737 -0.028999999165534973
O -2.5339999198913574 0.41499999165534973 0.7860000133514404
C 0.5389998555183411 -0.5799998641014099 0.4129999279975891
C 0.4665205478668213 -1.9970840215682983 -0.09624084830284119
O -0.31303471326828003 -2.283766984939575 -0.9733493328094482
O 1.2665386199951172 -2.9390580654144287 0.4255388081073761
O -2.374000072479248 -1.25600004196167 -0.6520000100135803
H -0.9279999732971191 2.2890000343322754 -0.46700000762939453
H -0.4779999852180481 1.7949999570846558 1.055999994277954
H -0.2919999957084656 0.19900000095367432 -1.4160000085830688
H 1.5439608097076416 -0.1890374720096588 0.25548580288887024
H 0.30540919303894043 -0.5639642477035522 1.477627158164978
H 1.184177279472351 -3.832836866378784 0.06732950359582901
H -3.2750000953674316 -1.5169999599456787 -0.41600000858306885
