N -0.31700000166893005 1.687999963760376 0.06599999964237213
C -0.4699999988079071 0.28600001335144043 -0.3440000116825104
C -1.8680000305175781 -0.18000000715255737 -0.028999999165534973
O -2.5339999198913574 0.41499999165534973 0.7860000133514404
C 0.5389998555183411 -0.5799998044967651 0.41299986839294434
C 0.3231062889099121 -0.4221383035182953 1.8966361284255981
O -0.5475149750709534 0.3088638484477997 2.3051300048828125
O 1.0984488725662231 -1.0922571420669556 2.7623050212860107
O -2.374000072479248 -1.25600004196167 -0.6520000100135803
H -0.9279999732971191 2.2890000343322754 -0.46700000762939453
H -0.4779999852180481 1.7949999570846558 1.055999994277954
H -0.2919999957084656 0.19900000095367432 -1.4160000085830688
H 0.401462584733963 -1.6248934268951416 0.13570965826511383
H 1.5512336492538452 -0.2663067877292633 0.1575934737920761
H 0.9227244257926941 -0.9591925740242004 3.7032368183135986
H -3.2750000953674316 -1.5169999599456787 -0.41600000858306885
