N -0.31700000166893005 1.687999963760376 0.06599999964237213
C -0.4699999988079071 0.28600001335144043 -0.3440000116825104
C -1.8680000305175781 -0.18000000715255737 -0.028999999165534973
O -2.5339999198913574 0.41499999165534973 0.7860000133514404
C 0.5389998555183411 -0.5799998044967651 0.41299986839294434
C 0.23016461730003357 -0.5379946827888489 1.8879789113998413
O -0.7004975080490112 0.11825647950172424 2.2909865379333496
O 0.989465057849884 -1.2281062602996826 2.7521586418151855
O -2.374000072479248 -1.25600004196167 -0.6520000100135803
H -0.9279999732971191 2.2890000343322754 -0.46700000762939453
H -0.4779999852180481 1.7949999570846558 1.055999994277954
H -0.2919999957084656 0.19900000095367432 -1.4160000085830688
H 0.4739716351032257 -1.608295202255249 0.05805094167590141
H 1.5458896160125732 -0.19919878244400024 0.2414872944355011
H 0.7531452178955078 -1.170568585395813 3.687455654144287
H -3.2750000953674316 -1.5169999599456787 -0.41600000858306885
