N -0.31700000166893005 1.687999963760376 0.06599999964237213
C -0.4699999988079071 0.28600001335144043 -0.3440000116825104
C -1.8680000305175781 -0.18000000715255737 -0.028999999165534973
O -2.5339999198913574 0.41499999165534973 0.7860000133514404
C 0.5389997959136963 -0.5799998044967651 0.41299986839294434
C -0.17173156142234802 -1.759752631187439 1.0259852409362793
O -1.3626705408096313 -1.8924106359481812 0.8734103441238403
O 0.5181677341461182 -2.660727024078369 1.7414443492889404
O -2.374000072479248 -1.25600004196167 -0.6520000100135803
H -0.9279999732971191 2.2890000343322754 -0.46700000762939453
H -0.4779999852180481 1.7949999570846558 1.055999994277954
H -0.2919999957084656 0.19900000095367432 -1.4160000085830688
H 1.3030624389648438 -0.9358620047569275 -0.2777818739414215
H 1.007360816001892 0.011210852302610874 1.199994683265686
H 0.019765695556998253 -3.3997104167938232 2.1148571968078613
H -3.2750000953674316 -1.5169999599456787 -0.41600000858306885
