N -0.31700000166893005 1.687999963760376 0.06599999964237213
C -0.4699999988079071 0.28600001335144043 -0.3440000116825104
C -1.8680000305175781 -0.18000000715255737 -0.028999999165534973
O -2.5339999198913574 0.41499999165534973 0.7860000133514404
C 0.5389998555183411 -0.5799998044967651 0.41299986839294434
C 0.030527742579579353 -0.8404072523117065 1.8081166744232178
O -1.0291491746902466 -0.37932026386260986 2.1598215103149414
O 0.755367636680603 -1.5827066898345947 2.6585261821746826
O -2.374000072479248 -1.25600004196167 -0.6520000100135803
H -0.9279999732971191 2.2890000343322754 -0.46700000762939453
H -0.4779999852180481 1.7949999570846558 1.055999994277954
H -0.2919999957084656 0.19900000095367432 -1.4160000085830688
H 0.6680261492729187 -1.5280122756958008 -0.10876012593507767
H 1.4961137771606445 -0.06097978353500366 0.4659541845321655
H 0.3888859152793884 -1.7223163843154907 3.541780710220337
H -3.2750000953674316 -1.5169999599456787 -0.41600000858306885
