N -0.31700000166893005 1.687999963760376 0.06599999964237213
C -0.4699999988079071 0.28600001335144043 -0.3440000116825104
C -1.8680000305175781 -0.18000000715255737 -0.028999999165534973
O -2.5339999198913574 0.41499999165534973 0.7860000133514404
C 0.5389998555183411 -0.5799999237060547 0.4129999279975891
C 0.9596709609031677 -1.7374393939971924 -0.4565267264842987
O 0.49837371706962585 -1.8569074869155884 -1.5665470361709595
O 1.8447929620742798 -2.6346232891082764 0.003057931549847126
O -2.374000072479248 -1.25600004196167 -0.6520000100135803
H -0.9279999732971191 2.2890000343322754 -0.46700000762939453
H -0.4779999852180481 1.7949999570846558 1.055999994277954
H -0.2919999957084656 0.19900000095367432 -1.4160000085830688
H 1.4132132530212402 0.018809491768479347 0.667533278465271
H 0.07984135299921036 -0.9593430161476135 1.3259758949279785
H 2.083923816680908 -3.3591666221618652 -0.5900622010231018
H -3.2750000953674316 -1.5169999599456787 -0.41600000858306885
