N -0.31700000166893005 1.687999963760376 0.06599999964237213
C -0.4699999988079071 0.28600001335144043 -0.3440000116825104
C -1.8680000305175781 -0.18000000715255737 -0.028999999165534973
O -2.5339999198913574 0.41499999165534973 0.7860000133514404
C 0.5389998555183411 -0.5799999237060547 0.4129999279975891
C 0.9038216471672058 -1.777145266532898 -0.42750874161720276
O 0.40647241473197937 -1.9222058057785034 -1.5187530517578125
O 1.7793052196502686 -2.6811797618865967 0.03708602115511894
O -2.374000072479248 -1.25600004196167 -0.6520000100135803
H -0.9279999732971191 2.2890000343322754 -0.46700000762939453
H -0.4779999852180481 1.7949999570846558 1.055999994277954
H -0.2919999957084656 0.19900000095367432 -1.4160000085830688
H 1.4353885650634766 0.0038553234189748764 0.6208685636520386
H 0.09802063554525375 -0.9157065153121948 1.3516645431518555
H 1.982026219367981 -3.431605100631714 -0.5371125936508179
H -3.2750000953674316 -1.5169999599456787 -0.41600000858306885
