N -0.31700000166893005 1.687999963760376 0.06599999964237213
C -0.4699999988079071 0.28600001335144043 -0.3440000116825104
C -1.8680000305175781 -0.18000000715255737 -0.028999999165534973
O -2.5339999198913574 0.41499999165534973 0.7860000133514404
C 0.5389999151229858 -0.5799999237060547 0.4129999577999115
C 1.30146062374115 -1.435425877571106 -0.5665953755378723
O 1.060849666595459 -1.360141634941101 -1.7479723691940308
O 2.2455713748931885 -2.280498504638672 -0.12602153420448303
O -2.374000072479248 -1.25600004196167 -0.6520000100135803
H -0.9279999732971191 2.2890000343322754 -0.46700000762939453
H -0.4779999852180481 1.7949999570846558 1.055999994277954
H -0.2919999957084656 0.19900000095367432 -1.4160000085830688
H 1.2352890968322754 0.06114314869046211 0.9531164169311523
H 0.010790758766233921 -1.2198597192764282 1.1199846267700195
H 2.7075295448303223 -2.8081681728363037 -0.7909255623817444
H -3.2750000953674316 -1.5169999599456787 -0.41600000858306885
