N -0.31700000166893005 1.687999963760376 0.06599999964237213
C -0.4699999988079071 0.28600001335144043 -0.3440000116825104
C -1.8680000305175781 -0.18000000715255737 -0.028999999165534973
O -2.5339999198913574 0.41499999165534973 0.7860000133514404
C 0.5389997959136963 -0.5799998044967651 0.41299986839294434
C -0.19662152230739594 -1.5167186260223389 1.3371891975402832
O -1.4033925533294678 -1.4923319816589355 1.3853741884231567
O 0.48899388313293457 -2.375742197036743 2.106349468231201
O -2.374000072479248 -1.25600004196167 -0.6520000100135803
H -0.9279999732971191 2.2890000343322754 -0.46700000762939453
H -0.4779999852180481 1.7949999570846558 1.055999994277954
H -0.2919999957084656 0.19900000095367432 -1.4160000085830688
H 1.126452922821045 -1.1598063707351685 -0.29857033491134644
H 1.2019082307815552 0.05951622128486633 0.995944619178772
H -0.025613972917199135 -2.956270456314087 2.682634115219116
H -3.2750000953674316 -1.5169999599456787 -0.41600000858306885
