N -0.31700000166893005 1.687999963760376 0.06599999964237213
C -0.4699999988079071 0.28600001335144043 -0.3440000116825104
C -1.8680000305175781 -0.18000000715255737 -0.028999999165534973
O -2.5339999198913574 0.41499999165534973 0.7860000133514404
C 0.5389999151229858 -0.5799999237060547 0.4129999279975891
C 1.2911843061447144 0.2735389173030853 1.4021395444869995
O 1.0454864501953125 1.452950119972229 1.4906524419784546
O 2.233598232269287 -0.2765529453754425 2.182429790496826
O -2.374000072479248 -1.25600004196167 -0.6520000100135803
H -0.9279999732971191 2.2890000343322754 -0.46700000762939453
H -0.4779999852180481 1.7949999570846558 1.055999994277954
H -0.2919999957084656 0.19900000095367432 -1.4160000085830688
H 0.011770997196435928 -1.3718688488006592 0.9445844888687134
H 1.2414275407791138 -1.021869421005249 -0.2938236892223358
H 2.688993215560913 0.3099856972694397 2.8009166717529297
H -3.2750000953674316 -1.5169999599456787 -0.41600000858306885
