N -0.31700000166893005 1.687999963760376 0.06599999964237213
C -0.4699999988079071 0.28600001335144043 -0.3440000116825104
C -1.8680000305175781 -0.18000000715255737 -0.028999999165534973
O -2.5339999198913574 0.41499999165534973 0.7860000133514404
C 0.5389998555183411 -0.5799998641014099 0.4129998981952667
C 0.7067710757255554 -0.047812432050704956 1.8134770393371582
O 0.08390580117702484 0.924615740776062 2.1679275035858154
O 1.5483311414718628 -0.6533404588699341 2.66477632522583
O -2.374000072479248 -1.25600004196167 -0.6520000100135803
H -0.9279999732971191 2.2890000343322754 -0.46700000762939453
H -0.4779999852180481 1.7949999570846558 1.055999994277954
H -0.2919999957084656 0.19900000095367432 -1.4160000085830688
H 0.17648309469223022 -1.6067992448806763 0.4562828242778778
H 1.4989733695983887 -0.5548330545425415 -0.10282018035650253
H 1.622737169265747 -0.2762601971626282 3.551462411880493
H -3.2750000953674316 -1.5169999599456787 -0.41600000858306885
