N -0.31700000166893005 1.687999963760376 0.06599999964237213
C -0.4699999988079071 0.28600001335144043 -0.3440000116825104
C -1.8680000305175781 -0.18000000715255737 -0.028999999165534973
O -2.5339999198913574 0.41499999165534973 0.7860000133514404
C 0.5389998555183411 -0.5799999237060547 0.4129999279975891
C 0.9224558472633362 -1.7641828060150146 -0.4375171661376953
O 0.4371351897716522 -1.9008886814117432 -1.5352367162704468
O 1.8011553287506104 -2.665980815887451 0.025349628180265427
O -2.374000072479248 -1.25600004196167 -0.6520000100135803
H -0.9279999732971191 2.2890000343322754 -0.46700000762939453
H -0.4779999852180481 1.7949999570846558 1.055999994277954
H -0.2919999957084656 0.19900000095367432 -1.4160000085830688
H 1.4281938076019287 0.009082663804292679 0.6364383101463318
H 0.09175098687410355 -0.9302975535392761 1.3433294296264648
H 2.016024589538574 -3.407956838607788 -0.5553750395774841
H -3.2750000953674316 -1.5169999599456787 -0.41600000858306885
