N -0.31700000166893005 1.687999963760376 0.06599999964237213
C -0.4699999988079071 0.28600001335144043 -0.3440000116825104
C -1.8680000305175781 -0.18000000715255737 -0.028999999165534973
O -2.5339999198913574 0.41499999165534973 0.7860000133514404
C 0.5389999151229858 -0.5799998641014099 0.4129998981952667
C 0.892619788646698 0.08574160933494568 1.7185450792312622
O 0.3897254765033722 1.1442539691925049 2.011566400527954
O 1.7662537097930908 -0.4967440068721771 2.5534534454345703
O -2.374000072479248 -1.25600004196167 -0.6520000100135803
H -0.9279999732971191 2.2890000343322754 -0.46700000762939453
H -0.4779999852180481 1.7949999570846558 1.055999994277954
H -0.2919999957084656 0.19900000095367432 -1.4160000085830688
H 0.1016712635755539 -1.5582244396209717 0.6115682125091553
H 1.4394978284835815 -0.6998836994171143 -0.18948189914226532
H 1.961820125579834 -0.03260713815689087 3.378237724304199
H -3.2750000953674316 -1.5169999599456787 -0.41600000858306885
