N -0.31700000166893005 1.687999963760376 0.06599999964237213
C -0.4699999988079071 0.28600001335144043 -0.3440000116825104
C -1.8680000305175781 -0.18000000715255737 -0.028999999165534973
O -2.5339999198913574 0.41499999165534973 0.7860000133514404
C 0.5389998555183411 -0.5799998044967651 0.41299986839294434
C 0.01912332884967327 -0.8608577847480774 1.7999223470687866
O -1.0479265451431274 -0.4129709303379059 2.1463537216186523
O 0.7419945001602173 -1.6066864728927612 2.648918628692627
O -2.374000072479248 -1.25600004196167 -0.6520000100135803
H -0.9279999732971191 2.2890000343322754 -0.46700000762939453
H -0.4779999852180481 1.7949999570846558 1.055999994277954
H -0.2919999957084656 0.19900000095367432 -1.4160000085830688
H 0.6813825964927673 -1.5207802057266235 -0.11828944087028503
H 1.4909998178482056 -0.053435325622558594 0.4814012050628662
H 0.3680769205093384 -1.759628415107727 3.526832342147827
H -3.2750000953674316 -1.5169999599456787 -0.41600000858306885
