N -0.31700000166893005 1.687999963760376 0.06599999964237213
C -0.4699999988079071 0.28600001335144043 -0.3440000116825104
C -1.8680000305175781 -0.18000000715255737 -0.028999999165534973
O -2.5339999198913574 0.41499999165534973 0.7860000133514404
C 0.5389997959136963 -0.5799998044967651 0.4129998981952667
C 0.086237832903862 -2.0177199840545654 0.3870279788970947
O -0.9385736584663391 -2.3173229694366455 -0.17796067893505096
O 0.8206377625465393 -2.9632351398468018 0.9922180771827698
O -2.374000072479248 -1.25600004196167 -0.6520000100135803
H -0.9279999732971191 2.2890000343322754 -0.46700000762939453
H -0.4779999852180481 1.7949999570846558 1.055999994277954
H -0.2919999957084656 0.19900000095367432 -1.4160000085830688
H 1.5163332223892212 -0.4989710748195648 -0.062250327318906784
H 0.6077700853347778 -0.23919926583766937 1.4461400508880615
H 0.4903786778450012 -3.870432138442993 0.9490800499916077
H -3.2750000953674316 -1.5169999599456787 -0.41600000858306885
