N -0.31700000166893005 1.687999963760376 0.06599999964237213
C -0.4699999988079071 0.28600001335144043 -0.3440000116825104
C -1.8680000305175781 -0.18000000715255737 -0.028999999165534973
O -2.5339999198913574 0.41499999165534973 0.7860000133514404
C 0.5389999151229858 -0.5799999237060547 0.4129999577999115
C 1.267077922821045 -1.4707880020141602 -0.5612207651138306
O 1.0042622089385986 -1.4183130264282227 -1.739094853401184
O 2.205254316329956 -2.321962356567383 -0.11971770226955414
O -2.374000072479248 -1.25600004196167 -0.6520000100135803
H -0.9279999732971191 2.2890000343322754 -0.46700000762939453
H -0.4779999852180481 1.7949999570846558 1.055999994277954
H -0.2919999957084656 0.19900000095367432 -1.4160000085830688
H 1.2567501068115234 0.06103523075580597 0.9243876934051514
H 0.014175321906805038 -1.1942040920257568 1.1448231935501099
H 2.64479660987854 -2.8726842403411865 -0.7811148762702942
H -3.2750000953674316 -1.5169999599456787 -0.41600000858306885
