N -0.31700000166893005 1.687999963760376 0.06599999964237213
C -0.4699999988079071 0.28600001335144043 -0.3440000116825104
C -1.8680000305175781 -0.18000000715255737 -0.028999999165534973
O -2.5339999198913574 0.41499999165534973 0.7860000133514404
C 0.5389999151229858 -0.5799999833106995 0.4129999577999115
C 1.82062828540802 -0.6642135977745056 -0.3763314187526703
O 1.915514349937439 -0.09123259037733078 -1.4355303049087524
O 2.8543550968170166 -1.3761969804763794 0.09704642742872238
O -2.374000072479248 -1.25600004196167 -0.6520000100135803
H -0.9279999732971191 2.2890000343322754 -0.46700000762939453
H -0.4779999852180481 1.7949999570846558 1.055999994277954
H -0.2919999957084656 0.19900000095367432 -1.4160000085830688
H 0.741532027721405 -0.13494586944580078 1.3869181871414185
H 0.12934523820877075 -1.5809922218322754 0.5488327145576477
H 3.654805898666382 -1.4011027812957764 -0.4438752830028534
H -3.2750000953674316 -1.5169999599456787 -0.41600000858306885
