N -0.31700000166893005 1.687999963760376 0.06599999964237213
C -0.4699999988079071 0.28600001335144043 -0.3440000116825104
C -1.8680000305175781 -0.18000000715255737 -0.028999999165534973
O -2.5339999198913574 0.41499999165534973 0.7860000133514404
C 0.5389998555183411 -0.5799998641014099 0.4129998981952667
C 0.36531904339790344 -2.0222327709198 0.009879847057163715
O -0.4795219302177429 -2.325054168701172 -0.7986717820167542
O 1.147873878479004 -2.9685423374176025 0.5499764680862427
O -2.374000072479248 -1.25600004196167 -0.6520000100135803
H -0.9279999732971191 2.2890000343322754 -0.46700000762939453
H -0.4779999852180481 1.7949999570846558 1.055999994277954
H -0.2919999957084656 0.19900000095367432 -1.4160000085830688
H 1.550668716430664 -0.2551361322402954 0.1709287017583847
H 0.37181729078292847 -0.47971290349960327 1.48549485206604
H 0.9995399713516235 -3.8787081241607666 0.2609551250934601
H -3.2750000953674316 -1.5169999599456787 -0.41600000858306885
