N -0.31700000166893005 1.687999963760376 0.06599999964237213
C -0.4699999988079071 0.28600001335144043 -0.3440000116825104
C -1.8680000305175781 -0.18000000715255737 -0.028999999165534973
O -2.5339999198913574 0.41499999165534973 0.7860000133514404
C 0.5389998555183411 -0.5799998044967651 0.41299986839294434
C 0.21532970666885376 -0.5576866269111633 1.8852249383926392
O -0.724916934967041 0.08585823327302933 2.2864718437194824
O 0.9720695614814758 -1.251196265220642 2.7489302158355713
O -2.374000072479248 -1.25600004196167 -0.6520000100135803
H -0.9279999732971191 2.2890000343322754 -0.46700000762939453
H -0.4779999852180481 1.7949999570846558 1.055999994277954
H -0.2919999957084656 0.19900000095367432 -1.4160000085830688
H 0.48640310764312744 -1.6046463251113892 0.04565539211034775
H 1.54417884349823 -0.18862009048461914 0.25586941838264465
H 0.726077675819397 -1.206496000289917 3.6824333667755127
H -3.2750000953674316 -1.5169999599456787 -0.41600000858306885
