N -0.31700000166893005 1.687999963760376 0.06599999964237213
C -0.4699999988079071 0.28600001335144043 -0.3440000116825104
C -1.8680000305175781 -0.18000000715255737 -0.028999999165534973
O -2.5339999198913574 0.41499999165534973 0.7860000133514404
C 0.5389999151229858 -0.5799998641014099 0.4129998981952667
C 0.8553228974342346 0.061222199350595474 1.7402077913284302
O 0.3283544182777405 1.1039336919784546 2.047241449356079
O 1.7225202322006226 -0.5254936218261719 2.5788562297821045
O -2.374000072479248 -1.25600004196167 -0.6520000100135803
H -0.9279999732971191 2.2890000343322754 -0.46700000762939453
H -0.4779999852180481 1.7949999570846558 1.055999994277954
H -0.2919999957084656 0.19900000095367432 -1.4160000085830688
H 0.11505201458930969 -1.5698750019073486 0.5804049968719482
H 1.4530659914016724 -0.6705217361450195 -0.17397701740264893
H 1.8937718868255615 -0.07733933627605438 3.4177656173706055
H -3.2750000953674316 -1.5169999599456787 -0.41600000858306885
