N -0.31700000166893005 1.687999963760376 0.06599999964237213
C -0.4699999988079071 0.28600001335144043 -0.3440000116825104
C -1.8680000305175781 -0.18000000715255737 -0.028999999165534973
O -2.5339999198913574 0.41499999165534973 0.7860000133514404
C 0.5389998555183411 -0.5799998641014099 0.4129999279975891
C 0.6262564659118652 -1.936213493347168 -0.2395165115594864
O -0.050233036279678345 -2.1837427616119385 -1.2092092037200928
O 1.4538394212722778 -2.867689371109009 0.2575318217277527
O -2.374000072479248 -1.25600004196167 -0.6520000100135803
H -0.9279999732971191 2.2890000343322754 -0.46700000762939453
H -0.4779999852180481 1.7949999570846558 1.055999994277954
H -0.2919999957084656 0.19900000095367432 -1.4160000085830688
H 1.5182268619537354 -0.10235448181629181 0.38895100355148315
H 0.21573355793952942 -0.6946022510528564 1.447706699371338
H 1.4756104946136475 -3.721797466278076 -0.19409161806106567
H -3.2750000953674316 -1.5169999599456787 -0.41600000858306885
