N -0.31700000166893005 1.687999963760376 0.06599999964237213
C -0.4699999988079071 0.28600001335144043 -0.3440000116825104
C -1.8680000305175781 -0.18000000715255737 -0.028999999165534973
O -2.5339999198913574 0.41499999165534973 0.7860000133514404
C 0.5389999151229858 -0.5799999237060547 0.4129999279975891
C 1.5740782022476196 0.3044183552265167 1.060397982597351
O 1.5108414888381958 1.5034734010696411 0.9281820058822632
O 2.5653066635131836 -0.24035871028900146 1.781704068183899
O -2.374000072479248 -1.25600004196167 -0.6520000100135803
H -0.9279999732971191 2.2890000343322754 -0.46700000762939453
H -0.4779999852180481 1.7949999570846558 1.055999994277954
H -0.2919999957084656 0.19900000095367432 -1.4160000085830688
H 0.021216385066509247 -1.1542484760284424 1.1809502840042114
H 1.0276042222976685 -1.261744737625122 -0.28323477506637573
H 3.2051148414611816 0.36628568172454834 2.1773884296417236
H -3.2750000953674316 -1.5169999599456787 -0.41600000858306885
