N -0.31700000166893005 1.687999963760376 0.06599999964237213
C -0.4699999988079071 0.28600001335144043 -0.3440000116825104
C -1.8680000305175781 -0.18000000715255737 -0.028999999165534973
O -2.5339999198913574 0.41499999165534973 0.7860000133514404
C 0.5389997959136963 -0.5799998044967651 0.4129998981952667
C 0.09902793914079666 -2.0211546421051025 0.36605072021484375
O -0.9175385236740112 -2.322990894317627 -0.21248219907283783
O 0.8356346487998962 -2.967263698577881 0.9676204323768616
O -2.374000072479248 -1.25600004196167 -0.6520000100135803
H -0.9279999732971191 2.2890000343322754 -0.46700000762939453
H -0.4779999852180481 1.7949999570846558 1.055999994277954
H -0.2919999957084656 0.19900000095367432 -1.4160000085830688
H 1.520215630531311 -0.4851061999797821 -0.051563989371061325
H 0.5946481823921204 -0.2505791187286377 1.4506117105484009
H 0.5137128233909607 -3.8767013549804688 0.91080641746521
H -3.2750000953674316 -1.5169999599456787 -0.41600000858306885
