N -0.31700000166893005 1.687999963760376 0.06599999964237213
C -0.4699999988079071 0.28600001335144043 -0.3440000116825104
C -1.8680000305175781 -0.18000000715255737 -0.028999999165534973
O -2.5339999198913574 0.41499999165534973 0.7860000133514404
C 0.5389998555183411 -0.5799998044967651 0.41299986839294434
C -0.10438753664493561 -1.1245476007461548 1.6628907918930054
O -1.251325011253357 -0.8468897342681885 1.9210636615753174
O 0.5971602201461792 -1.9158844947814941 2.488247871398926
O -2.374000072479248 -1.25600004196167 -0.6520000100135803
H -0.9279999732971191 2.2890000343322754 -0.46700000762939453
H -0.4779999852180481 1.7949999570846558 1.055999994277954
H -0.2919999957084656 0.19900000095367432 -1.4160000085830688
H 0.8562251925468445 -1.4072811603546143 -0.2214941531419754
H 1.405432939529419 0.02360006794333458 0.6835803389549255
H 0.14270831644535065 -2.240734577178955 3.2768442630767822
H -3.2750000953674316 -1.5169999599456787 -0.41600000858306885
