N -0.31700000166893005 1.687999963760376 0.06599999964237213
C -0.4699999988079071 0.28600001335144043 -0.3440000116825104
C -1.8680000305175781 -0.18000000715255737 -0.028999999165534973
O -2.5339999198913574 0.41499999165534973 0.7860000133514404
C 0.5389997959136963 -0.5799998044967651 0.4129998981952667
C 0.07368654757738113 -2.0139336585998535 0.4080888330936432
O -0.9592156410217285 -2.311077117919922 -0.1433018445968628
O 0.8059209585189819 -2.9587948322296143 1.0169137716293335
O -2.374000072479248 -1.25600004196167 -0.6520000100135803
H -0.9279999732971191 2.2890000343322754 -0.46700000762939453
H -0.4779999852180481 1.7949999570846558 1.055999994277954
H -0.2919999957084656 0.19900000095367432 -1.4160000085830688
H 1.5122259855270386 -0.5129233002662659 -0.07273711264133453
H 0.6209440231323242 -0.2279859036207199 1.4414085149765015
H 0.46748030185699463 -3.8635220527648926 0.9875061511993408
H -3.2750000953674316 -1.5169999599456787 -0.41600000858306885
