N -0.31700000166893005 1.687999963760376 0.06599999964237213
C -0.4699999988079071 0.28600001335144043 -0.3440000116825104
C -1.8680000305175781 -0.18000000715255737 -0.028999999165534973
O -2.5339999198913574 0.41499999165534973 0.7860000133514404
C 0.5389997959136963 -0.5799998044967651 0.41299986839294434
C -0.07495390623807907 -1.9248743057250977 0.7080935835838318
O -1.2036314010620117 -2.1643178462982178 0.35036933422088623
O 0.6316367983818054 -2.8543550968170166 1.3686937093734741
O -2.374000072479248 -1.25600004196167 -0.6520000100135803
H -0.9279999732971191 2.2890000343322754 -0.46700000762939453
H -0.4779999852180481 1.7949999570846558 1.055999994277954
H -0.2919999957084656 0.19900000095367432 -1.4160000085830688
H 1.43195641040802 -0.7150062322616577 -0.196927011013031
H 0.8085808157920837 -0.09029550105333328 1.3488249778747559
H 0.19630847871303558 -3.7010035514831543 1.5348687171936035
H -3.2750000953674316 -1.5169999599456787 -0.41600000858306885
