N -0.31700000166893005 1.687999963760376 0.06599999964237213
C -0.4699999988079071 0.28600001335144043 -0.3440000116825104
C -1.8680000305175781 -0.18000000715255737 -0.028999999165534973
O -2.5339999198913574 0.41499999165534973 0.7860000133514404
C 0.5389997959136963 -0.5799998044967651 0.41299986839294434
C -0.16090810298919678 -1.300079107284546 1.5374205112457275
O -1.344452977180481 -1.1357661485671997 1.7147215604782104
O 0.5308792591094971 -2.121711015701294 2.341129779815674
O -2.374000072479248 -1.25600004196167 -0.6520000100135803
H -0.9279999732971191 2.2890000343322754 -0.46700000762939453
H -0.4779999852180481 1.7949999570846558 1.055999994277954
H -0.2919999957084656 0.19900000095367432 -1.4160000085830688
H 0.9754777550697327 -1.3096219301223755 -0.2687240242958069
H 1.327044129371643 0.05278035253286362 0.8214461207389832
H 0.03956921771168709 -2.5609984397888184 3.0479390621185303
H -3.2750000953674316 -1.5169999599456787 -0.41600000858306885
