N -0.31700000166893005 1.687999963760376 0.06599999964237213
C -0.4699999988079071 0.28600001335144043 -0.3440000116825104
C -1.8680000305175781 -0.18000000715255737 -0.028999999165534973
O -2.5339999198913574 0.41499999165534973 0.7860000133514404
C 0.5389999151229858 -0.5799999237060547 0.4129998981952667
C 1.1683547496795654 0.2309165745973587 1.5170985460281372
O 0.8434078693389893 1.3829238414764404 1.6798921823501587
O 2.0895729064941406 -0.32652559876441956 2.3172318935394287
O -2.374000072479248 -1.25600004196167 -0.6520000100135803
H -0.9279999732971191 2.2890000343322754 -0.46700000762939453
H -0.4779999852180481 1.7949999570846558 1.055999994277954
H -0.2919999957084656 0.19900000095367432 -1.4160000085830688
H 0.02856641449034214 -1.4420109987258911 0.8419560790061951
H 1.3133761882781982 -0.9209516644477844 -0.2742745876312256
H 2.464895009994507 0.2322358936071396 3.0106706619262695
H -3.2750000953674316 -1.5169999599456787 -0.41600000858306885
