N -0.31700000166893005 1.687999963760376 0.06599999964237213
C -0.4699999988079071 0.28600001335144043 -0.3440000116825104
C -1.8680000305175781 -0.18000000715255737 -0.028999999165534973
O -2.5339999198913574 0.41499999165534973 0.7860000133514404
C 0.5389999747276306 -0.5799999833106995 0.4129999577999115
C 1.9350391626358032 -0.08276607096195221 0.13634097576141357
O 2.1042308807373047 0.865748405456543 -0.5922929644584656
O 2.9885332584381104 -0.6943934559822083 0.6981772184371948
O -2.374000072479248 -1.25600004196167 -0.6520000100135803
H -0.9279999732971191 2.2890000343322754 -0.46700000762939453
H -0.4779999852180481 1.7949999570846558 1.055999994277954
H -0.2919999957084656 0.19900000095367432 -1.4160000085830688
H 0.33839231729507446 -0.5210776329040527 1.482529640197754
H 0.4497267007827759 -1.6150312423706055 0.08285823464393616
H 3.8636116981506348 -0.3402191996574402 0.49144870042800903
H -3.2750000953674316 -1.5169999599456787 -0.41600000858306885
