N -0.31700000166893005 1.687999963760376 0.06599999964237213
C -0.4699999988079071 0.28600001335144043 -0.3440000116825104
C -1.8680000305175781 -0.18000000715255737 -0.028999999165534973
O -2.5339999198913574 0.41499999165534973 0.7860000133514404
C 0.5389998555183411 -0.5799998641014099 0.4129999279975891
C 0.5012935996055603 -1.9859254360198975 -0.12982439994812012
O -0.25582703948020935 -2.265436887741089 -1.0286316871643066
O 1.307312250137329 -2.9259753227233887 0.38615840673446655
O -2.374000072479248 -1.25600004196167 -0.6520000100135803
H -0.9279999732971191 2.2890000343322754 -0.46700000762939453
H -0.4779999852180481 1.7949999570846558 1.055999994277954
H -0.2919999957084656 0.19900000095367432 -1.4160000085830688
H 1.5398554801940918 -0.1684236228466034 0.2845399081707001
H 0.284391313791275 -0.5926345586776733 1.4728431701660156
H 1.247619390487671 -3.8124825954437256 0.006053260527551174
H -3.2750000953674316 -1.5169999599456787 -0.41600000858306885
