N -0.31700000166893005 1.687999963760376 0.06599999964237213
C -0.4699999988079071 0.28600001335144043 -0.3440000116825104
C -1.8680000305175781 -0.18000000715255737 -0.028999999165534973
O -2.5339999198913574 0.41499999165534973 0.7860000133514404
C 0.5389998555183411 -0.5799998044967651 0.41299986839294434
C 0.4561678171157837 -0.2754109501838684 1.8871339559555054
O -0.32851216197013855 0.550243616104126 2.289358615875244
O 1.254476547241211 -0.9202107191085815 2.7511560916900635
O -2.374000072479248 -1.25600004196167 -0.6520000100135803
H -0.9279999732971191 2.2890000343322754 -0.46700000762939453
H -0.4779999852180481 1.7949999570846558 1.055999994277954
H -0.2919999957084656 0.19900000095367432 -1.4160000085830688
H 0.3113443851470947 -1.6327056884765625 0.24689047038555145
H 1.5451973676681519 -0.36450159549713135 0.05330541729927063
H 1.165502905845642 -0.6914957761764526 3.6858813762664795
H -3.2750000953674316 -1.5169999599456787 -0.41600000858306885
