N -0.31700000166893005 1.687999963760376 0.06599999964237213
C -0.4699999988079071 0.28600001335144043 -0.3440000116825104
C -1.8680000305175781 -0.18000000715255737 -0.028999999165534973
O -2.5339999198913574 0.41499999165534973 0.7860000133514404
C 0.5389997959136963 -0.5799998044967651 0.41299986839294434
C -0.17005708813667297 -1.3377765417099 1.5064895153045654
O -1.3595359325408936 -1.197809100151062 1.6638489961624146
O 0.5201499462127686 -2.165915012359619 2.3048620223999023
O -2.374000072479248 -1.25600004196167 -0.6520000100135803
H -0.9279999732971191 2.2890000343322754 -0.46700000762939453
H -0.4779999852180481 1.7949999570846558 1.055999994277954
H -0.2919999957084656 0.19900000095367432 -1.4160000085830688
H 1.0014219284057617 -1.2860767841339111 -0.2763694226741791
H 1.3077162504196167 0.056476157158613205 0.8514360785484314
H 0.02287294715642929 -2.62977933883667 2.991508722305298
H -3.2750000953674316 -1.5169999599456787 -0.41600000858306885
