N -0.31700000166893005 1.687999963760376 0.06599999964237213
C -0.4699999988079071 0.28600001335144043 -0.3440000116825104
C -1.8680000305175781 -0.18000000715255737 -0.028999999165534973
O -2.5339999198913574 0.41499999165534973 0.7860000133514404
C 0.5389999747276306 -0.5799999833106995 0.4129999577999115
C 1.8756134510040283 0.1165878027677536 0.4436076879501343
O 2.006662368774414 1.193963885307312 -0.08676961064338684
O 2.918862819671631 -0.4606264531612396 1.0584675073623657
O -2.374000072479248 -1.25600004196167 -0.6520000100135803
H -0.9279999732971191 2.2890000343322754 -0.46700000762939453
H -0.4779999852180481 1.7949999570846558 1.055999994277954
H -0.2919999957084656 0.19900000095367432 -1.4160000085830688
H 0.18917647004127502 -0.7383295893669128 1.4328844547271729
H 0.6418380737304688 -1.5418592691421509 -0.08949775993824005
H 3.755218982696533 0.023527842015028 1.0520472526550293
H -3.2750000953674316 -1.5169999599456787 -0.41600000858306885
