N -0.31700000166893005 1.687999963760376 0.06599999964237213
C -0.4699999988079071 0.28600001335144043 -0.3440000116825104
C -1.8680000305175781 -0.18000000715255737 -0.028999999165534973
O -2.5339999198913574 0.41499999165534973 0.7860000133514404
C 0.5389999151229858 -0.5799999237060547 0.4129999279975891
C 1.6791222095489502 0.2811897397041321 0.8938122987747192
O 1.683605670928955 1.4651235342025757 0.6540341973304749
O 2.688474655151367 -0.26760241389274597 1.5863676071166992
O -2.374000072479248 -1.25600004196167 -0.6520000100135803
H -0.9279999732971191 2.2890000343322754 -0.46700000762939453
H -0.4779999852180481 1.7949999570846558 1.055999994277954
H -0.2919999957084656 0.19900000095367432 -1.4160000085830688
H 0.049539778381586075 -1.044528841972351 1.2687163352966309
H 0.9233975410461426 -1.3546552658081055 -0.25062695145606995
H 3.396756410598755 0.323887437582016 1.8734475374221802
H -3.2750000953674316 -1.5169999599456787 -0.41600000858306885
