N 1.3170000314712524 0.9620000123977661 1.0140000581741333
C -0.019999999552965164 0.4259999990463257 1.2999999523162842
C -0.10899999737739563 0.04699999839067459 2.75600004196167
O 0.8790000081062317 -0.31700000166893005 3.3459999561309814
C -0.27000004053115845 -0.8090001344680786 0.4339999556541443
C -1.5395331382751465 -1.4853777885437012 0.877257227897644
C -2.7480716705322266 -1.1286779642105103 0.31036368012428284
C -1.4964745044708252 -2.4684603214263916 1.849271535873413
C -3.9132869243621826 -1.7501599788665771 0.7177010178565979
C -2.662757635116577 -3.086711883544922 2.2581658363342285
C -3.871103286743164 -2.72873854637146 1.690688967704773
O -1.2860000133514404 0.11299999803304672 3.3959999084472656
H 1.975000023841858 0.23000000417232513 1.2350000143051147
H 1.3650000095367432 1.1039999723434448 0.017000000923871994
H -0.7699999809265137 1.184000015258789 1.0759999752044678
H -0.3633638620376587 -0.5075455904006958 -0.6098459959030151
H 0.565686821937561 -1.5006619691848755 0.537166953086853
H -2.7814197540283203 -0.36423513293266296 -0.4518902599811554
H -0.5518782734870911 -2.748743772506714 2.291778564453125
H -4.8576579093933105 -1.4703102111816406 0.27432140707969666
H -2.6288235187530518 -3.8518099784851074 3.0208966732025146
H -4.781540870666504 -3.213987112045288 2.010040283203125
H -1.343000054359436 -0.12999999523162842 4.329999923706055
