N 1.3170000314712524 0.9620000123977661 1.0140000581741333
C -0.019999999552965164 0.4259999990463257 1.2999999523162842
C -0.10899999737739563 0.04699999839067459 2.75600004196167
O 0.8790000081062317 -0.31700000166893005 3.3459999561309814
C -0.27000004053115845 -0.8090000748634338 0.4339999854564667
C -1.7484089136123657 -0.9685172438621521 0.2004629522562027
C -2.3454339504241943 -0.3676445782184601 -0.8911787271499634
C -2.5097432136535645 -1.7212451696395874 1.0761843919754028
C -3.70283579826355 -0.5145990252494812 -1.105082631111145
C -3.8675692081451416 -1.8645693063735962 0.8630815744400024
C -4.463714599609375 -1.2626739740371704 -0.22898408770561218
O -1.2860000133514404 0.11299999803304672 3.3959999084472656
H 1.975000023841858 0.23000000417232513 1.2350000143051147
H 1.3650000095367432 1.1039999723434448 0.017000000923871994
H -0.7699999809265137 1.184000015258789 1.0759999752044678
H 0.239090234041214 -0.6903578042984009 -0.5230565071105957
H 0.11547824740409851 -1.692962646484375 0.9413743615150452
H -1.7503790855407715 0.21645617485046387 -1.577656865119934
H -2.043375253677368 -2.1923820972442627 1.9289236068725586
H -4.168776512145996 -0.044096413999795914 -1.9584665298461914
H -4.462599277496338 -2.4493746757507324 1.5502690076828003
H -5.524686336517334 -1.3769768476486206 -0.39518070220947266
H -1.343000054359436 -0.12999999523162842 4.329999923706055
