N 1.3170000314712524 0.9620000123977661 1.0140000581741333
C -0.019999999552965164 0.4259999990463257 1.2999999523162842
C -0.10899999737739563 0.04699999839067459 2.75600004196167
O 0.8790000081062317 -0.31700000166893005 3.3459999561309814
C -0.27000001072883606 -0.8090000152587891 0.43400001525878906
C -0.22958417236804962 -0.42042186856269836 -1.0196338891983032
C 0.9643933773040771 -0.4607698321342468 -1.7138656377792358
C -1.3891743421554565 -0.027316419407725334 -1.6630122661590576
C 1.00078547000885 -0.10398975759744644 -3.048509359359741
C -1.3508141040802002 0.3324972689151764 -2.996694564819336
C -0.15580900013446808 0.2921636998653412 -3.689954996109009
O -1.2860000133514404 0.11299999803304672 3.3959999084472656
H 1.975000023841858 0.23000000417232513 1.2350000143051147
H 1.3650000095367432 1.1039999723434448 0.017000000923871994
H -0.7699999809265137 1.184000015258789 1.0759999752044678
H 0.5008529424667358 -1.554174780845642 0.6332640647888184
H -1.2475882768630981 -1.2277553081512451 0.6714386343955994
H 1.8692011833190918 -0.7720213532447815 -1.2129051685333252
H -2.323089361190796 0.003061744151636958 -1.1212434768676758
H 1.9347199201583862 -0.1353677362203598 -3.5902838706970215
H -2.2566213607788086 0.6437289118766785 -3.497626543045044
H -0.12768173217773438 0.5720174312591553 -4.732662200927734
H -1.343000054359436 -0.12999999523162842 4.329999923706055
