N 1.3170000314712524 0.9620000123977661 1.0140000581741333
C -0.019999999552965164 0.4259999990463257 1.2999999523162842
C -0.10899999737739563 0.04699999839067459 2.75600004196167
O 0.8790000081062317 -0.31700000166893005 3.3459999561309814
C -0.27000001072883606 -0.8090001344680786 0.4339999556541443
C -1.2892526388168335 -1.6930902004241943 1.101223349571228
C -2.6343393325805664 -1.5205525159835815 0.8363821506500244
C -0.8794655203819275 -2.6825757026672363 1.976500391960144
C -3.5696229934692383 -2.332683563232422 1.4492261409759521
C -1.8159122467041016 -3.491734504699707 2.5912973880767822
C -3.161137819290161 -3.3178935050964355 2.325925827026367
O -1.2860000133514404 0.11299999803304672 3.3959999084472656
H 1.975000023841858 0.23000000417232513 1.2350000143051147
H 1.3650000095367432 1.1039999723434448 0.017000000923871994
H -0.7699999809265137 1.184000015258789 1.0759999752044678
H -0.6415168046951294 -0.498112291097641 -0.5430005192756653
H 0.6619635820388794 -1.3594266176223755 0.3079580068588257
H -2.9543116092681885 -0.7509335875511169 0.14949031174182892
H 0.17195063829421997 -2.8188817501068115 2.182844638824463
H -4.620954513549805 -2.1967451572418213 1.2419558763504028
H -1.4951692819595337 -4.261918544769287 3.2784838676452637
H -3.891726493835449 -3.952139377593994 2.805842399597168
H -1.343000054359436 -0.12999999523162842 4.329999923706055
