N 1.3170000314712524 0.9620000123977661 1.0140000581741333
C -0.019999999552965164 0.4259999990463257 1.2999999523162842
C -0.10899999737739563 0.04699999839067459 2.75600004196167
O 0.8790000081062317 -0.31700000166893005 3.3459999561309814
C -0.27000004053115845 -0.8090001344680786 0.4339999556541443
C -1.552286982536316 -1.471522331237793 0.8611797094345093
C -2.7491295337677 -1.1045763492584229 0.2762978672981262
C -1.5326611995697021 -2.4521360397338867 1.8364379405975342
C -3.9260647296905518 -1.7133398056030273 0.6688806414604187
C -2.710653781890869 -3.0576541423797607 2.23055362701416
C -3.907282829284668 -2.6894383430480957 1.6450875997543335
O -1.2860000133514404 0.11299999803304672 3.3959999084472656
H 1.975000023841858 0.23000000417232513 1.2350000143051147
H 1.3650000095367432 1.1039999723434448 0.017000000923871994
H -0.7699999809265137 1.184000015258789 1.0759999752044678
H -0.34566357731819153 -0.5096920132637024 -0.6118947267532349
H 0.5572590231895447 -1.5085678100585938 0.5508744120597839
H -2.7641658782958984 -0.34207335114479065 -0.4884759783744812
H -0.5972131490707397 -2.740429401397705 2.293009042739868
H -4.861279487609863 -1.4254848957061768 0.21144163608551025
H -2.695044755935669 -3.8208167552948 2.995814323425293
H -4.8268890380859375 -3.1647462844848633 1.9529094696044922
H -1.343000054359436 -0.12999999523162842 4.329999923706055
