N 1.3170000314712524 0.9620000123977661 1.0140000581741333
C -0.019999999552965164 0.4259999990463257 1.2999999523162842
C -0.10899999737739563 0.04699999839067459 2.75600004196167
O 0.8790000081062317 -0.31700000166893005 3.3459999561309814
C -0.26999998092651367 -0.8090000748634338 0.4339999556541443
C 1.0300828218460083 -1.5305660963058472 0.19989416003227234
C 1.4430620670318604 -2.5148537158966064 1.0772733688354492
C 1.8101392984390259 -1.212083101272583 -0.8970094919204712
C 2.6367602348327637 -3.1770451068878174 0.861686646938324
C 3.0052196979522705 -1.8725754022598267 -1.1095625162124634
C 3.41748046875 -2.8566555976867676 -0.23098330199718475
O -1.2860000133514404 0.11299999803304672 3.3959999084472656
H 1.975000023841858 0.23000000417232513 1.2350000143051147
H 1.3650000095367432 1.1039999723434448 0.017000000923871994
H -0.7699999809265137 1.184000015258789 1.0759999752044678
H -0.968870997428894 -1.4737352132797241 0.9428344368934631
H -0.6933372020721436 -0.5028906464576721 -0.5222921967506409
H 0.8319529294967651 -2.766887903213501 1.931404709815979
H 1.4871612787246704 -0.4437437653541565 -1.584012508392334
H 2.9590351581573486 -3.9460246562957764 1.5483795404434204
H 3.616335868835449 -1.6201115846633911 -1.9645969867706299
H 4.350872039794922 -3.37317156791687 -0.399324893951416
H -1.343000054359436 -0.12999999523162842 4.329999923706055
