N 1.3170000314712524 0.9620000123977661 1.0140000581741333
C -0.019999999552965164 0.4259999990463257 1.2999999523162842
C -0.10899999737739563 0.04699999839067459 2.75600004196167
O 0.8790000081062317 -0.31700000166893005 3.3459999561309814
C -0.27000001072883606 -0.8090000152587891 0.43400001525878906
C -0.27831777930259705 -0.4118120074272156 -1.0178438425064087
C 0.8961367011070251 -0.42468568682670593 -1.745620608329773
C -1.4631325006484985 -0.038312796503305435 -1.6259797811508179
C 0.8877846598625183 -0.060014739632606506 -3.0786004066467285
C -1.4695501327514648 0.3294249475002289 -2.958035945892334
C -0.29404154419898987 0.31658080220222473 -3.684870719909668
O -1.2860000133514404 0.11299999803304672 3.3959999084472656
H 1.975000023841858 0.23000000417232513 1.2350000143051147
H 1.3650000095367432 1.1039999723434448 0.017000000923871994
H -0.7699999809265137 1.184000015258789 1.0759999752044678
H 0.5206944346427917 -1.5397989749908447 0.6070348024368286
H -1.232058048248291 -1.248358130455017 0.6963370442390442
H 1.820685863494873 -0.7206321358680725 -1.2721856832504272
H -2.381788730621338 -0.029417643323540688 -1.0579791069030762
H 1.806480050086975 -0.06990907341241837 -3.646613597869873
H -2.395097017288208 0.6253315210342407 -3.4314146041870117
H -0.30089297890663147 0.6025931239128113 -4.726263046264648
H -1.343000054359436 -0.12999999523162842 4.329999923706055
