N 1.3170000314712524 0.9620000123977661 1.0140000581741333
C -0.019999999552965164 0.4259999990463257 1.2999999523162842
C -0.10899999737739563 0.04699999839067459 2.75600004196167
O 0.8790000081062317 -0.31700000166893005 3.3459999561309814
C -0.27000001072883606 -0.8090001344680786 0.4339999258518219
C 0.6018500328063965 -1.9406301975250244 0.9083090424537659
C 0.13973812758922577 -2.811429262161255 1.876466989517212
C 1.8648920059204102 -2.1125946044921875 0.37140101194381714
C 0.9406741261482239 -3.8502798080444336 2.3114168643951416
C 2.6661159992218018 -3.149714946746826 0.8096559047698975
C 2.2029387950897217 -4.0198540687561035 1.7784690856933594
O -1.2860000133514404 0.11299999803304672 3.3959999084472656
H 1.975000023841858 0.23000000417232513 1.2350000143051147
H 1.3650000095367432 1.1039999723434448 0.017000000923871994
H -0.7699999809265137 1.184000015258789 1.0759999752044678
H -1.3181439638137817 -1.1000490188598633 0.510750949382782
H -0.033892031759023666 -0.5786890983581543 -0.604567289352417
H -0.8482183814048767 -2.6800804138183594 2.292646646499634
H 2.2261500358581543 -1.4330695867538452 -0.3864719867706299
H 0.5787650942802429 -4.530233860015869 3.0686633586883545
H 3.6546714305877686 -3.280846357345581 0.3927052617073059
H 2.829585313796997 -4.830940246582031 2.118765115737915
H -1.343000054359436 -0.12999999523162842 4.329999923706055
