N 1.3170000314712524 0.9620000123977661 1.0140000581741333
C -0.019999999552965164 0.4259999990463257 1.2999999523162842
C -0.10899999737739563 0.04699999839067459 2.75600004196167
O 0.8790000081062317 -0.31700000166893005 3.3459999561309814
C -0.27000004053115845 -0.8090001344680786 0.4339999556541443
C -1.424831509590149 -1.5929099321365356 0.9974960088729858
C -2.7138214111328125 -1.3238604068756104 0.5788252353668213
C -1.1958034038543701 -2.5870094299316406 1.931535243988037
C -3.7736501693725586 -2.0440454483032227 1.0964994430541992
C -2.2567639350891113 -3.304089069366455 2.450963258743286
C -3.5457279682159424 -3.0337440967559814 2.031726121902466
O -1.2860000133514404 0.11299999803304672 3.3959999084472656
H 1.975000023841858 0.23000000417232513 1.2350000143051147
H 1.3650000095367432 1.1039999723434448 0.017000000923871994
H -0.7699999809265137 1.184000015258789 1.0759999752044678
H -0.5041413307189941 -0.49693843722343445 -0.5843326449394226
H 0.6230953335762024 -1.4332612752914429 0.4244740605354309
H -2.892507553100586 -0.5507224798202515 -0.15387198328971863
H -0.18827633559703827 -2.79876971244812 2.2581546306610107
H -4.78101921081543 -1.8326833248138428 0.7689764499664307
H -2.077392578125 -4.077841758728027 3.184051036834717
H -4.3737263679504395 -3.596135139465332 2.437290906906128
H -1.343000054359436 -0.12999999523162842 4.329999923706055
