N 1.3170000314712524 0.9620000123977661 1.0140000581741333
C -0.019999999552965164 0.4259999990463257 1.2999999523162842
C -0.10899999737739563 0.04699999839067459 2.75600004196167
O 0.8790000081062317 -0.31700000166893005 3.3459999561309814
C -0.27000001072883606 -0.8090001344680786 0.4339999258518219
C -0.014255372807383537 -2.0514819622039795 1.2442539930343628
C -1.0414069890975952 -2.6328094005584717 1.9627149105072021
C 1.248611330986023 -2.6152255535125732 1.2661117315292358
C -0.805953323841095 -3.7736339569091797 2.7063350677490234
C 1.4835658073425293 -3.7540180683135986 2.012833833694458
C 0.45542195439338684 -4.334350109100342 2.731450080871582
O -1.2860000133514404 0.11299999803304672 3.3959999084472656
H 1.975000023841858 0.23000000417232513 1.2350000143051147
H 1.3650000095367432 1.1039999723434448 0.017000000923871994
H -0.7699999809265137 1.184000015258789 1.0759999752044678
H -1.3041465282440186 -0.8064188957214355 0.08796489983797073
H 0.39899876713752747 -0.7915538549423218 -0.42597001791000366
H -2.0287063121795654 -2.195389747619629 1.9422180652618408
H 2.051619052886963 -2.162081003189087 0.7035534381866455
H -1.609419345855713 -4.22710657119751 3.2680673599243164
H 2.4717469215393066 -4.191490173339844 2.0328621864318848
H 0.640137255191803 -5.225295066833496 3.3132107257843018
H -1.343000054359436 -0.12999999523162842 4.329999923706055
