N 1.3170000314712524 0.9620000123977661 1.0140000581741333
C -0.019999999552965164 0.4259999990463257 1.2999999523162842
C -0.10899999737739563 0.04699999839067459 2.75600004196167
O 0.8790000081062317 -0.31700000166893005 3.3459999561309814
C -0.27000001072883606 -0.8090000748634338 0.4339999854564667
C -1.620451807975769 -0.6984970569610596 -0.2215510606765747
C -1.7423638105392456 -0.09268725663423538 -1.4573909044265747
C -2.7400710582733154 -1.2080659866333008 0.41083285212516785
C -2.9825332164764404 0.008334919810295105 -2.058776617050171
C -3.980095386505127 -1.1033436059951782 -0.19001567363739014
C -4.1008477210998535 -0.4967433214187622 -1.4260292053222656
O -1.2860000133514404 0.11299999803304672 3.3959999084472656
H 1.975000023841858 0.23000000417232513 1.2350000143051147
H 1.3650000095367432 1.1039999723434448 0.017000000923871994
H -0.7699999809265137 1.184000015258789 1.0759999752044678
H 0.502455472946167 -0.8771293759346008 -0.3327312767505646
H -0.24037078022956848 -1.7022716999053955 1.057377815246582
H -0.8675985932350159 0.30127960443496704 -1.9534674882888794
H -2.6452126502990723 -1.6830188035964966 1.3762627840042114
H -3.07694411277771 0.48252788186073303 -3.0246779918670654
H -4.855187892913818 -1.4979404211044312 0.3067653179168701
H -5.070351600646973 -0.417147159576416 -1.895149827003479
H -1.343000054359436 -0.12999999523162842 4.329999923706055
