N 1.3170000314712524 0.9620000123977661 1.0140000581741333
C -0.019999999552965164 0.4259999990463257 1.2999999523162842
C -0.10899999737739563 0.04699999839067459 2.75600004196167
O 0.8790000081062317 -0.31700000166893005 3.3459999561309814
C -0.26999998092651367 -0.8090000152587891 0.43400001525878906
C 0.19526268541812897 -0.5398430228233337 -0.9719740748405457
C 1.495180606842041 -0.831389307975769 -1.338555932044983
C -0.6800695061683655 -0.004874454345554113 -1.8997236490249634
C 1.9216787815093994 -0.5841344594955444 -2.6296231746673584
C -0.25138211250305176 0.2451007217168808 -3.189446449279785
C 1.0492790937423706 -0.04653381183743477 -3.5548288822174072
O -1.2860000133514404 0.11299999803304672 3.3959999084472656
H 1.975000023841858 0.23000000417232513 1.2350000143051147
H 1.3650000095367432 1.1039999723434448 0.017000000923871994
H -0.7699999809265137 1.184000015258789 1.0759999752044678
H 0.28005552291870117 -1.6569068431854248 0.8435105085372925
H -1.3352118730545044 -1.0385321378707886 0.42688360810279846
H 2.1776256561279297 -1.2533342838287354 -0.6155433654785156
H -1.6967575550079346 0.22191689908504486 -1.614163875579834
H 2.9382052421569824 -0.8119123578071594 -2.9151554107666016
H -0.9347895979881287 0.6671966910362244 -3.9126851558685303
H 1.3823983669281006 0.14778432250022888 -4.563600063323975
H -1.343000054359436 -0.12999999523162842 4.329999923706055
