N 1.3170000314712524 0.9620000123977661 1.0140000581741333
C -0.019999999552965164 0.4259999990463257 1.2999999523162842
C -0.10899999737739563 0.04699999839067459 2.75600004196167
O 0.8790000081062317 -0.31700000166893005 3.3459999561309814
C -0.26999998092651367 -0.8090000152587891 0.4339999854564667
C 0.8478400707244873 -0.9588457345962524 -0.5628239512443542
C 1.9692788124084473 -1.6982864141464233 -0.2391408383846283
C 0.7508773803710938 -0.3602762520313263 -1.8059771060943604
C 2.995192527770996 -1.8355690240859985 -1.1548619270324707
C 1.7789331674575806 -0.49544599652290344 -2.7194738388061523
C 2.9003970623016357 -1.2349776029586792 -2.3943798542022705
O -1.2860000133514404 0.11299999803304672 3.3959999084472656
H 1.975000023841858 0.23000000417232513 1.2350000143051147
H 1.3650000095367432 1.1039999723434448 0.017000000923871994
H -0.7699999809265137 1.184000015258789 1.0759999752044678
H -0.31304702162742615 -1.694738507270813 1.0686811208724976
H -1.2161669731140137 -0.6968380212783813 -0.09477182477712631
H 2.0432705879211426 -2.1695494651794434 0.7298547029495239
H -0.12613454461097717 0.21669167280197144 -2.0601253509521484
H 3.871706962585449 -2.413403272628784 -0.9007605314254761
H 1.7043153047561646 -0.023787232115864754 -3.689141273498535
H 3.702294111251831 -1.3411532640457153 -3.1099464893341064
H -1.343000054359436 -0.12999999523162842 4.329999923706055
