N 1.3170000314712524 0.9620000123977661 1.0140000581741333
C -0.019999999552965164 0.4259999990463257 1.2999999523162842
C -0.10899999737739563 0.04699999839067459 2.75600004196167
O 0.8790000081062317 -0.31700000166893005 3.3459999561309814
C -0.27000001072883606 -0.8090001344680786 0.4339999258518219
C 0.10283555835485458 -2.0472216606140137 1.2043761014938354
C -0.8412741422653198 -2.6879899501800537 1.9836326837539673
C 1.3901176452636719 -2.5475168228149414 1.1287016868591309
C -0.49833616614341736 -3.824866771697998 2.69059419631958
C 1.7326785326004028 -3.6824278831481934 1.8388245105743408
C 0.7875425815582275 -4.322253704071045 2.618321657180786
O -1.2860000133514404 0.11299999803304672 3.3959999084472656
H 1.975000023841858 0.23000000417232513 1.2350000143051147
H 1.3650000095367432 1.1039999723434448 0.017000000923871994
H -0.7699999809265137 1.184000015258789 1.0759999752044678
H -1.3249253034591675 -0.8536640405654907 0.16133959591388702
H 0.33482396602630615 -0.7474572062492371 -0.4703299105167389
H -1.847740650177002 -2.300126791000366 2.039341449737549
H 2.1282074451446533 -2.047889471054077 0.5185955166816711
H -1.2369248867034912 -4.324833869934082 3.299903154373169
H 2.739993095397949 -4.070293426513672 1.7825857400894165
H 1.0562684535980225 -5.210086345672607 3.1713919639587402
H -1.343000054359436 -0.12999999523162842 4.329999923706055
