N 1.3170000314712524 0.9620000123977661 1.0140000581741333
C -0.019999999552965164 0.4259999990463257 1.2999999523162842
C -0.10899999737739563 0.04699999839067459 2.75600004196167
O 0.8790000081062317 -0.31700000166893005 3.3459999561309814
C -0.26999998092651367 -0.8090001344680786 0.4339999556541443
C 0.8832783102989197 -1.7655847072601318 0.5774335861206055
C 0.8594688773155212 -2.735841989517212 1.560897946357727
C 1.9659180641174316 -1.6770974397659302 -0.2788248062133789
C 1.9186029434204102 -3.6138768196105957 1.6919711828231812
C 3.0259041786193848 -2.5534729957580566 -0.1445077806711197
C 3.0011446475982666 -3.523305892944336 0.8399138450622559
O -1.2860000133514404 0.11299999803304672 3.3959999084472656
H 1.975000023841858 0.23000000417232513 1.2350000143051147
H 1.3650000095367432 1.1039999723434448 0.017000000923871994
H -0.7699999809265137 1.184000015258789 1.0759999752044678
H -1.1904194355010986 -1.297533392906189 0.7555108070373535
H -0.36558297276496887 -0.5084120631217957 -0.6090354323387146
H 0.012167911045253277 -2.8080525398254395 2.2267677783966064
H 1.9844774007797241 -0.9197685122489929 -1.0487220287322998
H 1.899335265159607 -4.37173318862915 2.461399555206299
H 3.8735270500183105 -2.480912923812866 -0.8112576007843018
H 3.829500198364258 -4.208602428436279 0.9425923228263855
H -1.343000054359436 -0.12999999523162842 4.329999923706055
