N 1.3170000314712524 0.9620000123977661 1.0140000581741333
C -0.019999999552965164 0.4259999990463257 1.2999999523162842
C -0.10899999737739563 0.04699999839067459 2.75600004196167
O 0.8790000081062317 -0.31700000166893005 3.3459999561309814
C -0.27000004053115845 -0.8090001344680786 0.4339999556541443
C -1.726273775100708 -1.1837674379348755 0.5010406374931335
C -2.620543956756592 -0.6510385870933533 -0.407611608505249
C -2.1695590019226074 -2.0660245418548584 1.4696674346923828
C -3.957442283630371 -0.9956331253051758 -0.3455805480480194
C -3.5072131156921387 -2.4071173667907715 1.5327786207199097
C -4.400867938995361 -1.8732335567474365 0.623590350151062
O -1.2860000133514404 0.11299999803304672 3.3959999084472656
H 1.975000023841858 0.23000000417232513 1.2350000143051147
H 1.3650000095367432 1.1039999723434448 0.017000000923871994
H -0.7699999809265137 1.184000015258789 1.0759999752044678
H 0.0022464124485850334 -0.58925861120224 -0.5988608598709106
H 0.3359743058681488 -1.6378124952316284 0.7990713119506836
H -2.273902416229248 0.03440544009208679 -1.1669023036956787
H -1.4707462787628174 -2.483909845352173 2.1793618202209473
H -4.655888557434082 -0.5782928466796875 -1.0560293197631836
H -3.8535802364349365 -3.0932726860046387 2.2927162647247314
H -5.445682048797607 -2.1420490741729736 0.673079252243042
H -1.343000054359436 -0.12999999523162842 4.329999923706055
