N 1.3170000314712524 0.9620000123977661 1.0140000581741333
C -0.019999999552965164 0.4259999990463257 1.2999999523162842
C -0.10899999737739563 0.04699999839067459 2.75600004196167
O 0.8790000081062317 -0.31700000166893005 3.3459999561309814
C -0.26999998092651367 -0.8090000748634338 0.4339999854564667
C 0.9060523509979248 -1.0292093753814697 -0.4792836010456085
C 1.9637904167175293 -1.8172922134399414 -0.06784258782863617
C 0.926377534866333 -0.44657397270202637 -1.733572244644165
C 3.0432021617889404 -2.0191662311553955 -0.9068940281867981
C 2.007873058319092 -0.6464070081710815 -2.570280075073242
C 3.065532922744751 -1.4345594644546509 -2.1574289798736572
O -1.2860000133514404 0.11299999803304672 3.3959999084472656
H 1.975000023841858 0.23000000417232513 1.2350000143051147
H 1.3650000095367432 1.1039999723434448 0.017000000923871994
H -0.7699999809265137 1.184000015258789 1.0759999752044678
H -0.40151509642601013 -1.6813139915466309 1.0750757455825806
H -1.1700305938720703 -0.659210205078125 -0.1617516130208969
H 1.9461318254470825 -2.2760515213012695 0.9097791314125061
H 0.0991881713271141 0.1684197336435318 -2.0563318729400635
H 3.869856119155884 -2.6350014209747314 -0.5842055082321167
H 2.0249745845794678 -0.1872328221797943 -3.54862117767334
H 3.9092886447906494 -1.591220736503601 -2.813081979751587
H -1.343000054359436 -0.12999999523162842 4.329999923706055
