N 1.3170000314712524 0.9620000123977661 1.0140000581741333
C -0.019999999552965164 0.4259999990463257 1.2999999523162842
C -0.10899999737739563 0.04699999839067459 2.75600004196167
O 0.8790000081062317 -0.31700000166893005 3.3459999561309814
C -0.26999998092651367 -0.8090000748634338 0.4339999854564667
C 0.9713760018348694 -1.1299740076065063 -0.35444119572639465
C 1.926047682762146 -1.9783848524093628 0.17278672754764557
C 1.154950499534607 -0.5795026421546936 -1.6099883317947388
C 3.065511703491211 -2.2727630138397217 -0.5516809225082397
C 2.2963969707489014 -0.8719322085380554 -2.331951379776001
C 3.2508482933044434 -1.7203741073608398 -1.8033270835876465
O -1.2860000133514404 0.11299999803304672 3.3959999084472656
H 1.975000023841858 0.23000000417232513 1.2350000143051147
H 1.3650000095367432 1.1039999723434448 0.017000000923871994
H -0.7699999809265137 1.184000015258789 1.0759999752044678
H -0.5242976546287537 -1.6551446914672852 1.0732009410858154
H -1.0947800874710083 -0.6122609972953796 -0.2504293918609619
H 1.7808372974395752 -2.4119391441345215 1.1512858867645264
H 0.40836814045906067 0.08264974504709244 -2.023270845413208
H 3.8115105628967285 -2.9357199668884277 -0.13850843906402588
H 2.4411540031433105 -0.4379429221153259 -3.3112285137176514
H 4.141604423522949 -1.9493420124053955 -2.369431972503662
H -1.343000054359436 -0.12999999523162842 4.329999923706055
