N 1.3170000314712524 0.9620000123977661 1.0140000581741333
C -0.019999999552965164 0.4259999990463257 1.2999999523162842
C -0.10899999737739563 0.04699999839067459 2.75600004196167
O 0.8790000081062317 -0.31700000166893005 3.3459999561309814
C -0.27000001072883606 -0.8090001344680786 0.4339999258518219
C -0.8771454691886902 -1.899033546447754 1.2759499549865723
C -2.2499775886535645 -1.9938939809799194 1.400454044342041
C -0.06091076508164406 -2.8099305629730225 1.9218173027038574
C -2.806776285171509 -2.9950006008148193 2.1735329627990723
C -0.6188058853149414 -3.8084170818328857 2.6973321437835693
C -1.992160439491272 -3.9020144939422607 2.821474313735962
O -1.2860000133514404 0.11299999803304672 3.3959999084472656
H 1.975000023841858 0.23000000417232513 1.2350000143051147
H 1.3650000095367432 1.1039999723434448 0.017000000923871994
H -0.7699999809265137 1.184000015258789 1.0759999752044678
H -0.9528278708457947 -0.551876962184906 -0.3764565587043762
H 0.6739820241928101 -1.1563544273376465 0.014887888915836811
H -2.8877313137054443 -1.2854783535003662 0.8925822973251343
H 1.012270450592041 -2.7371697425842285 1.8237287998199463
H -3.880070447921753 -3.068077802658081 2.2706797122955322
H 0.0198611319065094 -4.517238616943359 3.205230951309204
H -2.4267876148223877 -4.683913707733154 3.4265198707580566
H -1.343000054359436 -0.12999999523162842 4.329999923706055
