N 1.3170000314712524 0.9620000123977661 1.0140000581741333
C -0.019999999552965164 0.4259999990463257 1.2999999523162842
C -0.10899999737739563 0.04699999839067459 2.75600004196167
O 0.8790000081062317 -0.31700000166893005 3.3459999561309814
C -0.26999998092651367 -0.8090000152587891 0.43400001525878906
C 0.39002859592437744 -0.6253452301025391 -0.9062653183937073
C 1.6939667463302612 -1.0401508808135986 -1.098227858543396
C -0.31037241220474243 -0.04548681154847145 -1.948531985282898
C 2.299330472946167 -0.8713464736938477 -2.329052686691284
C 0.297231525182724 0.12587785720825195 -3.1777989864349365
C 1.601745843887329 -0.2890428900718689 -3.3684754371643066
O -1.2860000133514404 0.11299999803304672 3.3959999084472656
H 1.975000023841858 0.23000000417232513 1.2350000143051147
H 1.3650000095367432 1.1039999723434448 0.017000000923871994
H -0.7699999809265137 1.184000015258789 1.0759999752044678
H 0.1456785649061203 -1.6883405447006226 0.927130401134491
H -1.3422677516937256 -0.9451212882995605 0.29570749402046204
H 2.2396271228790283 -1.4970823526382446 -0.28583359718322754
H -1.330171823501587 0.27767717838287354 -1.7995107173919678
H 3.318877935409546 -1.195477843284607 -2.4780476093292236
H -0.24933770298957825 0.5830363631248474 -3.9905431270599365
H 2.0747244358062744 -0.1560157835483551 -4.330214977264404
H -1.343000054359436 -0.12999999523162842 4.329999923706055
