N 1.3170000314712524 0.9620000123977661 1.0140000581741333
C -0.019999999552965164 0.4259999990463257 1.2999999523162842
C -0.10899999737739563 0.04699999839067459 2.75600004196167
O 0.8790000081062317 -0.31700000166893005 3.3459999561309814
C -0.27000001072883606 -0.8090000152587891 0.43400001525878906
C -0.853198230266571 -0.38662707805633545 -0.8878014087677002
C -0.019677847623825073 -0.09552127867937088 -1.9506603479385376
C -2.2247657775878906 -0.294442355632782 -1.0408432483673096
C -0.5557844042778015 0.2920997142791748 -3.164015293121338
C -2.7594611644744873 0.0965961217880249 -2.2536232471466064
C -1.924664855003357 0.3879600763320923 -3.3159303665161133
O -1.2860000133514404 0.11299999803304672 3.3959999084472656
H 1.975000023841858 0.23000000417232513 1.2350000143051147
H 1.3650000095367432 1.1039999723434448 0.017000000923871994
H -0.7699999809265137 1.184000015258789 1.0759999752044678
H 0.6724116206169128 -1.3313181400299072 0.2659226357936859
H -0.9666178226470947 -1.4748483896255493 0.9427058100700378
H 1.051209568977356 -0.17178396880626678 -1.832761287689209
H -2.8769123554229736 -0.5232500433921814 -0.21079206466674805
H 0.09661279618740082 0.5199480056762695 -3.9941964149475098
H -3.8312346935272217 0.1725774109363556 -2.3711538314819336
H -2.344041347503662 0.6917898058891296 -4.26364278793335
H -1.343000054359436 -0.12999999523162842 4.329999923706055
