N 1.3170000314712524 0.9620000123977661 1.0140000581741333
C -0.019999999552965164 0.4259999990463257 1.2999999523162842
C -0.10899999737739563 0.04699999839067459 2.75600004196167
O 0.8790000081062317 -0.31700000166893005 3.3459999561309814
C -0.26999998092651367 -0.8090001344680786 0.4339999556541443
C 0.6874738931655884 -1.9015898704528809 0.827915608882904
C 0.3381221294403076 -2.8063933849334717 1.8120152950286865
C 1.9162534475326538 -2.0036251544952393 0.2011726349592209
C 1.2176263332366943 -3.809370279312134 2.1731245517730713
C 2.796194076538086 -3.0049009323120117 0.5655858516693115
C 2.4457950592041016 -3.909106969833374 1.5504240989685059
O -1.2860000133514404 0.11299999803304672 3.3959999084472656
H 1.975000023841858 0.23000000417232513 1.2350000143051147
H 1.3650000095367432 1.1039999723434448 0.017000000923871994
H -0.7699999809265137 1.184000015258789 1.0759999752044678
H -1.2946103811264038 -1.1528929471969604 0.5793177485466003
H -0.11950083076953888 -0.5542270541191101 -0.6147387027740479
H -0.6231479048728943 -2.729691982269287 2.2984235286712646
H 2.1893491744995117 -1.2975025177001953 -0.569179892539978
H 0.943858802318573 -4.515945911407471 2.9428908824920654
H 3.757995367050171 -3.081346035003662 0.07837022095918655
H 3.133829116821289 -4.692127704620361 1.8329750299453735
H -1.343000054359436 -0.12999999523162842 4.329999923706055
