N 1.3170000314712524 0.9620000123977661 1.0140000581741333
C -0.019999999552965164 0.4259999990463257 1.2999999523162842
C -0.10899999737739563 0.04699999839067459 2.75600004196167
O 0.8790000081062317 -0.31700000166893005 3.3459999561309814
C -0.27000004053115845 -0.8090001344680786 0.4339999556541443
C -1.576694369316101 -1.443581223487854 0.8283790946006775
C -2.749089479446411 -1.0566518306732178 0.2079411745071411
C -1.6039804220199585 -2.41853666305542 1.8091107606887817
C -3.948453903198242 -1.6397666931152344 0.5704216957092285
C -2.804380416870117 -2.9983768463134766 2.1730759143829346
C -3.9765207767486572 -2.6101856231689453 1.5520533323287964
O -1.2860000133514404 0.11299999803304672 3.3959999084472656
H 1.975000023841858 0.23000000417232513 1.2350000143051147
H 1.3650000095367432 1.1039999723434448 0.017000000923871994
H -0.7699999809265137 1.184000015258789 1.0759999752044678
H -0.3102535307407379 -0.5145256519317627 -0.61522376537323
H 0.5395956635475159 -1.5240061283111572 0.5779901742935181
H -2.7274672985076904 -0.2985914647579193 -0.5610796809196472
H -0.6876538395881653 -2.722452402114868 2.293480634689331
H -4.864531993865967 -1.336299180984497 0.08519311249256134
H -2.8254570960998535 -3.7571051120758057 2.942603349685669
H -4.913675785064697 -3.065446376800537 1.8363521099090576
H -1.343000054359436 -0.12999999523162842 4.329999923706055
