N 1.3170000314712524 0.9620000123977661 1.0140000581741333
C -0.019999999552965164 0.4259999990463257 1.2999999523162842
C -0.10899999737739563 0.04699999839067459 2.75600004196167
O 0.8790000081062317 -0.31700000166893005 3.3459999561309814
C -0.27000001072883606 -0.8090001344680786 0.4339999556541443
C -1.3249667882919312 -1.6688438653945923 1.0769556760787964
C -2.6583805084228516 -1.4714475870132446 0.7732939720153809
C -0.9596861004829407 -2.6609485149383545 1.9688163995742798
C -3.6264700889587402 -2.2613260746002197 1.363874077796936
C -1.92893385887146 -3.4478209018707275 2.5612995624542236
C -3.2624456882476807 -3.249121904373169 2.257096767425537
O -1.2860000133514404 0.11299999803304672 3.3959999084472656
H 1.975000023841858 0.23000000417232513 1.2350000143051147
H 1.3650000095367432 1.1039999723434448 0.017000000923871994
H -0.7699999809265137 1.184000015258789 1.0759999752044678
H -0.607639729976654 -0.4967116713523865 -0.5547777414321899
H 0.6540324091911316 -1.3784117698669434 0.33732226490974426
H -2.943563222885132 -0.6998034715652466 0.07347093522548676
H 0.08259616047143936 -2.8166897296905518 2.2055137157440186
H -4.668648719787598 -2.10595965385437 1.1262555122375488
H -1.6430003643035889 -4.220043182373047 3.261442184448242
H -4.018691062927246 -3.865978240966797 2.719620704650879
H -1.343000054359436 -0.12999999523162842 4.329999923706055
