N 1.3170000314712524 0.9620000123977661 1.0140000581741333
C -0.019999999552965164 0.4259999990463257 1.2999999523162842
C -0.10899999737739563 0.04699999839067459 2.75600004196167
O 0.8790000081062317 -0.31700000166893005 3.3459999561309814
C -0.27000004053115845 -0.8090001344680786 0.4339999556541443
C -1.40897536277771 -1.605876088142395 1.0114095211029053
C -2.706336498260498 -1.3484429121017456 0.611721396446228
C -1.156994104385376 -2.600254774093628 1.9392207860946655
C -3.751598596572876 -2.080528736114502 1.1421623229980469
C -2.2033936977386475 -3.329251527786255 2.471440315246582
C -3.500749349594116 -3.070521116256714 2.0711891651153564
O -1.2860000133514404 0.11299999803304672 3.3959999084472656
H 1.975000023841858 0.23000000417232513 1.2350000143051147
H 1.3650000095367432 1.1039999723434448 0.017000000923871994
H -0.7699999809265137 1.184000015258789 1.0759999752044678
H -0.5215550065040588 -0.496439129114151 -0.580017626285553
H 0.6289868950843811 -1.424355387687683 0.4100726544857025
H -2.9029622077941895 -0.5750759840011597 -0.11612339317798615
H -0.1429184079170227 -2.80293345451355 2.2509982585906982
H -4.7655253410339355 -1.8782442808151245 0.829477846622467
H -2.006071090698242 -4.103227615356445 3.1996641159057617
H -4.317354202270508 -3.6422128677368164 2.4867286682128906
H -1.343000054359436 -0.12999999523162842 4.329999923706055
