N 1.3170000314712524 0.9620000123977661 1.0140000581741333
C -0.019999999552965164 0.4259999990463257 1.2999999523162842
C -0.10899999737739563 0.04699999839067459 2.75600004196167
O 0.8790000081062317 -0.31700000166893005 3.3459999561309814
C -0.26999998092651367 -0.8090001344680786 0.4339999556541443
C 0.7797245383262634 -1.8478748798370361 0.724681556224823
C 0.5687389373779297 -2.786245346069336 1.7167068719863892
C 1.9546844959259033 -1.8669353723526 -0.004854516126215458
C 1.5328822135925293 -3.7398719787597656 1.983003854751587
C 2.919442892074585 -2.8188862800598145 0.2647309899330139
C 2.7074434757232666 -3.7567338943481445 1.257591724395752
O -1.2860000133514404 0.11299999803304672 3.3959999084472656
H 1.975000023841858 0.23000000417232513 1.2350000143051147
H 1.3650000095367432 1.1039999723434448 0.017000000923871994
H -0.7699999809265137 1.184000015258789 1.0759999752044678
H -1.256692886352539 -1.2157613039016724 0.6580279469490051
H -0.22428233921527863 -0.5303967595100403 -0.6184743046760559
H -0.35057616233825684 -2.7743921279907227 2.2834830284118652
H 2.119595527648926 -1.1345551013946533 -0.7814218997955322
H 1.3672797679901123 -4.47273588180542 2.7590348720550537
H 3.839203119277954 -2.830440044403076 -0.30288925766944885
H 3.461601495742798 -4.501152038574219 1.4660025835037231
H -1.343000054359436 -0.12999999523162842 4.329999923706055
