N 1.3170000314712524 0.9620000123977661 1.0140000581741333
C -0.019999999552965164 0.4259999990463257 1.2999999523162842
C -0.10899999737739563 0.04699999839067459 2.75600004196167
O 0.8790000081062317 -0.31700000166893005 3.3459999561309814
C -0.27000001072883606 -0.8090000152587891 0.43400001525878906
C -0.9651967287063599 -0.3997327983379364 -0.8367792367935181
C -0.22418701648712158 -0.0541498064994812 -1.9506217241287231
C -2.3470168113708496 -0.3741525113582611 -0.8918768763542175
C -0.8630955815315247 0.3214031159877777 -3.117089033126831
C -2.9846460819244385 0.004876529332250357 -2.0578150749206543
C -2.2423386573791504 0.3507740795612335 -3.1711924076080322
O -1.2860000133514404 0.11299999803304672 3.3959999084472656
H 1.975000023841858 0.23000000417232513 1.2350000143051147
H 1.3650000095367432 1.1039999723434448 0.017000000923871994
H -0.7699999809265137 1.184000015258789 1.0759999752044678
H 0.682551383972168 -1.2815287113189697 0.19199088215827942
H -0.8955107927322388 -1.5150704383850098 0.9795389771461487
H 0.8548023104667664 -0.07838372141122818 -1.909259557723999
H -2.926840305328369 -0.6455626487731934 -0.02194896899163723
H -0.2829848825931549 0.5918692946434021 -3.9871795177459717
H -4.064478397369385 0.028780631721019745 -2.098752021789551
H -2.742060422897339 0.6451444029808044 -4.082220077514648
H -1.343000054359436 -0.12999999523162842 4.329999923706055
