N 1.3170000314712524 0.9620000123977661 1.0140000581741333
C -0.019999999552965164 0.4259999990463257 1.2999999523162842
C -0.10899999737739563 0.04699999839067459 2.75600004196167
O 0.8790000081062317 -0.31700000166893005 3.3459999561309814
C -0.27000001072883606 -0.8090000152587891 0.43400001525878906
C -1.232536792755127 -0.4624679684638977 -0.6701361536979675
C -0.7579057216644287 0.00486778374761343 -1.8807107210159302
C -2.593202829360962 -0.6164742708206177 -0.4752327501773834
C -1.6421754360198975 0.3227345943450928 -2.894080400466919
C -3.4765586853027344 -0.29500818252563477 -1.4881432056427002
C -3.0006155967712402 0.17279739677906036 -2.6984782218933105
O -1.2860000133514404 0.11299999803304672 3.3959999084472656
H 1.975000023841858 0.23000000417232513 1.2350000143051147
H 1.3650000095367432 1.1039999723434448 0.017000000923871994
H -0.7699999809265137 1.184000015258789 1.0759999752044678
H 0.6728487014770508 -1.146664023399353 0.002461749594658613
H -0.6919142007827759 -1.6042656898498535 1.0479649305343628
H 0.3047880232334137 0.12094294279813766 -2.034738779067993
H -2.96476674079895 -0.9831035137176514 0.4703657031059265
H -1.2702442407608032 0.6884698867797852 -3.839935779571533
H -4.539955139160156 -0.41153112053871155 -1.3335622549057007
H -3.6920812129974365 0.42200979590415955 -3.489753246307373
H -1.343000054359436 -0.12999999523162842 4.329999923706055
