N 1.3170000314712524 0.9620000123977661 1.0140000581741333
C -0.019999999552965164 0.4259999990463257 1.2999999523162842
C -0.10899999737739563 0.04699999839067459 2.75600004196167
O 0.8790000081062317 -0.31700000166893005 3.3459999561309814
C -0.26999998092651367 -0.8090001344680786 0.4339999556541443
C 0.9261454343795776 -1.7203136682510376 0.5004976391792297
C 0.996051013469696 -2.700819253921509 1.4715230464935303
C 1.9543112516403198 -1.5799654722213745 -0.413993775844574
C 2.0944979190826416 -3.5372722148895264 1.5319476127624512
C 3.0537266731262207 -2.414760112762451 -0.3503578305244446
C 3.1227219104766846 -3.3948891162872314 0.6216818690299988
O -1.2860000133514404 0.11299999803304672 3.3959999084472656
H 1.975000023841858 0.23000000417232513 1.2350000143051147
H 1.3650000095367432 1.1039999723434448 0.017000000923871994
H -0.7699999809265137 1.184000015258789 1.0759999752044678
H -1.1509041786193848 -1.3370907306671143 0.8005160689353943
H -0.43614158034324646 -0.5017393827438354 -0.5981821417808533
H 0.19125761091709137 -2.813570976257324 2.1829376220703125
H 1.8995941877365112 -0.81461501121521 -1.1741766929626465
H 2.1485025882720947 -4.303173065185547 2.2916955947875977
H 3.8587777614593506 -2.3016369342803955 -1.06266450881958
H 3.9817779064178467 -4.047667503356934 0.669123113155365
H -1.343000054359436 -0.12999999523162842 4.329999923706055
