N 1.3170000314712524 0.9620000123977661 1.0140000581741333
C -0.019999999552965164 0.4259999990463257 1.2999999523162842
C -0.10899999737739563 0.04699999839067459 2.75600004196167
O 0.8790000081062317 -0.31700000166893005 3.3459999561309814
C -0.27000001072883606 -0.8090001344680786 0.4339999258518219
C -1.1150717735290527 -1.7945839166641235 1.195680022239685
C -2.4928150177001953 -1.7388705015182495 1.1068689823150635
C -0.5125333666801453 -2.7603182792663574 1.9814417362213135
C -3.2681162357330322 -2.644141912460327 1.8063558340072632
C -1.2889931201934814 -3.6627743244171143 2.683103561401367
C -2.6670546531677246 -3.605764865875244 2.593824625015259
O -1.2860000133514404 0.11299999803304672 3.3959999084472656
H 1.975000023841858 0.23000000417232513 1.2350000143051147
H 1.3650000095367432 1.1039999723434448 0.017000000923871994
H -0.7699999809265137 1.184000015258789 1.0759999752044678
H -0.7886727452278137 -0.5134775638580322 -0.4786067306995392
H 0.6826015114784241 -1.27046537399292 0.17513282597064972
H -2.9634721279144287 -0.9877151846885681 0.4898083806037903
H 0.5644487738609314 -2.8052866458892822 2.0501489639282227
H -4.3451008796691895 -2.599513530731201 1.736708164215088
H -0.8174879550933838 -4.414428234100342 3.300342321395874
H -3.272534132003784 -4.312790870666504 3.141416072845459
H -1.343000054359436 -0.12999999523162842 4.329999923706055
