N 1.3170000314712524 0.9620000123977661 1.0140000581741333
C -0.019999999552965164 0.4259999990463257 1.2999999523162842
C -0.10899999737739563 0.04699999839067459 2.75600004196167
O 0.8790000081062317 -0.31700000166893005 3.3459999561309814
C -0.27000001072883606 -0.8090001344680786 0.4339999258518219
C -0.3040314018726349 -2.035778522491455 1.3055129051208496
C -1.498677372932434 -2.4630885124206543 1.8526830673217773
C 0.8603354692459106 -2.739351511001587 1.5552163124084473
C -1.5292478799819946 -3.5895822048187256 2.652662754058838
C 0.8290069103240967 -3.8636348247528076 2.3581182956695557
C -0.3665158748626709 -4.289836406707764 2.9052488803863525
O -1.2860000133514404 0.11299999803304672 3.3959999084472656
H 1.975000023841858 0.23000000417232513 1.2350000143051147
H 1.3650000095367432 1.1039999723434448 0.017000000923871994
H -0.7699999809265137 1.184000015258789 1.0759999752044678
H -1.2244280576705933 -0.7028636336326599 -0.08272837102413177
H 0.5295578837394714 -0.9063711166381836 -0.2999197542667389
H -2.408804178237915 -1.9164762496948242 1.6541882753372192
H 1.7942728996276855 -2.4066433906555176 1.1266148090362549
H -2.463536262512207 -3.9225995540618896 3.080380439758301
H 1.7400683164596558 -4.410420894622803 2.556302547454834
H -0.38974305987358093 -5.169640064239502 3.531151056289673
H -1.343000054359436 -0.12999999523162842 4.329999923706055
