N 1.3170000314712524 0.9620000123977661 1.0140000581741333
C -0.019999999552965164 0.4259999990463257 1.2999999523162842
C -0.10899999737739563 0.04699999839067459 2.75600004196167
O 0.8790000081062317 -0.31700000166893005 3.3459999561309814
C -0.26999998092651367 -0.8090000748634338 0.4339999556541443
C 1.0056833028793335 -1.5968810319900513 0.3015094995498657
C 1.3065909147262573 -2.586015224456787 1.2181535959243774
C 1.87556791305542 -1.3344765901565552 -0.7413528561592102
C 2.477947235107422 -3.30910587310791 1.0958646535873413
C 3.048173666000366 -2.055889129638672 -0.860539436340332
C 3.3482918739318848 -3.044761896133423 0.05724825710058212
O -1.2860000133514404 0.11299999803304672 3.3959999084472656
H 1.975000023841858 0.23000000417232513 1.2350000143051147
H 1.3650000095367432 1.1039999723434448 0.017000000923871994
H -0.7699999809265137 1.184000015258789 1.0759999752044678
H -1.03507399559021 -1.430570125579834 0.9003885984420776
H -0.6095187664031982 -0.4979030191898346 -0.5536020398139954
H 0.6253471374511719 -2.794196605682373 2.0299932956695557
H 1.6402242183685303 -0.5623582601547241 -1.4590435028076172
H 2.712580442428589 -4.081833839416504 1.8132044076919556
H 3.729509115219116 -1.8472936153411865 -1.673284649848938
H 4.264260768890381 -3.6088950634002686 -0.03815729543566704
H -1.343000054359436 -0.12999999523162842 4.329999923706055
