N 1.3170000314712524 0.9620000123977661 1.0140000581741333
C -0.019999999552965164 0.4259999990463257 1.2999999523162842
C -0.10899999737739563 0.04699999839067459 2.75600004196167
O 0.8790000081062317 -0.31700000166893005 3.3459999561309814
C -0.26999998092651367 -0.8090000748634338 0.4339999854564667
C 1.030287742614746 -1.2757503986358643 -0.16355684399604797
C 1.812487006187439 -2.193028211593628 0.5116720199584961
C 1.4407347440719604 -0.7902486324310303 -1.3919453620910645
C 3.0061557292938232 -2.6212430000305176 -0.037579573690891266
C 2.636204481124878 -1.216627597808838 -1.9384790658950806
C 3.417989492416382 -2.1338655948638916 -1.2618987560272217
O -1.2860000133514404 0.11299999803304672 3.3959999084472656
H 1.975000023841858 0.23000000417232513 1.2350000143051147
H 1.3650000095367432 1.1039999723434448 0.017000000923871994
H -0.7699999809265137 1.184000015258789 1.0759999752044678
H -0.694214940071106 -1.6035839319229126 1.048722743988037
H -0.9678024053573608 -0.5580241084098816 -0.36443281173706055
H 1.49004065990448 -2.575718402862549 1.4687992334365845
H 0.829032838344574 -0.07426757365465164 -1.9209305047988892
H 3.6172173023223877 -3.3379719257354736 0.4912313222885132
H 2.958355665206909 -0.8334884643554688 -2.8964498043060303
H 4.351202487945557 -2.4674558639526367 -1.691058874130249
H -1.343000054359436 -0.12999999523162842 4.329999923706055
