N 1.3170000314712524 0.9620000123977661 1.0140000581741333
C -0.019999999552965164 0.4259999990463257 1.2999999523162842
C -0.10899999737739563 0.04699999839067459 2.75600004196167
O 0.8790000081062317 -0.31700000166893005 3.3459999561309814
C -0.27000004053115845 -0.8090000748634338 0.4339999854564667
C -1.7381516695022583 -0.9133695363998413 0.11885586380958557
C -2.2485644817352295 -0.3032768666744232 -1.0109379291534424
C -2.5768089294433594 -1.6246602535247803 0.9578055739402771
C -3.59659743309021 -0.39959049224853516 -1.2997651100158691
C -3.9251654148101807 -1.7173199653625488 0.6697167754173279
C -4.434636116027832 -1.1062452793121338 -0.4604610502719879
O -1.2860000133514404 0.11299999803304672 3.3959999084472656
H 1.975000023841858 0.23000000417232513 1.2350000143051147
H 1.3650000095367432 1.1039999723434448 0.017000000923871994
H -0.7699999809265137 1.184000015258789 1.0759999752044678
H 0.2963188886642456 -0.7223914861679077 -0.4938943088054657
H 0.05088060349225998 -1.7009680271148682 0.9714391231536865
H -1.5931295156478882 0.24841508269309998 -1.6686286926269531
H -2.178168773651123 -2.1029977798461914 1.8403657674789429
H -3.9948008060455322 0.07808859646320343 -2.1829380989074707
H -4.580643653869629 -2.2697079181671143 1.3281242847442627
H -5.48831844329834 -1.1809543371200562 -0.6852266192436218
H -1.343000054359436 -0.12999999523162842 4.329999923706055
