N 1.3170000314712524 0.9620000123977661 1.0140000581741333
C -0.019999999552965164 0.4259999990463257 1.2999999523162842
C -0.10899999737739563 0.04699999839067459 2.75600004196167
O 0.8790000081062317 -0.31700000166893005 3.3459999561309814
C -0.26999998092651367 -0.8090000748634338 0.4339999854564667
C 0.9998950958251953 -1.1882215738296509 -0.27960750460624695
C 1.8889216184616089 -2.066725254058838 0.3094863295555115
C 1.2754218578338623 -0.6611302495002747 -1.5283576250076294
C 3.0546154975891113 -2.414578676223755 -0.3462924361228943
C 2.443030595779419 -1.0070831775665283 -2.1815438270568848
C 3.3317577838897705 -1.8855916261672974 -1.5910680294036865
O -1.2860000133514404 0.11299999803304672 3.3959999084472656
H 1.975000023841858 0.23000000417232513 1.2350000143051147
H 1.3650000095367432 1.1039999723434448 0.017000000923871994
H -0.7699999809265137 1.184000015258789 1.0759999752044678
H -0.5932702422142029 -1.6364597082138062 1.0664656162261963
H -1.046578049659729 -0.5886749625205994 -0.2979804277420044
H 1.671872854232788 -2.4819705486297607 1.2826138734817505
H 0.5801776647567749 0.02454453334212303 -1.9900057315826416
H 3.7492518424987793 -3.1010358333587646 0.11522122472524643
H 2.6596877574920654 -0.5913950204849243 -3.155478000640869
H 4.243051528930664 -2.1563611030578613 -2.1034889221191406
H -1.343000054359436 -0.12999999523162842 4.329999923706055
