N 1.3170000314712524 0.9620000123977661 1.0140000581741333
C -0.019999999552965164 0.4259999990463257 1.2999999523162842
C -0.10899999737739563 0.04699999839067459 2.75600004196167
O 0.8790000081062317 -0.31700000166893005 3.3459999561309814
C -0.27000001072883606 -0.8090001344680786 0.4339999258518219
C -0.3773055374622345 -2.0261871814727783 1.3129876852035522
C -1.6061639785766602 -2.413071393966675 1.8123831748962402
C 0.7540004253387451 -2.7614364624023438 1.6174087524414062
C -1.7040073871612549 -3.53078031539917 2.619255781173706
C 0.655342698097229 -3.8768868446350098 2.4271512031555176
C -0.5743566155433655 -4.262637615203857 2.9264612197875977
O -1.2860000133514404 0.11299999803304672 3.3959999084472656
H 1.975000023841858 0.23000000417232513 1.2350000143051147
H 1.3650000095367432 1.1039999723434448 0.017000000923871994
H -0.7699999809265137 1.184000015258789 1.0759999752044678
H -1.1982109546661377 -0.6795405149459839 -0.12355785071849823
H 0.5565200448036194 -0.9366222023963928 -0.26456233859062195
H -2.490408420562744 -1.8417279720306396 1.5711477994918823
H 1.7146793603897095 -2.460339307785034 1.2261675596237183
H -2.665008783340454 -3.832184314727783 3.009601354598999
H 1.5405285358428955 -4.448434352874756 2.6681172847747803
H -0.6501722931861877 -5.135589122772217 3.5577731132507324
H -1.343000054359436 -0.12999999523162842 4.329999923706055
