N 1.3170000314712524 0.9620000123977661 1.0140000581741333
C -0.019999999552965164 0.4259999990463257 1.2999999523162842
C -0.10899999737739563 0.04699999839067459 2.75600004196167
O 0.8790000081062317 -0.31700000166893005 3.3459999561309814
C -0.26999998092651367 -0.8090000152587891 0.4339999854564667
C 0.7045284509658813 -0.8244919776916504 -0.7130537629127502
C 1.9264857769012451 -1.4544199705123901 -0.5745643973350525
C 0.3752102553844452 -0.21215751767158508 -1.9087598323822021
C 2.8207263946533203 -1.4683799743652344 -1.628143548965454
C 1.2716729640960693 -0.22384858131408691 -2.960360527038574
C 2.493863582611084 -0.853894829750061 -2.820481538772583
O -1.2860000133514404 0.11299999803304672 3.3959999084472656
H 1.975000023841858 0.23000000417232513 1.2350000143051147
H 1.3650000095367432 1.1039999723434448 0.017000000923871994
H -0.7699999809265137 1.184000015258789 1.0759999752044678
H -0.13715559244155884 -1.7079914808273315 1.0368040800094604
H -1.28789484500885 -0.781050443649292 0.04602993279695511
H 2.1820669174194336 -1.9365469217300415 0.3575021028518677
H -0.5804292559623718 0.2791956067085266 -2.0181145668029785
H 3.7759528160095215 -1.9606437683105469 -1.5187968015670776
H 1.0153416395187378 0.25862348079681396 -3.892991065979004
H 3.1927590370178223 -0.8636866211891174 -3.643765687942505
H -1.343000054359436 -0.12999999523162842 4.329999923706055
