N 1.3170000314712524 0.9620000123977661 1.0140000581741333
C -0.019999999552965164 0.4259999990463257 1.2999999523162842
C -0.10899999737739563 0.04699999839067459 2.75600004196167
O 0.8790000081062317 -0.31700000166893005 3.3459999561309814
C -0.27000001072883606 -0.8090000748634338 0.4339999854564667
C -1.6099249124526978 -0.6870971322059631 -0.2408473789691925
C -1.70841383934021 -0.08372953534126282 -1.4799662828445435
C -2.7433314323425293 -1.1837453842163086 0.37709057331085205
C -2.938929557800293 0.027763478457927704 -2.0990712642669678
C -3.973672866821289 -1.0685522556304932 -0.2414855659008026
C -4.070992469787598 -0.4644061326980591 -1.4807639122009277
O -1.2860000133514404 0.11299999803304672 3.3959999084472656
H 1.975000023841858 0.23000000417232513 1.2350000143051147
H 1.3650000095367432 1.1039999723434448 0.017000000923871994
H -0.7699999809265137 1.184000015258789 1.0759999752044678
H 0.5124640464782715 -0.8869874477386475 -0.3215619921684265
H -0.25800225138664246 -1.7006943225860596 1.060218334197998
H -0.8228897452354431 0.3001367151737213 -1.9647443294525146
H -2.666787624359131 -1.656786561012268 1.3450814485549927
H -3.015026569366455 0.5000390410423279 -3.0675251483917236
H -4.8595404624938965 -1.4530431032180786 0.24399395287036896
H -5.032957553863525 -0.37662145495414734 -1.9637385606765747
H -1.343000054359436 -0.12999999523162842 4.329999923706055
