N 1.3170000314712524 0.9620000123977661 1.0140000581741333
C -0.019999999552965164 0.4259999990463257 1.2999999523162842
C -0.10899999737739563 0.04699999839067459 2.75600004196167
O 0.8790000081062317 -0.31700000166893005 3.3459999561309814
C -0.27000001072883606 -0.8090001344680786 0.4339999258518219
C -0.8085212707519531 -1.9232990741729736 1.2907443046569824
C -2.1714484691619873 -2.0600454807281494 1.472122311592102
C 0.060847193002700806 -2.8145406246185303 1.893242359161377
C -2.6652302742004395 -3.0834121704101562 2.2587544918060303
C -0.4340035319328308 -3.835340738296509 2.6823785305023193
C -1.7975049018859863 -3.970837116241455 2.8634283542633057
O -1.2860000133514404 0.11299999803304672 3.3959999084472656
H 1.975000023841858 0.23000000417232513 1.2350000143051147
H 1.3650000095367432 1.1039999723434448 0.017000000923871994
H -0.7699999809265137 1.184000015258789 1.0759999752044678
H -0.9938567280769348 -0.5659369230270386 -0.344561368227005
H 0.6651859283447266 -1.1247117519378662 -0.027698472142219543
H -2.850757122039795 -1.3669599294662476 0.9981092810630798
H 1.1262941360473633 -2.7090299129486084 1.7506818771362305
H -3.730820655822754 -3.189235210418701 2.4003758430480957
H 0.24623051285743713 -4.528804779052734 3.1563761234283447
H -2.182861328125 -4.770124912261963 3.4790477752685547
H -1.343000054359436 -0.12999999523162842 4.329999923706055
