N 1.3170000314712524 0.9620000123977661 1.0140000581741333
C -0.019999999552965164 0.4259999990463257 1.2999999523162842
C -0.10899999737739563 0.04699999839067459 2.75600004196167
O 0.8790000081062317 -0.31700000166893005 3.3459999561309814
C -0.27000001072883606 -0.8090000152587891 0.43400001525878906
C -1.1544877290725708 -0.43886521458625793 -0.7263274192810059
C -0.5944297909736633 -0.005682113580405712 -1.9128583669662476
C -2.5290000438690186 -0.5369783639907837 -0.6071358323097229
C -1.4070717096328735 0.3338809907436371 -2.977846622467041
C -3.3406126499176025 -0.193849116563797 -1.6716512441635132
C -2.779240608215332 0.23975500464439392 -2.8578734397888184
O -1.2860000133514404 0.11299999803304672 3.3959999084472656
H 1.975000023841858 0.23000000417232513 1.2350000143051147
H 1.3650000095367432 1.1039999723434448 0.017000000923871994
H -0.7699999809265137 1.184000015258789 1.0759999752044678
H 0.6813814043998718 -1.1887301206588745 0.059988729655742645
H -0.7570465803146362 -1.5793710947036743 1.0312654972076416
H 0.47901201248168945 0.0667208880186081 -2.0077083110809326
H -2.967353582382202 -0.876896858215332 0.3196515440940857
H -0.9683730006217957 0.6728886961936951 -3.904860734939575
H -4.414804458618164 -0.2666650414466858 -1.5762842893600464
H -3.414734125137329 0.5059468150138855 -3.689521074295044
H -1.343000054359436 -0.12999999523162842 4.329999923706055
