N 1.3170000314712524 0.9620000123977661 1.0140000581741333
C -0.019999999552965164 0.4259999990463257 1.2999999523162842
C -0.10899999737739563 0.04699999839067459 2.75600004196167
O 0.8790000081062317 -0.31700000166893005 3.3459999561309814
C -0.27000004053115845 -0.8090000748634338 0.4339999854564667
C -1.7518640756607056 -1.0248667001724243 0.2818202078342438
C -2.4327762126922607 -0.4370487928390503 -0.7669872641563416
C -2.432354688644409 -1.8162952661514282 1.189394235610962
C -3.793301820755005 -0.6357454657554626 -0.9061999917030334
C -3.7934000492095947 -2.011389970779419 1.0510505437850952
C -4.473498821258545 -1.4225107431411743 0.0017832127632573247
O -1.2860000133514404 0.11299999803304672 3.3959999084472656
H 1.975000023841858 0.23000000417232513 1.2350000143051147
H 1.3650000095367432 1.1039999723434448 0.017000000923871994
H -0.7699999809265137 1.184000015258789 1.0759999752044678
H 0.1790921688079834 -0.6603306531906128 -0.548557698726654
H 0.17790822684764862 -1.6820815801620483 0.9078343510627747
H -1.9008570909500122 0.17732453346252441 -1.4784108400344849
H -1.9003888368606567 -2.2772328853607178 2.0086512565612793
H -4.324853420257568 -0.1754179298877716 -1.7261325120925903
H -4.3252272605896 -2.6264734268188477 1.7631720304489136
H -5.536877632141113 -1.577267050743103 -0.10602796822786331
H -1.343000054359436 -0.12999999523162842 4.329999923706055
