N 1.3170000314712524 0.9620000123977661 1.0140000581741333
C -0.019999999552965164 0.4259999990463257 1.2999999523162842
C -0.10899999737739563 0.04699999839067459 2.75600004196167
O 0.8790000081062317 -0.31700000166893005 3.3459999561309814
C -0.26999998092651367 -0.8090000748634338 0.4339999556541443
C 1.0215767621994019 -1.5574088096618652 0.24063004553318024
C 1.3900917768478394 -2.5443670749664307 1.1346538066864014
C 1.8383516073226929 -1.2609151601791382 -0.8355147242546082
C 2.5760045051574707 -3.231208562850952 0.9564681649208069
C 3.0255939960479736 -1.946066975593567 -1.0106382369995117
C 3.3933613300323486 -2.9327964782714844 -0.11543626338243484
O -1.2860000133514404 0.11299999803304672 3.3959999084472656
H 1.975000023841858 0.23000000417232513 1.2350000143051147
H 1.3650000095367432 1.1039999723434448 0.017000000923871994
H -0.7699999809265137 1.184000015258789 1.0759999752044678
H -0.995965301990509 -1.456790566444397 0.926491379737854
H -0.6601068377494812 -0.5003448724746704 -0.5355157256126404
H 0.7503129839897156 -2.779205083847046 1.9725382328033447
H 1.5501426458358765 -0.49049195647239685 -1.5355267524719238
H 2.863507032394409 -4.002259731292725 1.656153917312622
H 3.6654138565063477 -1.7108049392700195 -1.8494274616241455
H 4.32068395614624 -3.468585968017578 -0.25453981757164
H -1.343000054359436 -0.12999999523162842 4.329999923706055
