N 1.3170000314712524 0.9620000123977661 1.0140000581741333
C -0.019999999552965164 0.4259999990463257 1.2999999523162842
C -0.10899999737739563 0.04699999839067459 2.75600004196167
O 0.8790000081062317 -0.31700000166893005 3.3459999561309814
C -0.27000001072883606 -0.8090001344680786 0.4339999258518219
C 0.28261640667915344 -2.0272653102874756 1.1240167617797852
C -0.5145604610443115 -2.755765676498413 1.9859706163406372
C 1.5879247188568115 -2.4213547706604004 0.8916787505149841
C -0.006603006739169359 -3.8742635250091553 2.6190834045410156
C 2.0957143306732178 -3.5379815101623535 1.5280275344848633
C 1.2974752187728882 -4.265629291534424 2.3903603553771973
O -1.2860000133514404 0.11299999803304672 3.3959999084472656
H 1.975000023841858 0.23000000417232513 1.2350000143051147
H 1.3650000095367432 1.1039999723434448 0.017000000923871994
H -0.7699999809265137 1.184000015258789 1.0759999752044678
H -1.342367172241211 -0.9330358505249023 0.2795666754245758
H 0.22184646129608154 -0.6826581358909607 -0.5301249623298645
H -1.53525710105896 -2.4508655071258545 2.1641006469726562
H 2.2111451625823975 -1.8531192541122437 0.2168913632631302
H -0.6303817629814148 -4.4428629875183105 3.2931251525878906
H 3.1171910762786865 -3.842806339263916 1.3492763042449951
H 1.6951732635498047 -5.139053821563721 2.885651111602783
H -1.343000054359436 -0.12999999523162842 4.329999923706055
