N 1.3170000314712524 0.9620000123977661 1.0140000581741333
C -0.019999999552965164 0.4259999990463257 1.2999999523162842
C -0.10899999737739563 0.04699999839067459 2.75600004196167
O 0.8790000081062317 -0.31700000166893005 3.3459999561309814
C -0.26999998092651367 -0.8090000748634338 0.4339999556541443
C 1.0369045734405518 -1.5033390522003174 0.15909649431705475
C 1.4937992095947266 -2.4839837551116943 1.018602967262268
C 1.7792452573776245 -1.1634875535964966 -0.9573928713798523
C 2.6937363147735596 -3.1211729049682617 0.7655593156814575
C 2.9806160926818848 -1.7989667654037476 -1.2074328660964966
C 3.4368224143981934 -2.7794251441955566 -0.3467053771018982
O -1.2860000133514404 0.11299999803304672 3.3959999084472656
H 1.975000023841858 0.23000000417232513 1.2350000143051147
H 1.3650000095367432 1.1039999723434448 0.017000000923871994
H -0.7699999809265137 1.184000015258789 1.0759999752044678
H -0.9409974813461304 -1.490227222442627 0.9583070278167725
H -0.7261242270469666 -0.5061671733856201 -0.5081544518470764
H 0.9121401309967041 -2.752729892730713 1.8880650997161865
H 1.4219274520874023 -0.397992342710495 -1.6304265260696411
H 3.0503556728363037 -3.8873202800750732 1.4382989406585693
H 3.5622482299804688 -1.5297863483428955 -2.0777955055236816
H 4.37507438659668 -3.2763922214508057 -0.5443283319473267
H -1.343000054359436 -0.12999999523162842 4.329999923706055
