N 1.3170000314712524 0.9620000123977661 1.0140000581741333
C -0.019999999552965164 0.4259999990463257 1.2999999523162842
C -0.10899999737739563 0.04699999839067459 2.75600004196167
O 0.8790000081062317 -0.31700000166893005 3.3459999561309814
C -0.26999998092651367 -0.8090001344680786 0.4339999556541443
C 0.8716121912002563 -1.7764918804168701 0.5963559746742249
C 0.824345588684082 -2.7435879707336426 1.582083821296692
C 1.9670265913009644 -1.7011926174163818 -0.24478280544281006
C 1.8727797269821167 -3.631641387939453 1.7305335998535156
C 3.0162832736968994 -2.587585926055908 -0.09308218955993652
C 2.96805739402771 -3.5542452335357666 0.8935881853103638
O -1.2860000133514404 0.11299999803304672 3.3959999084472656
H 1.975000023841858 0.23000000417232513 1.2350000143051147
H 1.3650000095367432 1.1039999723434448 0.017000000923871994
H -0.7699999809265137 1.184000015258789 1.0759999752044678
H -1.1996499300003052 -1.2874877452850342 0.7438493967056274
H -0.3479023575782776 -0.5105342268943787 -0.6111131310462952
H -0.032922472804784775 -2.8054893016815186 2.2361295223236084
H 2.003927230834961 -0.9463375210762024 -1.0164469480514526
H 1.8351722955703735 -4.387018203735352 2.501720428466797
H 3.873889207839966 -2.5253405570983887 -0.7480040788650513
H 3.7880561351776123 -4.247377395629883 1.0098530054092407
H -1.343000054359436 -0.12999999523162842 4.329999923706055
