N 1.3170000314712524 0.9620000123977661 1.0140000581741333
C -0.019999999552965164 0.4259999990463257 1.2999999523162842
C -0.10899999737739563 0.04699999839067459 2.75600004196167
O 0.8790000081062317 -0.31700000166893005 3.3459999561309814
C -0.26999998092651367 -0.8090001344680786 0.4339999556541443
C 0.7036689519882202 -1.8931447267532349 0.8111967444419861
C 0.37718167901039124 -2.804100513458252 1.7974694967269897
C 1.9244288206100464 -1.9812583923339844 0.1669154316186905
C 1.2715455293655396 -3.7993178367614746 2.143223285675049
C 2.819258689880371 -2.9747798442840576 0.5159716606140137
C 2.4917290210723877 -3.88515043258667 1.5029994249343872
O -1.2860000133514404 0.11299999803304672 3.3959999084472656
H 1.975000023841858 0.23000000417232513 1.2350000143051147
H 1.3650000095367432 1.1039999723434448 0.017000000923871994
H -0.7699999809265137 1.184000015258789 1.0759999752044678
H -1.2890154123306274 -1.1634283065795898 0.5927269458770752
H -0.13683544099330902 -0.5498301386833191 -0.6160048842430115
H -0.5778387188911438 -2.738278865814209 2.297589063644409
H 2.179647445678711 -1.2703235149383545 -0.6051391363143921
H 1.0156512260437012 -4.510710716247559 2.9146997928619385
H 3.774796485900879 -3.040337562561035 0.015037941746413708
H 3.1913726329803467 -4.6621012687683105 1.7735425233840942
H -1.343000054359436 -0.12999999523162842 4.329999923706055
