N 1.3170000314712524 0.9620000123977661 1.0140000581741333
C -0.019999999552965164 0.4259999990463257 1.2999999523162842
C -0.10899999737739563 0.04699999839067459 2.75600004196167
O 0.8790000081062317 -0.31700000166893005 3.3459999561309814
C -0.27000001072883606 -0.8090000152587891 0.43400001525878906
C -0.5463671088218689 -0.3821744918823242 -0.9827283024787903
C 0.49503934383392334 -0.24859853088855743 -1.8809478282928467
C -1.8442187309265137 -0.12812216579914093 -1.3878896236419678
C 0.24059613049030304 0.1432044506072998 -3.1815781593322754
C -2.096942186355591 0.26692071557044983 -2.6877810955047607
C -1.0543568134307861 0.40062105655670166 -3.5852298736572266
O -1.2860000133514404 0.11299999803304672 3.3959999084472656
H 1.975000023841858 0.23000000417232513 1.2350000143051147
H 1.3650000095367432 1.1039999723434448 0.017000000923871994
H -0.7699999809265137 1.184000015258789 1.0759999752044678
H 0.610726535320282 -1.4517039060592651 0.455411821603775
H -1.1275584697723389 -1.3578410148620605 0.8223028182983398
H 1.5080959796905518 -0.45128265023231506 -1.5660645961761475
H -2.6588780879974365 -0.233743354678154 -0.6865996718406677
H 1.0553975105285645 0.24783743917942047 -3.8829257488250732
H -3.1109657287597656 0.46945372223854065 -3.002458095550537
H -1.253579020500183 0.7077870965003967 -4.601254940032959
H -1.343000054359436 -0.12999999523162842 4.329999923706055
