N 1.3170000314712524 0.9620000123977661 1.0140000581741333
C -0.019999999552965164 0.4259999990463257 1.2999999523162842
C -0.10899999737739563 0.04699999839067459 2.75600004196167
O 0.8790000081062317 -0.31700000166893005 3.3459999561309814
C -0.27000001072883606 -0.8090000152587891 0.43400001525878906
C 0.010662928223609924 -0.47774478793144226 -1.0072412490844727
C 1.2793354988098145 -0.6574543118476868 -1.524293065071106
C -1.0029916763305664 0.002269962104037404 -1.8166899681091309
C 1.5363203287124634 -0.35323601961135864 -2.8476600646972656
C -0.7438968420028687 0.3093501925468445 -3.1388916969299316
C 0.525654673576355 0.12959031760692596 -3.654837131500244
O -1.2860000133514404 0.11299999803304672 3.3959999084472656
H 1.975000023841858 0.23000000417232513 1.2350000143051147
H 1.3650000095367432 1.1039999723434448 0.017000000923871994
H -0.7699999809265137 1.184000015258789 1.0759999752044678
H 0.3869992792606354 -1.6174677610397339 0.7563937306404114
H -1.3081303834915161 -1.122963309288025 0.5394725203514099
H 2.069965362548828 -1.0365331172943115 -0.8936430811882019
H -1.995276927947998 0.1416170746088028 -1.4134708642959595
H 2.5285253524780273 -0.49357977509498596 -3.2508606910705566
H -1.5355174541473389 0.688506543636322 -3.7696547508239746
H 0.7262391448020935 0.36840298771858215 -4.688801288604736
H -1.343000054359436 -0.12999999523162842 4.329999923706055
