N 1.3170000314712524 0.9620000123977661 1.0140000581741333
C -0.019999999552965164 0.4259999990463257 1.2999999523162842
C -0.10899999737739563 0.04699999839067459 2.75600004196167
O 0.8790000081062317 -0.31700000166893005 3.3459999561309814
C -0.26999998092651367 -0.8090000748634338 0.4339999556541443
C 1.0454647541046143 -1.4478654861450195 0.07751459628343582
C 1.5883293151855469 -2.4183266162872314 0.8976801037788391
C 1.7095661163330078 -1.0672425031661987 -1.0745325088500977
C 2.796077251434326 -3.0045759677886963 0.569736897945404
C 2.9188473224639893 -1.6517573595046997 -1.3995361328125
C 3.4610869884490967 -2.622072219848633 -0.5781105756759644
O -1.2860000133514404 0.11299999803304672 3.3959999084472656
H 1.975000023841858 0.23000000417232513 1.2350000143051147
H 1.3650000095367432 1.1039999723434448 0.017000000923871994
H -0.7699999809265137 1.184000015258789 1.0759999752044678
H -0.8830497860908508 -1.5217735767364502 0.9865666031837463
H -0.7902090549468994 -0.5148956775665283 -0.4772064685821533
H 1.0677673816680908 -2.718961715698242 1.794981598854065
H 1.2850226163864136 -0.30970144271850586 -1.716815710067749
H 3.2199325561523438 -3.76279354095459 1.2117576599121094
H 3.439314365386963 -1.3506799936294556 -2.2977294921875
H 4.405409812927246 -3.0792124271392822 -0.8342833518981934
H -1.343000054359436 -0.12999999523162842 4.329999923706055
