N 1.3170000314712524 0.9620000123977661 1.0140000581741333
C -0.019999999552965164 0.4259999990463257 1.2999999523162842
C -0.10899999737739563 0.04699999839067459 2.75600004196167
O 0.8790000081062317 -0.31700000166893005 3.3459999561309814
C -0.26999998092651367 -0.8090001344680786 0.4339999556541443
C 0.7651849985122681 -1.8573256731033325 0.7423565983772278
C 0.530965268611908 -2.7906649112701416 1.7339143753051758
C 1.9500560760498047 -1.8901088237762451 0.02952912449836731
C 1.4817695617675781 -3.752974033355713 2.016443967819214
C 2.9014456272125244 -2.850738525390625 0.31535083055496216
C 2.666205644607544 -3.7835426330566406 1.3077282905578613
O -1.2860000133514404 0.11299999803304672 3.3959999084472656
H 1.975000023841858 0.23000000417232513 1.2350000143051147
H 1.3650000095367432 1.1039999723434448 0.017000000923871994
H -0.7699999809265137 1.184000015258789 1.0759999752044678
H -1.2637306451797485 -1.2053511142730713 0.645213782787323
H -0.20670750737190247 -0.5339392423629761 -0.6184959411621094
H -0.39607807993888855 -2.7680864334106445 2.287626266479492
H 2.1331331729888916 -1.1616642475128174 -0.7466697692871094
H 1.2980035543441772 -4.481896877288818 2.792098045349121
H 3.828948736190796 -2.8730244636535645 -0.23919957876205444
H 3.409943103790283 -4.534751892089844 1.5288320779800415
H -1.343000054359436 -0.12999999523162842 4.329999923706055
