N 1.3170000314712524 0.9620000123977661 1.0140000581741333
C -0.019999999552965164 0.4259999990463257 1.2999999523162842
C -0.10899999737739563 0.04699999839067459 2.75600004196167
O 0.8790000081062317 -0.31700000166893005 3.3459999561309814
C -0.27000004053115845 -0.8090000748634338 0.4339999854564667
C -1.7441282272338867 -0.9407762289047241 0.1596658080816269
C -2.298161506652832 -0.3348109722137451 -0.9516493678092957
C -2.544588088989258 -1.6731152534484863 1.0176055431365967
C -3.6516575813293457 -0.4562917649745941 -1.2030086517333984
C -3.898458242416382 -1.7909533977508545 0.7670153379440308
C -4.45158052444458 -1.1839855909347534 -0.3447043299674988
O -1.2860000133514404 0.11299999803304672 3.3959999084472656
H 1.975000023841858 0.23000000417232513 1.2350000143051147
H 1.3650000095367432 1.1039999723434448 0.017000000923871994
H -0.7699999809265137 1.184000015258789 1.0759999752044678
H 0.26806849241256714 -0.7061333656311035 -0.5089245438575745
H 0.0834309458732605 -1.6973276138305664 0.9568507075309753
H -1.6725536584854126 0.23334278166294098 -1.6242057085037231
H -2.1118381023406982 -2.1482298374176025 1.8857225179672241
H -4.083975315093994 0.01817643642425537 -2.0717544555664062
H -4.524075984954834 -2.3598077297210693 1.4402852058410645
H -5.50951623916626 -1.2783719301223755 -0.5401803255081177
H -1.343000054359436 -0.12999999523162842 4.329999923706055
