N 1.3170000314712524 0.9620000123977661 1.0140000581741333
C -0.019999999552965164 0.4259999990463257 1.2999999523162842
C -0.10899999737739563 0.04699999839067459 2.75600004196167
O 0.8790000081062317 -0.31700000166893005 3.3459999561309814
C -0.26999998092651367 -0.8090000152587891 0.4339999854564667
C 0.860228419303894 -0.9727793335914612 -0.5465295910835266
C 1.9696182012557983 -1.7222976684570312 -0.20499654114246368
C 0.7867163419723511 -0.3769191801548004 -1.7925888299942017
C 3.006916046142578 -1.8723704814910889 -1.1057637929916382
C 1.8261456489562988 -0.5248939394950867 -2.691107749938965
C 2.935539722442627 -1.2744992971420288 -2.348163366317749
O -1.2860000133514404 0.11299999803304672 3.3959999084472656
H 1.975000023841858 0.23000000417232513 1.2350000143051147
H 1.3650000095367432 1.1039999723434448 0.017000000923871994
H -0.7699999809265137 1.184000015258789 1.0759999752044678
H -0.33075228333473206 -1.6924116611480713 1.0704739093780518
H -1.20746910572052 -0.689055860042572 -0.10838093608617783
H 2.025284767150879 -2.1914329528808594 0.7662549018859863
H -0.08087144047021866 0.20792697370052338 -2.06069278717041
H 3.8739986419677734 -2.458078145980835 -0.8377113342285156
H 1.7698664665222168 -0.05535872280597687 -3.66304087638855
H 3.7463436126708984 -1.3906718492507935 -3.05204439163208
H -1.343000054359436 -0.12999999523162842 4.329999923706055
