N 1.3170000314712524 0.9620000123977661 1.0140000581741333
C -0.019999999552965164 0.4259999990463257 1.2999999523162842
C -0.10899999737739563 0.04699999839067459 2.75600004196167
O 0.8790000081062317 -0.31700000166893005 3.3459999561309814
C -0.27000001072883606 -0.8090000748634338 0.4339999854564667
C -1.5990149974822998 -0.6758580803871155 -0.26002490520477295
C -1.6740623712539673 -0.07517319172620773 -1.5020852088928223
C -2.745875358581543 -1.1594924926757812 0.34323805570602417
C -2.8945722579956055 0.04664306342601776 -2.138800621032715
C -3.966181993484497 -1.0339765548706055 -0.2929563820362091
C -4.040050029754639 -0.4325252175331116 -1.5351618528366089
O -1.2860000133514404 0.11299999803304672 3.3959999084472656
H 1.975000023841858 0.23000000417232513 1.2350000143051147
H 1.3650000095367432 1.1039999723434448 0.017000000923871994
H -0.7699999809265137 1.184000015258789 1.0759999752044678
H 0.5222161412239075 -0.896911084651947 -0.3102252185344696
H -0.27565544843673706 -1.6989349126815796 1.0628052949905396
H -0.7780401110649109 0.29851990938186646 -1.9753860235214233
H -2.6876606941223145 -1.6304340362548828 1.313525915145874
H -2.9523415565490723 0.5168132185935974 -3.1095428466796875
H -4.862563610076904 -1.408288836479187 0.18104268610477448
H -4.994201183319092 -0.3366672992706299 -2.031905174255371
H -1.343000054359436 -0.12999999523162842 4.329999923706055
