N 1.3170000314712524 0.9620000123977661 1.0140000581741333
C -0.019999999552965164 0.4259999990463257 1.2999999523162842
C -0.10899999737739563 0.04699999839067459 2.75600004196167
O 0.8790000081062317 -0.31700000166893005 3.3459999561309814
C -0.27000001072883606 -0.8090001344680786 0.4339999258518219
C 0.1940566897392273 -2.0392508506774902 1.1666749715805054
C -0.6786205768585205 -2.725102186203003 1.9896029233932495
C 1.4936116933822632 -2.4870686531066895 1.0126198530197144
C -0.2519495487213135 -3.8546323776245117 2.6619150638580322
C 1.9200083017349243 -3.61468243598938 1.688133716583252
C 1.0462839603424072 -4.299635410308838 2.51137113571167
O -1.2860000133514404 0.11299999803304672 3.3959999084472656
H 1.975000023841858 0.23000000417232513 1.2350000143051147
H 1.3650000095367432 1.1039999723434448 0.017000000923871994
H -0.7699999809265137 1.184000015258789 1.0759999752044678
H -1.3360986709594727 -0.8928399085998535 0.22043374180793762
H 0.2798193693161011 -0.7141110897064209 -0.5020058155059814
H -1.694749116897583 -2.378230333328247 2.1065585613250732
H 2.1758575439453125 -1.9521859884262085 0.3683571219444275
H -0.9347250461578369 -4.389866352081299 3.305405616760254
H 2.936953067779541 -3.961517333984375 1.5706013441085815
H 1.38045334815979 -5.181704521179199 3.0373294353485107
H -1.343000054359436 -0.12999999523162842 4.329999923706055
