N 1.3170000314712524 0.9620000123977661 1.0140000581741333
C -0.019999999552965164 0.4259999990463257 1.2999999523162842
C -0.10899999737739563 0.04699999839067459 2.75600004196167
O 0.8790000081062317 -0.31700000166893005 3.3459999561309814
C -0.26999998092651367 -0.8090000152587891 0.43400001525878906
C 0.5291079878807068 -0.7020091414451599 -0.8370851278305054
C 1.813309669494629 -1.208943486213684 -0.8919655680656433
C -0.02373451367020607 -0.10031932592391968 -1.9530831575393677
C 2.5464119911193848 -1.1104909181594849 -2.059337854385376
C 0.7116187214851379 0.00057078996906057 -3.1187257766723633
C 1.9962586164474487 -0.5064875483512878 -3.172267436981201
O -1.2860000133514404 0.11299999803304672 3.3959999084472656
H 1.975000023841858 0.23000000417232513 1.2350000143051147
H 1.3650000095367432 1.1039999723434448 0.017000000923871994
H -0.7699999809265137 1.184000015258789 1.0759999752044678
H 0.03289595618844032 -1.7028380632400513 0.9803638458251953
H -1.3305010795593262 -0.8750360608100891 0.19236230850219727
H 2.243610143661499 -1.6828604936599731 -0.022045912221074104
H -1.028077244758606 0.2948750853538513 -1.911246418952942
H 3.5504343509674072 -1.5066324472427368 -2.1011574268341064
H 0.2804659307003021 0.47476786375045776 -3.9890873432159424
H 2.5691282749176025 -0.42843207716941833 -4.08444881439209
H -1.343000054359436 -0.12999999523162842 4.329999923706055
