N 1.3170000314712524 0.9620000123977661 1.0140000581741333
C -0.019999999552965164 0.4259999990463257 1.2999999523162842
C -0.10899999737739563 0.04699999839067459 2.75600004196167
O 0.8790000081062317 -0.31700000166893005 3.3459999561309814
C -0.27000004053115845 -0.8090001344680786 0.4339999556541443
C -1.5883402824401855 -1.4295042753219604 0.811665952205658
C -2.7479915618896484 -1.0328433513641357 0.17367108166217804
C -1.63909113407135 -2.4012718200683594 1.7946254014968872
C -3.9580588340759277 -1.6030360460281372 0.52081298828125
C -2.85018253326416 -2.9681754112243652 2.143228054046631
C -4.009557723999023 -2.5702569484710693 1.5046486854553223
O -1.2860000133514404 0.11299999803304672 3.3959999084472656
H 1.975000023841858 0.23000000417232513 1.2350000143051147
H 1.3650000095367432 1.1039999723434448 0.017000000923871994
H -0.7699999809265137 1.184000015258789 1.0759999752044678
H -0.2925545275211334 -0.517211377620697 -0.6165030598640442
H 0.5303655862808228 -1.5315340757369995 0.5913901925086975
H -2.708033561706543 -0.2772845923900604 -0.5970755219459534
H -0.7327321171760559 -2.7127950191497803 2.292721748352051
H -4.864161491394043 -1.2919659614562988 0.021862823516130447
H -2.88960862159729 -3.7244060039520264 2.9144906997680664
H -4.955087184906006 -3.0154178142547607 1.776961088180542
H -1.343000054359436 -0.12999999523162842 4.329999923706055
