N 1.3170000314712524 0.9620000123977661 1.0140000581741333
C -0.019999999552965164 0.4259999990463257 1.2999999523162842
C -0.10899999737739563 0.04699999839067459 2.75600004196167
O 0.8790000081062317 -0.31700000166893005 3.3459999561309814
C -0.27000001072883606 -0.8090000152587891 0.43400001525878906
C -0.7373870015144348 -0.3798271715641022 -0.9309315085411072
C 0.18201351165771484 -0.14683151245117188 -1.9357119798660278
C -2.088557481765747 -0.22319336235523224 -1.181772232055664
C -0.24778558313846588 0.2470685839653015 -3.1887106895446777
C -2.5168206691741943 0.1740599423646927 -2.43414044380188
C -1.596174716949463 0.40725988149642944 -3.4382834434509277
O -1.2860000133514404 0.11299999803304672 3.3959999084472656
H 1.975000023841858 0.23000000417232513 1.2350000143051147
H 1.3650000095367432 1.1039999723434448 0.017000000923871994
H -0.7699999809265137 1.184000015258789 1.0759999752044678
H 0.6546478271484375 -1.379364013671875 0.3395687937736511
H -1.032875657081604 -1.4317940473556519 0.9004336595535278
H 1.2368732690811157 -0.2734343111515045 -1.7413960695266724
H -2.8078420162200928 -0.4065587520599365 -0.39714470505714417
H 0.47170957922935486 0.4294615387916565 -3.973438262939453
H -3.5726029872894287 0.30043089389801025 -2.628147840499878
H -1.9324619770050049 0.7160239219665527 -4.417018890380859
H -1.343000054359436 -0.12999999523162842 4.329999923706055
