N 1.3170000314712524 0.9620000123977661 1.0140000581741333
C -0.019999999552965164 0.4259999990463257 1.2999999523162842
C -0.10899999737739563 0.04699999839067459 2.75600004196167
O 0.8790000081062317 -0.31700000166893005 3.3459999561309814
C -0.27000001072883606 -0.8090001344680786 0.4339999258518219
C 0.05636539310216904 -2.0496885776519775 1.2213093042373657
C -0.9218254685401917 -2.6670708656311035 1.9770538806915283
C 1.3350836038589478 -2.5756731033325195 1.1847426891326904
C -0.6215444207191467 -3.806227207183838 2.699580192565918
C 1.6349377632141113 -3.7128376960754395 1.9104077816009521
C 0.6557332873344421 -4.329256057739258 2.666358470916748
O -1.2860000133514404 0.11299999803304672 3.3959999084472656
H 1.975000023841858 0.23000000417232513 1.2350000143051147
H 1.3650000095367432 1.1039999723434448 0.017000000923871994
H -0.7699999809265137 1.184000015258789 1.0759999752044678
H -1.31751549243927 -0.8345184922218323 0.13189707696437836
H 0.3611288070678711 -0.7647898197174072 -0.45320573449134827
H -1.9215643405914307 -2.2591423988342285 2.0022053718566895
H 2.0998165607452393 -2.0943338871002197 0.5930254459381104
H -1.3867604732513428 -4.287900924682617 3.2904884815216064
H 2.6355390548706055 -4.120788097381592 1.884750485420227
H 0.8911186456680298 -5.218880653381348 3.231609582901001
H -1.343000054359436 -0.12999999523162842 4.329999923706055
