N 1.3170000314712524 0.9620000123977661 1.0140000581741333
C -0.019999999552965164 0.4259999990463257 1.2999999523162842
C -0.10899999737739563 0.04699999839067459 2.75600004196167
O 0.8790000081062317 -0.31700000166893005 3.3459999561309814
C -0.26999998092651367 -0.8090000152587891 0.43400001525878906
C 0.5665177702903748 -0.725371241569519 -0.8145681023597717
C 1.8414405584335327 -1.2578084468841553 -0.8304003477096558
C 0.05734206736087799 -0.11960459500551224 -1.9489859342575073
C 2.6089046001434326 -1.1807960271835327 -1.9771167039871216
C 0.8270553350448608 -0.04018907994031906 -3.0939228534698486
C 2.1023759841918945 -0.5727508664131165 -3.1084039211273193
O -1.2860000133514404 0.11299999803304672 3.3959999084472656
H 1.975000023841858 0.23000000417232513 1.2350000143051147
H 1.3650000095367432 1.1039999723434448 0.017000000923871994
H -0.7699999809265137 1.184000015258789 1.0759999752044678
H -0.00039530539652332664 -1.7053418159484863 0.9935450553894043
H -1.3243848085403442 -0.8555905818939209 0.16286545991897583
H 2.2376060485839844 -1.7348896265029907 0.05388609692454338
H -0.9397385716438293 0.29552873969078064 -1.9376804828643799
H 3.6056456565856934 -1.596869945526123 -1.9884086847305298
H 0.4300561547279358 0.4371863007545471 -3.9786765575408936
H 2.702118158340454 -0.51144939661026 -4.00445032119751
H -1.343000054359436 -0.12999999523162842 4.329999923706055
