N 1.3170000314712524 0.9620000123977661 1.0140000581741333
C -0.019999999552965164 0.4259999990463257 1.2999999523162842
C -0.10899999737739563 0.04699999839067459 2.75600004196167
O 0.8790000081062317 -0.31700000166893005 3.3459999561309814
C -0.26999998092651367 -0.8090001344680786 0.4339999556541443
C 0.9160048961639404 -1.7318710088729858 0.5199068784713745
C 0.9625130295753479 -2.7101755142211914 1.494547963142395
C 1.958287239074707 -1.6043463945388794 -0.380372017621994
C 2.0516610145568848 -3.557243824005127 1.5727953910827637
C 3.048374652862549 -2.449756383895874 -0.29890453815460205
C 3.0939621925354004 -3.4276726245880127 0.6767368912696838
O -1.2860000133514404 0.11299999803304672 3.3959999084472656
H 1.975000023841858 0.23000000417232513 1.2350000143051147
H 1.3650000095367432 1.1039999723434448 0.017000000923871994
H -0.7699999809265137 1.184000015258789 1.0759999752044678
H -1.1611660718917847 -1.3273011445999146 0.7895177006721497
H -0.4185372591018677 -0.5031341314315796 -0.6012752652168274
H 0.14670328795909882 -2.8129024505615234 2.1948461532592773
H 1.9218648672103882 -0.8407189846038818 -1.1433792114257812
H 2.087371587753296 -4.321415901184082 2.3353590965270996
H 3.8644583225250244 -2.346663475036621 -1.0000922679901123
H 3.945756673812866 -4.088752269744873 0.7381128668785095
H -1.343000054359436 -0.12999999523162842 4.329999923706055
