N 1.3170000314712524 0.9620000123977661 1.0140000581741333
C -0.019999999552965164 0.4259999990463257 1.2999999523162842
C -0.10899999737739563 0.04699999839067459 2.75600004196167
O 0.8790000081062317 -0.31700000166893005 3.3459999561309814
C -0.27000001072883606 -0.8090000748634338 0.4339999854564667
C -1.6905149221420288 -0.795060932636261 -0.0636155977845192
C -1.998290777206421 -0.1784462183713913 -1.261208415031433
C -2.6883559226989746 -1.4041777849197388 0.6755780577659607
C -3.302694797515869 -0.16611213982105255 -1.717572808265686
C -3.992842197418213 -1.38815438747406 0.21983180940151215
C -4.299550533294678 -0.7706557512283325 -0.9780412912368774
O -1.2860000133514404 0.11299999803304672 3.3959999084472656
H 1.975000023841858 0.23000000417232513 1.2350000143051147
H 1.3650000095367432 1.1039999723434448 0.017000000923871994
H -0.7699999809265137 1.184000015258789 1.0759999752044678
H 0.4135377109050751 -0.8009807467460632 -0.41565749049186707
H -0.10074502974748611 -1.708287000656128 1.0256484746932983
H -1.2185746431350708 0.29334864020347595 -1.8408361673355103
H -2.4481663703918457 -1.8875958919525146 1.6111255884170532
H -3.54243540763855 0.31659314036369324 -2.6536593437194824
H -4.772753715515137 -1.8606160879135132 0.8001786470413208
H -5.3192033767700195 -0.7604122757911682 -1.333781123161316
H -1.343000054359436 -0.12999999523162842 4.329999923706055
