N 1.3170000314712524 0.9620000123977661 1.0140000581741333
C -0.019999999552965164 0.4259999990463257 1.2999999523162842
C -0.10899999737739563 0.04699999839067459 2.75600004196167
O 0.8790000081062317 -0.31700000166893005 3.3459999561309814
C -0.26999998092651367 -0.8090000152587891 0.43400001525878906
C 0.10407432168722153 -0.5070689916610718 -0.9923884272575378
C 1.3915977478027344 -0.7428174614906311 -1.4349652528762817
C -0.8426310420036316 0.002128385938704014 -1.8627815246582031
C 1.7343580722808838 -0.465496689081192 -2.7447357177734375
C -0.49771708250045776 0.2822405695915222 -3.1712987422943115
C 0.7906191349029541 0.046421173959970474 -3.6127207279205322
O -1.2860000133514404 0.11299999803304672 3.3959999084472656
H 1.975000023841858 0.23000000417232513 1.2350000143051147
H 1.3650000095367432 1.1039999723434448 0.017000000923871994
H -0.7699999809265137 1.184000015258789 1.0759999752044678
H 0.33514609932899475 -1.6384936571121216 0.8013477921485901
H -1.3240939378738403 -1.0806940793991089 0.48380106687545776
H 2.129861831665039 -1.1446629762649536 -0.7567305564880371
H -1.8496419191360474 0.18529219925403595 -1.5177983045578003
H 2.74124813079834 -0.649652898311615 -3.0896947383880615
H -1.2369600534439087 0.6842009425163269 -3.849703073501587
H 1.0582664012908936 0.2642253637313843 -4.63608455657959
H -1.343000054359436 -0.12999999523162842 4.329999923706055
