N 1.3170000314712524 0.9620000123977661 1.0140000581741333
C -0.019999999552965164 0.4259999990463257 1.2999999523162842
C -0.10899999737739563 0.04699999839067459 2.75600004196167
O 0.8790000081062317 -0.31700000166893005 3.3459999561309814
C -0.26999998092651367 -0.8090000748634338 0.4339999556541443
C 0.9860680103302002 -1.6353070735931396 0.3619714081287384
C 1.218440055847168 -2.6244165897369385 1.2983654737472534
C 1.9065719842910767 -1.4082344770431519 -0.6451172232627869
C 2.3718225955963135 -3.3827967643737793 1.2315915822982788
C 3.0611214637756348 -2.1649458408355713 -0.7087519764900208
C 3.2926647663116455 -3.1537601947784424 0.22874899208545685
O -1.2860000133514404 0.11299999803304672 3.3959999084472656
H 1.975000023841858 0.23000000417232513 1.2350000143051147
H 1.3650000095367432 1.1039999723434448 0.017000000923871994
H -0.7699999809265137 1.184000015258789 1.0759999752044678
H -1.0722483396530151 -1.4034497737884521 0.8724439144134521
H -0.5581629872322083 -0.49711889028549194 -0.5695458650588989
H 0.49767935276031494 -2.80497145652771 2.082214832305908
H 1.7248187065124512 -0.636141836643219 -1.378242015838623
H 2.5528628826141357 -4.155481338500977 1.964340329170227
H 3.782024383544922 -1.9839879274368286 -1.493505597114563
H 4.194608211517334 -3.7454872131347656 0.17674413323402405
H -1.343000054359436 -0.12999999523162842 4.329999923706055
