N 1.3170000314712524 0.9620000123977661 1.0140000581741333
C -0.019999999552965164 0.4259999990463257 1.2999999523162842
C -0.10899999737739563 0.04699999839067459 2.75600004196167
O 0.8790000081062317 -0.31700000166893005 3.3459999561309814
C -0.26999998092651367 -0.8090000152587891 0.43400001525878906
C 0.26192736625671387 -0.5665920376777649 -0.9530723094940186
C 1.5668666362762451 -0.8996648192405701 -1.261883020401001
C -0.5571802258491516 -0.014610018581151962 -1.9213159084320068
C 2.0545849800109863 -0.6769511699676514 -2.535625457763672
C -0.06725110113620758 0.21077053248882294 -3.1936440467834473
C 1.238377332687378 -0.12240131199359894 -3.5012238025665283
O -1.2860000133514404 0.11299999803304672 3.3959999084472656
H 1.975000023841858 0.23000000417232513 1.2350000143051147
H 1.3650000095367432 1.1039999723434448 0.017000000923871994
H -0.7699999809265137 1.184000015258789 1.0759999752044678
H 0.23677395284175873 -1.668947696685791 0.873176634311676
H -1.3403366804122925 -1.007104754447937 0.3835444450378418
H 2.2053444385528564 -1.3348746299743652 -0.5072607398033142
H -1.5777838230133057 0.24464991688728333 -1.6809290647506714
H 3.0749967098236084 -0.9371921420097351 -2.7759835720062256
H -0.7066758871078491 0.6461575627326965 -3.9485340118408203
H 1.6193645000457764 0.05274476483464241 -4.4964728355407715
H -1.343000054359436 -0.12999999523162842 4.329999923706055
