N 1.3170000314712524 0.9620000123977661 1.0140000581741333
C -0.019999999552965164 0.4259999990463257 1.2999999523162842
C -0.10899999737739563 0.04699999839067459 2.75600004196167
O 0.8790000081062317 -0.31700000166893005 3.3459999561309814
C -0.26999998092651367 -0.8090000748634338 0.4339999854564667
C 1.0370643138885498 -1.3048263788223267 -0.12404786795377731
C 1.7815974950790405 -2.2332675457000732 0.5779746174812317
C 1.4914628267288208 -0.8348599076271057 -1.3429697751998901
C 2.9815118312835693 -2.688178300857544 0.06499127298593521
C 2.6931369304656982 -1.287954568862915 -1.8531954288482666
C 3.4372191429138184 -2.2163398265838623 -1.1498340368270874
O -1.2860000133514404 0.11299999803304672 3.3959999084472656
H 1.975000023841858 0.23000000417232513 1.2350000143051147
H 1.3650000095367432 1.1039999723434448 0.017000000923871994
H -0.7699999809265137 1.184000015258789 1.0759999752044678
H -0.7270283102989197 -1.5913851261138916 1.0407986640930176
H -0.9399446845054626 -0.5491185784339905 -0.38517504930496216
H 1.4248194694519043 -2.6038002967834473 1.5276751518249512
H 0.9092162847518921 -0.11015410721302032 -1.8929004669189453
H 3.563108444213867 -3.4136204719543457 0.6147338151931763
H 3.049652576446533 -0.9169722199440002 -2.8037497997283936
H 4.375331878662109 -2.5707998275756836 -1.5506459474563599
H -1.343000054359436 -0.12999999523162842 4.329999923706055
