N 1.5429999828338623 -0.7020000219345093 0.4300000071525574
C 0.12200000137090683 -0.7059999704360962 0.0560000017285347
C -0.03799999877810478 -0.09000000357627869 -1.309000015258789
O 0.7319999933242798 0.7609999775886536 -1.6829999685287476
C -0.675000011920929 0.10400000959634781 1.0789999961853027
O -1.2113399505615234 1.269126057624817 0.45126086473464966
C 0.2442592829465866 0.5219883322715759 2.2285819053649902
O -1.0390000343322754 -0.4880000054836273 -2.109999895095825
H 1.8389999866485596 0.26100000739097595 0.4339999854564667
H 1.593000054359436 -1.024999976158142 1.3849999904632568
H -0.24500000476837158 -1.7319999933242798 0.03799999877810478
H -1.4895061254501343 -0.5059330463409424 1.46914803981781
H -0.4600030779838562 1.7797821760177612 0.1211436539888382
H -0.3245702385902405 1.098035216331482 2.9574692249298096
H 0.653757631778717 -0.36729732155799866 2.7080671787261963
H 1.0580655336380005 1.1314939260482788 1.8390060663223267
H -1.1430000066757202 -0.09200000017881393 -2.9860000610351562
