N 1.5429999828338623 -0.7020000219345093 0.4300000071525574
C 0.12200000137090683 -0.7059999704360962 0.0560000017285347
C -0.03799999877810478 -0.09000000357627869 -1.309000015258789
O 0.7319999933242798 0.7609999775886536 -1.6829999685287476
C -0.675000011920929 0.10399999469518661 1.0789999961853027
O -0.6750907301902771 1.4811302423477173 0.7011799812316895
C -0.03450572118163109 -0.04530830308794975 2.460580348968506
O -1.0390000343322754 -0.4880000054836273 -2.109999895095825
H 1.8389999866485596 0.26100000739097595 0.4339999854564667
H 1.593000054359436 -1.024999976158142 1.3849999904632568
H -0.24500000476837158 -1.7319999933242798 0.03799999877810478
H -1.7004234790802002 -0.26344555616378784 1.1128273010253906
H 0.24829092621803284 1.7662845849990845 0.6836494207382202
H -0.6035535335540771 0.5311458706855774 3.1889753341674805
H -0.03441252186894417 -1.0965235233306885 2.7493200302124023
H 0.989997148513794 0.3218636214733124 2.4270315170288086
H -1.1430000066757202 -0.09200000017881393 -2.9860000610351562
