N 1.5429999828338623 -0.7020000219345093 0.4300000071525574
C 0.12200000137090683 -0.7059999704360962 0.0560000017285347
C -0.03799999877810478 -0.09000000357627869 -1.309000015258789
O 0.7319999933242798 0.7609999775886536 -1.6829999685287476
C -0.6750000715255737 0.10399995744228363 1.0789999961853027
O -0.7535598278045654 -0.6226546168327332 2.3057994842529297
C -2.0864875316619873 0.35558897256851196 0.5444940328598022
O -1.0390000343322754 -0.4880000054836273 -2.109999895095825
H 1.8389999866485596 0.26100000739097595 0.4339999854564667
H 1.593000054359436 -1.024999976158142 1.3849999904632568
H -0.24500000476837158 -1.7319999933242798 0.03799999877810478
H -0.17755359411239624 1.0578912496566772 1.253046989440918
H -1.1992278099060059 -1.4573001861572266 2.1083130836486816
H -2.65324330329895 0.933647632598877 1.2734042406082153
H -2.0268194675445557 0.9104204177856445 -0.3920026123523712
H -2.5837182998657227 -0.597344160079956 0.3706355392932892
H -1.1430000066757202 -0.09200000017881393 -2.9860000610351562
