N 1.5429999828338623 -0.7020000219345093 0.4300000071525574
C 0.12200000137090683 -0.7059999704360962 0.0560000017285347
C -0.03799999877810478 -0.09000000357627869 -1.309000015258789
O 0.7319999933242798 0.7609999775886536 -1.6829999685287476
C -0.675000011920929 0.1040000170469284 1.0789999961853027
O -1.684852123260498 0.8582015037536621 0.4077218174934387
C 0.26452791690826416 1.0572266578674316 1.8205770254135132
O -1.0390000343322754 -0.4880000054836273 -2.109999895095825
H 1.8389999866485596 0.26100000739097595 0.4339999854564667
H 1.593000054359436 -1.024999976158142 1.3849999904632568
H -0.24500000476837158 -1.7319999933242798 0.03799999877810478
H -1.142224907875061 -0.5736033320426941 1.7932888269424438
H -1.230483055114746 1.44355046749115 -0.2128983736038208
H -0.30386489629745483 1.6330933570861816 2.5499472618103027
H 1.0354982614517212 0.48171690106391907 2.3332340717315674
H 0.7313671112060547 1.734402060508728 1.1071056127548218
H -1.1430000066757202 -0.09200000017881393 -2.9860000610351562
