N 1.5429999828338623 -0.7020000219345093 0.4300000071525574
C 0.12200000137090683 -0.7059999704360962 0.0560000017285347
C -0.03799999877810478 -0.09000000357627869 -1.309000015258789
O 0.7319999933242798 0.7609999775886536 -1.6829999685287476
C -0.675000011920929 0.10399997234344482 1.0789999961853027
O -0.27304428815841675 1.4730437994003296 1.020809531211853
C -0.412153035402298 -0.44501540064811707 2.4828460216522217
O -1.0390000343322754 -0.4880000054836273 -2.109999895095825
H 1.8389999866485596 0.26100000739097595 0.4339999854564667
H 1.593000054359436 -1.024999976158142 1.3849999904632568
H -0.24500000476837158 -1.7319999933242798 0.03799999877810478
H -1.7383227348327637 0.02769615314900875 0.8527779579162598
H 0.6710295677185059 1.496232509613037 1.2268213033676147
H -0.981182336807251 0.1318783015012741 3.210907459259033
H -0.7190333604812622 -1.4901213645935059 2.5275912284851074
H 0.6501724720001221 -0.3687687814235687 2.709115505218506
H -1.1430000066757202 -0.09200000017881393 -2.9860000610351562
