N 1.5429999828338623 -0.7020000219345093 0.4300000071525574
C 0.12200000137090683 -0.7059999704360962 0.0560000017285347
C -0.03799999877810478 -0.09000000357627869 -1.309000015258789
O 0.7319999933242798 0.7609999775886536 -1.6829999685287476
C -0.6750001311302185 0.10399998724460602 1.0789999961853027
O -1.5904581546783447 -0.7555243968963623 1.7589925527572632
C -1.4515259265899658 1.2105765342712402 0.36221104860305786
O -1.0390000343322754 -0.4880000054836273 -2.109999895095825
H 1.8389999866485596 0.26100000739097595 0.4339999854564667
H 1.593000054359436 -1.024999976158142 1.3849999904632568
H -0.24500000476837158 -1.7319999933242798 0.03799999877810478
H 0.009095324203372002 0.5498461723327637 1.800726056098938
H -2.1762583255767822 -1.128122329711914 1.0864876508712769
H -2.0181570053100586 1.7878406047821045 1.0918476581573486
H -0.7528870701789856 1.8669739961624146 -0.1568942815065384
H -2.1351664066314697 0.765328586101532 -0.358855277299881
H -1.1430000066757202 -0.09200000017881393 -2.9860000610351562
