N 1.5429999828338623 -0.7020000219345093 0.4300000071525574
C 0.12200000137090683 -0.7059999704360962 0.0560000017285347
C -0.03799999877810478 -0.09000000357627869 -1.309000015258789
O 0.7319999933242798 0.7609999775886536 -1.6829999685287476
C -0.6750000715255737 0.10399995744228363 1.0789999961853027
O -0.7734131217002869 -0.632748544216156 2.2983243465423584
C -2.0784335136413574 0.37693604826927185 0.5338663458824158
O -1.0390000343322754 -0.4880000054836273 -2.109999895095825
H 1.8389999866485596 0.26100000739097595 0.4339999854564667
H 1.593000054359436 -1.024999976158142 1.3849999904632568
H -0.24500000476837158 -1.7319999933242798 0.03799999877810478
H -0.16812890768051147 1.0503833293914795 1.2663342952728271
H -1.2269062995910645 -1.4602940082550049 2.0891199111938477
H -2.64517879486084 0.9549814462661743 1.262795329093933
H -2.0036087036132812 0.9394763708114624 -0.396925687789917
H -2.5850796699523926 -0.5684934854507446 0.3467312455177307
H -1.1430000066757202 -0.09200000017881393 -2.9860000610351562
