N 1.5429999828338623 -0.7020000219345093 0.4300000071525574
C 0.12200000137090683 -0.7059999704360962 0.0560000017285347
C -0.03799999877810478 -0.09000000357627869 -1.309000015258789
O 0.7319999933242798 0.7609999775886536 -1.6829999685287476
C -0.6750000715255737 0.10399999469518661 1.0789999961853027
O -1.7703461647033691 -0.6775702238082886 1.557121992111206
C -1.2075010538101196 1.3780174255371094 0.4197483956813812
O -1.0390000343322754 -0.4880000054836273 -2.109999895095825
H 1.8389999866485596 0.26100000739097595 0.4339999854564667
H 1.593000054359436 -1.024999976158142 1.3849999904632568
H -0.24500000476837158 -1.7319999933242798 0.03799999877810478
H -0.027455691248178482 0.3709203004837036 1.9139213562011719
H -2.317209005355835 -0.8916134834289551 0.7894107103347778
H -1.7742213010787964 1.95502507686615 1.149518370628357
H -0.3715008497238159 1.9749330282211304 0.054755814373493195
H -1.8545960187911987 1.1115535497665405 -0.41440507769584656
H -1.1430000066757202 -0.09200000017881393 -2.9860000610351562
