N 1.5429999828338623 -0.7020000219345093 0.4300000071525574
C 0.12200000137090683 -0.7059999704360962 0.0560000017285347
C -0.03799999877810478 -0.09000000357627869 -1.309000015258789
O 0.7319999933242798 0.7609999775886536 -1.6829999685287476
C -0.675000011920929 0.10399998724460602 1.0789999961853027
O -0.4656549096107483 1.4980590343475342 0.8509435057640076
C -0.20988619327545166 -0.25676777958869934 2.4913759231567383
O -1.0390000343322754 -0.4880000054836273 -2.109999895095825
H 1.8389999866485596 0.26100000739097595 0.4339999854564667
H 1.593000054359436 -1.024999976158142 1.3849999904632568
H -0.24500000476837158 -1.7319999933242798 0.03799999877810478
H -1.7353838682174683 -0.12562160193920135 0.9764628410339355
H 0.48221269249916077 1.658506989479065 0.951230525970459
H -0.7789474129676819 0.319898396730423 3.219592571258545
H -0.3696995973587036 -1.3209397792816162 2.6657943725585938
H 0.8495258688926697 -0.027319878339767456 2.5940725803375244
H -1.1430000066757202 -0.09200000017881393 -2.9860000610351562
