N 1.5429999828338623 -0.7020000219345093 0.4300000071525574
C 0.12200000137090683 -0.7059999704360962 0.0560000017285347
C -0.03799999877810478 -0.09000000357627869 -1.309000015258789
O 0.7319999933242798 0.7609999775886536 -1.6829999685287476
C -0.6750000715255737 0.10399994254112244 1.0789999961853027
O 0.09548570960760117 0.2558298408985138 2.271700620651245
C -1.9797993898391724 -0.6258622407913208 1.404714822769165
O -1.0390000343322754 -0.4880000054836273 -2.109999895095825
H 1.8389999866485596 0.26100000739097595 0.4339999854564667
H 1.593000054359436 -1.024999976158142 1.3849999904632568
H -0.24500000476837158 -1.7319999933242798 0.03799999877810478
H -0.9022284150123596 1.0864970684051514 0.6658165454864502
H 0.27415236830711365 -0.63395756483078 2.6042823791503906
H -2.547492504119873 -0.04759441688656807 2.1327290534973145
H -2.5682568550109863 -0.7418027520179749 0.4943854510784149
H -1.7529940605163574 -1.6074861288070679 1.817656397819519
H -1.1430000066757202 -0.09200000017881393 -2.9860000610351562
