N 1.5429999828338623 -0.7020000219345093 0.4300000071525574
C 0.12200000137090683 -0.7059999704360962 0.0560000017285347
C -0.03799999877810478 -0.09000000357627869 -1.309000015258789
O 0.7319999933242798 0.7609999775886536 -1.6829999685287476
C -0.6750001311302185 0.10399997979402542 1.0789999961853027
O -1.3256574869155884 -0.7844184041023254 1.9881716966629028
C -1.72405207157135 0.9509311318397522 0.35547536611557007
O -1.0390000343322754 -0.4880000054836273 -2.109999895095825
H 1.8389999866485596 0.26100000739097595 0.4339999854564667
H 1.593000054359436 -1.024999976158142 1.3849999904632568
H -0.24500000476837158 -1.7319999933242798 0.03799999877810478
H 0.001098350971005857 0.7570289373397827 1.63045072555542
H -1.913109540939331 -1.342663049697876 1.461372971534729
H -2.290645122528076 1.5285035371780396 1.0848972797393799
H -1.2275996208190918 1.6293442249298096 -0.3385813534259796
H -2.399733543395996 0.2986571788787842 -0.19546931982040405
H -1.1430000066757202 -0.09200000017881393 -2.9860000610351562
