N 1.5429999828338623 -0.7020000219345093 0.4300000071525574
C 0.12200000137090683 -0.7059999704360962 0.0560000017285347
C -0.03799999877810478 -0.09000000357627869 -1.309000015258789
O 0.7319999933242798 0.7609999775886536 -1.6829999685287476
C -0.6750000715255737 0.10400000959634781 1.0789999961853027
O -1.9994584321975708 -0.42109397053718567 1.175549864768982
C -0.7379932999610901 1.567169427871704 0.6357646584510803
O -1.0390000343322754 -0.4880000054836273 -2.109999895095825
H 1.8389999866485596 0.26100000739097595 0.4339999854564667
H 1.593000054359436 -1.024999976158142 1.3849999904632568
H -0.24500000476837158 -1.7319999933242798 0.03799999877810478
H -0.1871567964553833 0.04013717547059059 2.0514116287231445
H -2.3948144912719727 -0.34577199816703796 0.2967585027217865
H -1.304998755455017 2.1437244415283203 1.365670919418335
H 0.2729809582233429 1.9683268070220947 0.5620901584625244
H -1.2254775762557983 1.6312129497528076 -0.33573129773139954
H -1.1430000066757202 -0.09200000017881393 -2.9860000610351562
