N 1.5429999828338623 -0.7020000219345093 0.4300000071525574
C 0.12200000137090683 -0.7059999704360962 0.0560000017285347
C -0.03799999877810478 -0.09000000357627869 -1.309000015258789
O 0.7319999933242798 0.7609999775886536 -1.6829999685287476
C -0.675000011920929 0.1040000170469284 1.0789999961853027
O -1.4182499647140503 1.1214540004730225 0.40698620676994324
C 0.28531304001808167 0.7509801387786865 2.0792529582977295
O -1.0390000343322754 -0.4880000054836273 -2.109999895095825
H 1.8389999866485596 0.26100000739097595 0.4339999854564667
H 1.593000054359436 -1.024999976158142 1.3849999904632568
H -0.24500000476837158 -1.7319999933242798 0.03799999877810478
H -1.360709309577942 -0.5563772916793823 1.609432339668274
H -0.7760034799575806 1.6824841499328613 -0.048006851226091385
H -0.28336042165756226 1.3269227743148804 2.808344602584839
H 0.8527684807777405 -0.025539454072713852 2.592512845993042
H 0.9704427719116211 1.4109104871749878 1.549501895904541
H -1.1430000066757202 -0.09200000017881393 -2.9860000610351562
