N 1.5429999828338623 -0.7020000219345093 0.4300000071525574
C 0.12200000137090683 -0.7059999704360962 0.0560000017285347
C -0.03799999877810478 -0.09000000357627869 -1.309000015258789
O 0.7319999933242798 0.7609999775886536 -1.6829999685287476
C -0.6750000715255737 0.10399999469518661 1.0789999961853027
O -1.7566704750061035 -0.6858532428741455 1.5743348598480225
C -1.2284321784973145 1.3656494617462158 0.41323423385620117
O -1.0390000343322754 -0.4880000054836273 -2.109999895095825
H 1.8389999866485596 0.26100000739097595 0.4339999854564667
H 1.593000054359436 -1.024999976158142 1.3849999904632568
H -0.24500000476837158 -1.7319999933242798 0.03799999877810478
H -0.022980554029345512 0.3860655725002289 1.9054160118103027
H -2.308021306991577 -0.9132611751556396 0.8137089610099792
H -1.7951431274414062 1.942678451538086 1.1429946422576904
H -0.40287500619888306 1.968886137008667 0.03510063514113426
H -1.8800004720687866 1.0840524435043335 -0.4124222695827484
H -1.1430000066757202 -0.09200000017881393 -2.9860000610351562
