N 1.5429999828338623 -0.7020000219345093 0.4300000071525574
C 0.12200000137090683 -0.7059999704360962 0.0560000017285347
C -0.03799999877810478 -0.09000000357627869 -1.309000015258789
O 0.7319999933242798 0.7609999775886536 -1.6829999685287476
C -0.6750001311302185 0.10399998724460602 1.0789999961853027
O -1.6226937770843506 -0.7458410859107971 1.7262113094329834
C -1.4121243953704834 1.2412389516830444 0.3686298727989197
O -1.0390000343322754 -0.4880000054836273 -2.109999895095825
H 1.8389999866485596 0.26100000739097595 0.4339999854564667
H 1.593000054359436 -1.024999976158142 1.3849999904632568
H -0.24500000476837158 -1.7319999933242798 0.03799999877810478
H 0.005630528088659048 0.5205885171890259 1.8211925029754639
H -2.2042951583862305 -1.0924100875854492 1.0363681316375732
H -1.9787667989730835 1.818460464477539 1.098291277885437
H -0.688871443271637 1.890249252319336 -0.12544994056224823
H -2.092298984527588 0.8252257704734802 -0.3728838562965393
H -1.1430000066757202 -0.09200000017881393 -2.9860000610351562
