N 1.5429999828338623 -0.7020000219345093 0.4300000071525574
C 0.12200000137090683 -0.7059999704360962 0.0560000017285347
C -0.03799999877810478 -0.09000000357627869 -1.309000015258789
O 0.7319999933242798 0.7609999775886536 -1.6829999685287476
C -0.6750001311302185 0.10399997234344482 1.0789999961853027
O -1.2496165037155151 -0.7789478302001953 2.0430824756622314
C -1.7884109020233154 0.8742589950561523 0.366042822599411
O -1.0390000343322754 -0.4880000054836273 -2.109999895095825
H 1.8389999866485596 0.26100000739097595 0.4339999854564667
H 1.593000054359436 -1.024999976158142 1.3849999904632568
H -0.24500000476837158 -1.7319999933242798 0.03799999877810478
H -0.011108427308499813 0.8075118660926819 1.5809688568115234
H -1.8286164999008179 -1.3828462362289429 1.5590165853500366
H -2.355008125305176 1.451908826828003 1.0954002141952515
H -1.350016713142395 1.5484837293624878 -0.3699297606945038
H -2.451903820037842 0.17153878509998322 -0.13546320796012878
H -1.1430000066757202 -0.09200000017881393 -2.9860000610351562
