N 1.5429999828338623 -0.7020000219345093 0.4300000071525574
C 0.12200000137090683 -0.7059999704360962 0.0560000017285347
C -0.03799999877810478 -0.09000000357627869 -1.309000015258789
O 0.7319999933242798 0.7609999775886536 -1.6829999685287476
C -0.675000011920929 0.10399994254112244 1.0789999961853027
O 0.21539029479026794 0.6508545279502869 2.052340030670166
C -1.6911540031433105 -0.8060212135314941 1.7722408771514893
O -1.0390000343322754 -0.4880000054836273 -2.109999895095825
H 1.8389999866485596 0.26100000739097595 0.4339999854564667
H 1.593000054359436 -1.024999976158142 1.3849999904632568
H -0.24500000476837158 -1.7319999933242798 0.03799999877810478
H -1.1996121406555176 0.9131661057472229 0.5713720321655273
H 0.6579057574272156 -0.09602029621601105 2.4773247241973877
H -2.259274959564209 -0.2279413491487503 2.500070571899414
H -2.371098041534424 -1.2235435247421265 1.0294251441955566
H -1.1671994924545288 -1.6144901514053345 2.27958345413208
H -1.1430000066757202 -0.09200000017881393 -2.9860000610351562
