N 1.5429999828338623 -0.7020000219345093 0.4300000071525574
C 0.12200000137090683 -0.7059999704360962 0.0560000017285347
C -0.03799999877810478 -0.09000000357627869 -1.309000015258789
O 0.7319999933242798 0.7609999775886536 -1.6829999685287476
C -0.6750001311302185 0.10399997979402542 1.0789999961853027
O -1.4537978172302246 -0.7806150913238525 1.8853286504745483
C -1.6024504899978638 1.0781378746032715 0.3494921028614044
O -1.0390000343322754 -0.4880000054836273 -2.109999895095825
H 1.8389999866485596 0.26100000739097595 0.4339999854564667
H 1.593000054359436 -1.024999976158142 1.3849999904632568
H -0.24500000476837158 -1.7319999933242798 0.03799999877810478
H 0.012295080348849297 0.6634336709976196 1.7132816314697266
H -2.0470499992370605 -1.2546842098236084 1.287361741065979
H -2.169050693511963 1.6555691957473755 1.0790201425552368
H -1.0081591606140137 1.7536678314208984 -0.2660573720932007
H -2.2893049716949463 0.5193894505500793 -0.2842097282409668
H -1.1430000066757202 -0.09200000017881393 -2.9860000610351562
