N 1.5429999828338623 -0.7020000219345093 0.4300000071525574
C 0.12200000137090683 -0.7059999704360962 0.0560000017285347
C -0.03799999877810478 -0.09000000357627869 -1.309000015258789
O 0.7319999933242798 0.7609999775886536 -1.6829999685287476
C -0.675000011920929 0.1040000170469284 1.0789999961853027
O -1.7288295030593872 0.803840160369873 0.41650259494781494
C 0.250057190656662 1.1094207763671875 1.7679764032363892
O -1.0390000343322754 -0.4880000054836273 -2.109999895095825
H 1.8389999866485596 0.26100000739097595 0.4339999854564667
H 1.593000054359436 -1.024999976158142 1.3849999904632568
H -0.24500000476837158 -1.7319999933242798 0.03799999877810478
H -1.098312497138977 -0.5692858099937439 1.8240816593170166
H -1.31254243850708 1.3871181011199951 -0.23214676976203918
H -0.31827741861343384 1.6852837800979614 2.4973950386047363
H 1.0545965433120728 0.5754176378250122 2.2739222049713135
H 0.6730217337608337 1.7822884321212769 1.0237338542938232
H -1.1430000066757202 -0.09200000017881393 -2.9860000610351562
