N 1.5429999828338623 -0.7020000219345093 0.4300000071525574
C 0.12200000137090683 -0.7059999704360962 0.0560000017285347
C -0.03799999877810478 -0.09000000357627869 -1.309000015258789
O 0.7319999933242798 0.7609999775886536 -1.6829999685287476
C -0.6750000715255737 0.10400000959634781 1.0789999961853027
O -2.019047737121582 -0.376284658908844 1.1248087882995605
C -0.6747488379478455 1.579832911491394 0.6750103831291199
O -1.0390000343322754 -0.4880000054836273 -2.109999895095825
H 1.8389999866485596 0.26100000739097595 0.4339999854564667
H 1.593000054359436 -1.024999976158142 1.3849999904632568
H -0.24500000476837158 -1.7319999933242798 0.03799999877810478
H -0.2172810435295105 -0.0031223485711961985 2.06219482421875
H -2.38661527633667 -0.2634965181350708 0.23800162971019745
H -1.2418036460876465 2.1563308238983154 1.404923439025879
H 0.35118940472602844 1.9467859268188477 0.640076756477356
H -1.1321288347244263 1.687098503112793 -0.3072546124458313
H -1.1430000066757202 -0.09200000017881393 -2.9860000610351562
