N 1.5429999828338623 -0.7020000219345093 0.4300000071525574
C 0.12200000137090683 -0.7059999704360962 0.0560000017285347
C -0.03799999877810478 -0.09000000357627869 -1.309000015258789
O 0.7319999933242798 0.7609999775886536 -1.6829999685287476
C -0.675000011920929 0.10399998724460602 1.0789999961853027
O -0.5974610447883606 1.4921330213546753 0.7529478669166565
C -0.09473878145217896 -0.12441317737102509 2.476288318634033
O -1.0390000343322754 -0.4880000054836273 -2.109999895095825
H 1.8389999866485596 0.26100000739097595 0.4339999854564667
H 1.593000054359436 -1.024999976158142 1.3849999904632568
H -0.24500000476837158 -1.7319999933242798 0.03799999877810478
H -1.716785192489624 -0.21545451879501343 1.0620814561843872
H 0.33806198835372925 1.7336931228637695 0.7793938517570496
H -0.6637967228889465 0.4521158039569855 3.204616069793701
H -0.15391595661640167 -1.1840403079986572 2.7255117893218994
H 0.9461043477058411 0.19480188190937042 2.493441581726074
H -1.1430000066757202 -0.09200000017881393 -2.9860000610351562
