N 1.5429999828338623 -0.7020000219345093 0.4300000071525574
C 0.12200000137090683 -0.7059999704360962 0.0560000017285347
C -0.03799999877810478 -0.09000000357627869 -1.309000015258789
O 0.7319999933242798 0.7609999775886536 -1.6829999685287476
C -0.675000011920929 0.10400000214576721 1.0789999961853027
O -0.8936559557914734 1.4228795766830444 0.5770220756530762
C 0.10754392296075821 0.18159283697605133 2.3915908336639404
O -1.0390000343322754 -0.4880000054836273 -2.109999895095825
H 1.8389999866485596 0.26100000739097595 0.4339999854564667
H 1.593000054359436 -1.024999976158142 1.3849999904632568
H -0.24500000476837158 -1.7319999933242798 0.03799999877810478
H -1.6347262859344482 -0.38071125745773315 1.2568604946136475
H -0.022140126675367355 1.8156049251556396 0.4339103400707245
H -0.4614455997943878 0.757858395576477 3.120180368423462
H 0.274507611989975 -0.8251190781593323 2.7750988006591797
H 1.0664246082305908 0.6659507751464844 2.214130401611328
H -1.1430000066757202 -0.09200000017881393 -2.9860000610351562
