N 1.5429999828338623 -0.7020000219345093 0.4300000071525574
C 0.12200000137090683 -0.7059999704360962 0.0560000017285347
C -0.03799999877810478 -0.09000000357627869 -1.309000015258789
O 0.7319999933242798 0.7609999775886536 -1.6829999685287476
C -0.6750000715255737 0.10399994254112244 1.0789999961853027
O -0.32316792011260986 -0.3154832124710083 2.397894859313965
C -2.1718831062316895 -0.12073495239019394 0.8551118969917297
O -1.0390000343322754 -0.4880000054836273 -2.109999895095825
H 1.8389999866485596 0.26100000739097595 0.4339999854564667
H 1.593000054359436 -1.024999976158142 1.3849999904632568
H -0.24500000476837158 -1.7319999933242798 0.03799999877810478
H -0.4454626142978668 1.1628198623657227 0.96124267578125
H -0.5419180393218994 -1.2549113035202026 2.4601616859436035
H -2.7389633655548096 0.4575406610965729 1.5835975408554077
H -2.4407804012298584 0.19953276216983795 -0.15163880586624146
H -2.4014549255371094 -1.178556203842163 0.9728306531906128
H -1.1430000066757202 -0.09200000017881393 -2.9860000610351562
