N 1.5429999828338623 -0.7020000219345093 0.4300000071525574
C 0.12200000137090683 -0.7059999704360962 0.0560000017285347
C -0.03799999877810478 -0.09000000357627869 -1.309000015258789
O 0.7319999933242798 0.7609999775886536 -1.6829999685287476
C -0.675000011920929 0.10399999469518661 1.0789999961853027
O -0.7539308667182922 1.464648723602295 0.6528069376945496
C 0.021308185532689095 0.035843897610902786 2.4398086071014404
O -1.0390000343322754 -0.4880000054836273 -2.109999895095825
H 1.8389999866485596 0.26100000739097595 0.4339999854564667
H 1.593000054359436 -1.024999976158142 1.3849999904632568
H -0.24500000476837158 -1.7319999933242798 0.03799999877810478
H -1.679986596107483 -0.30871090292930603 1.1645898818969727
H 0.15367931127548218 1.7911254167556763 0.5902705192565918
H -0.5477235317230225 0.6122264266014099 3.1682727336883545
H 0.08159507066011429 -1.002776861190796 2.7654716968536377
H 1.0253987312316895 0.4482496678829193 2.354541301727295
H -1.1430000066757202 -0.09200000017881393 -2.9860000610351562
