N 1.5429999828338623 -0.7020000219345093 0.4300000071525574
C 0.12200000137090683 -0.7059999704360962 0.0560000017285347
C -0.03799999877810478 -0.09000000357627869 -1.309000015258789
O 0.7319999933242798 0.7609999775886536 -1.6829999685287476
C -0.675000011920929 0.10399999469518661 1.0789999961853027
O -0.7737850546836853 1.4596811532974243 0.6412721872329712
C 0.034538812935352325 0.056405700743198395 2.433835744857788
O -1.0390000343322754 -0.4880000054836273 -2.109999895095825
H 1.8389999866485596 0.26100000739097595 0.4339999854564667
H 1.593000054359436 -1.024999976158142 1.3849999904632568
H -0.24500000476837158 -1.7319999933242798 0.03799999877810478
H -1.6742517948150635 -0.3195751905441284 1.1776599884033203
H 0.1293235868215561 1.796109676361084 0.5673490166664124
H -0.5344879627227783 0.632770836353302 3.1623175144195557
H 0.10998409241437912 -0.9784196615219116 2.768303394317627
H 1.0329012870788574 0.4796683192253113 2.3355093002319336
H -1.1430000066757202 -0.09200000017881393 -2.9860000610351562
