N 1.5429999828338623 -0.7020000219345093 0.4300000071525574
C 0.12200000137090683 -0.7059999704360962 0.0560000017285347
C -0.03799999877810478 -0.09000000357627869 -1.309000015258789
O 0.7319999933242798 0.7609999775886536 -1.6829999685287476
C -0.6750000715255737 0.10399994254112244 1.0789999961853027
O -0.024414846673607826 0.04069168493151665 2.348632574081421
C -2.086825370788574 -0.47329527139663696 1.2005321979522705
O -1.0390000343322754 -0.4880000054836273 -2.109999895095825
H 1.8389999866485596 0.26100000739097595 0.4339999854564667
H 1.593000054359436 -1.024999976158142 1.3849999904632568
H -0.24500000476837158 -1.7319999933242798 0.03799999877810478
H -0.7343302369117737 1.142078161239624 0.752614438533783
H 0.007032626774162054 -0.891964316368103 2.600461483001709
H -2.6542868614196777 0.10501614212989807 1.9286924600601196
H -2.583770513534546 -0.4249797463417053 0.23144227266311646
H -2.0277793407440186 -1.5104331970214844 1.5267307758331299
H -1.1430000066757202 -0.09200000017881393 -2.9860000610351562
