N 1.5429999828338623 -0.7020000219345093 0.4300000071525574
C 0.12200000137090683 -0.7059999704360962 0.0560000017285347
C -0.03799999877810478 -0.09000000357627869 -1.309000015258789
O 0.7319999933242798 0.7609999775886536 -1.6829999685287476
C -0.675000011920929 0.10399997234344482 1.0789999961853027
O -0.22438374161720276 1.4590263366699219 1.0698189735412598
C -0.4710251986980438 -0.491393119096756 2.473701238632202
O -1.0390000343322754 -0.4880000054836273 -2.109999895095825
H 1.8389999866485596 0.26100000739097595 0.4339999854564667
H 1.593000054359436 -1.024999976158142 1.3849999904632568
H -0.24500000476837158 -1.7319999933242798 0.03799999877810478
H -1.733524203300476 0.07146881520748138 0.8218576908111572
H 0.7137408256530762 1.4432569742202759 1.3020422458648682
H -1.040037989616394 0.08556424081325531 3.2017250061035156
H -0.8150612711906433 -1.5258058309555054 2.481032133102417
H 0.5864994525909424 -0.4588851034641266 2.7308621406555176
H -1.1430000066757202 -0.09200000017881393 -2.9860000610351562
