N 1.5429999828338623 -0.7020000219345093 0.4300000071525574
C 0.12200000137090683 -0.7059999704360962 0.0560000017285347
C -0.03799999877810478 -0.09000000357627869 -1.309000015258789
O 0.7319999933242798 0.7609999775886536 -1.6829999685287476
C -0.675000011920929 0.10399998724460602 1.0789999961853027
O -0.4841112792491913 1.4982548952102661 0.8364092707633972
C -0.19272682070732117 -0.2383919060230255 2.490194797515869
O -1.0390000343322754 -0.4880000054836273 -2.109999895095825
H 1.8389999866485596 0.26100000739097595 0.4339999854564667
H 1.593000054359436 -1.024999976158142 1.3849999904632568
H -0.24500000476837158 -1.7319999933242798 0.03799999877810478
H -1.7335178852081299 -0.13887207210063934 0.9884081482887268
H 0.4626927673816681 1.6706312894821167 0.9264230728149414
H -0.7617886662483215 0.33825424313545227 3.2184267044067383
H -0.33844828605651855 -1.3027105331420898 2.675708055496216
H 0.8648229241371155 0.004296638537198305 2.5809566974639893
H -1.1430000066757202 -0.09200000017881393 -2.9860000610351562
