N 1.5429999828338623 -0.7020000219345093 0.4300000071525574
C 0.12200000137090683 -0.7059999704360962 0.0560000017285347
C -0.03799999877810478 -0.09000000357627869 -1.309000015258789
O 0.7319999933242798 0.7609999775886536 -1.6829999685287476
C -0.6750000715255737 0.10399999469518661 1.0789999961853027
O -1.8224290609359741 -0.6413144469261169 1.4878382682800293
C -1.1230307817459106 1.4243977069854736 0.44883424043655396
O -1.0390000343322754 -0.4880000054836273 -2.109999895095825
H 1.8389999866485596 0.26100000739097595 0.4339999854564667
H 1.593000054359436 -1.024999976158142 1.3849999904632568
H -0.24500000476837158 -1.7319999933242798 0.03799999877810478
H -0.047889478504657745 0.3101573586463928 1.946113109588623
H -2.3491451740264893 -0.8018399477005005 0.6934480667114258
H -1.6897919178009033 2.0013201236724854 1.1786400079727173
H -0.24725815653800964 1.9936437606811523 0.1367359757423401
H -1.749700665473938 1.2186473608016968 -0.41747888922691345
H -1.1430000066757202 -0.09200000017881393 -2.9860000610351562
