N 1.5429999828338623 -0.7020000219345093 0.4300000071525574
C 0.12200000137090683 -0.7059999704360962 0.0560000017285347
C -0.03799999877810478 -0.09000000357627869 -1.309000015258789
O 0.7319999933242798 0.7609999775886536 -1.6829999685287476
C -0.675000011920929 0.10399996489286423 1.0789999961853027
O -0.024648381397128105 1.3544995784759521 1.3081920146942139
C -0.7601189017295837 -0.6745519042015076 2.3934969902038574
O -1.0390000343322754 -0.4880000054836273 -2.109999895095825
H 1.8389999866485596 0.26100000739097595 0.4339999854564667
H 1.593000054359436 -1.024999976158142 1.3849999904632568
H -0.24500000476837158 -1.7319999933242798 0.03799999877810478
H -1.6800042390823364 0.281900018453598 0.696937084197998
H 0.8585907816886902 1.1526868343353271 1.6449623107910156
H -1.3290129899978638 -0.09729549288749695 3.1213762760162354
H -1.2566745281219482 -1.6292003393173218 2.218846082687378
H 0.24390122294425964 -0.8523067235946655 2.7754571437835693
H -1.1430000066757202 -0.09200000017881393 -2.9860000610351562
