N 1.5429999828338623 -0.7020000219345093 0.4300000071525574
C 0.12200000137090683 -0.7059999704360962 0.0560000017285347
C -0.03799999877810478 -0.09000000357627869 -1.309000015258789
O 0.7319999933242798 0.7609999775886536 -1.6829999685287476
C -0.675000011920929 0.104000024497509 1.0789999961853027
O -1.83500337600708 0.6532986164093018 0.4529816806316376
C 0.1956366002559662 1.2383918762207031 1.6234605312347412
O -1.0390000343322754 -0.4880000054836273 -2.109999895095825
H 1.8389999866485596 0.26100000739097595 0.4339999854564667
H 1.593000054359436 -1.024999976158142 1.3849999904632568
H -0.24500000476837158 -1.7319999933242798 0.03799999877810478
H -0.9784046411514282 -0.5462299585342407 1.8992441892623901
H -1.523168921470642 1.22084379196167 -0.2645877003669739
H -0.37253642082214355 1.8142614364624023 2.3529999256134033
H 1.0812181234359741 0.8193293809890747 2.1015357971191406
H 0.498794823884964 1.8882389068603516 0.804106593132019
H -1.1430000066757202 -0.09200000017881393 -2.9860000610351562
