N 1.5429999828338623 -0.7020000219345093 0.4300000071525574
C 0.12200000137090683 -0.7059999704360962 0.0560000017285347
C -0.03799999877810478 -0.09000000357627869 -1.309000015258789
O 0.7319999933242798 0.7609999775886536 -1.6829999685287476
C -0.6750000715255737 0.10399994254112244 1.0789999961853027
O -0.22408612072467804 -0.2153342068195343 2.3957908153533936
C -2.1618239879608154 -0.23490501940250397 0.953347384929657
O -1.0390000343322754 -0.4880000054836273 -2.109999895095825
H 1.8389999866485596 0.26100000739097595 0.4339999854564667
H 1.593000054359436 -1.024999976158142 1.3849999904632568
H -0.24500000476837158 -1.7319999933242798 0.03799999877810478
H -0.5283259153366089 1.167708396911621 0.8928148150444031
H -0.3715131878852844 -1.1625144481658936 2.5197620391845703
H -2.729011058807373 0.3433969020843506 1.6817289590835571
H -2.5063564777374268 0.008892991580069065 -0.05178147926926613
H -2.308605909347534 -1.2976232767105103 1.1394436359405518
H -1.1430000066757202 -0.09200000017881393 -2.9860000610351562
