N 1.5429999828338623 -0.7020000219345093 0.4300000071525574
C 0.12200000137090683 -0.7059999704360962 0.0560000017285347
C -0.03799999877810478 -0.09000000357627869 -1.309000015258789
O 0.7319999933242798 0.7609999775886536 -1.6829999685287476
C -0.675000011920929 0.10399998724460602 1.0789999961853027
O -0.5027015209197998 1.498103141784668 0.822046160697937
C -0.1757955402135849 -0.21982920169830322 2.488687753677368
O -1.0390000343322754 -0.4880000054836273 -2.109999895095825
H 1.8389999866485596 0.26100000739097595 0.4339999854564667
H 1.593000054359436 -1.024999976158142 1.3849999904632568
H -0.24500000476837158 -1.7319999933242798 0.03799999877810478
H -1.7313871383666992 -0.15199005603790283 1.0004549026489258
H 0.44280490279197693 1.6823002099990845 0.9016895294189453
H -0.744857668876648 0.3567970395088196 3.216935396194458
H -0.3073229491710663 -1.2840290069580078 2.6851654052734375
H 0.8796271681785583 0.035967640578746796 2.567413568496704
H -1.1430000066757202 -0.09200000017881393 -2.9860000610351562
