N 1.5429999828338623 -0.7020000219345093 0.4300000071525574
C 0.12200000137090683 -0.7059999704360962 0.0560000017285347
C -0.03799999877810478 -0.09000000357627869 -1.309000015258789
O 0.7319999933242798 0.7609999775886536 -1.6829999685287476
C -0.6750000715255737 0.10399994254112244 1.0789999961853027
O 0.1658906191587448 0.43496888875961304 2.1847116947174072
C -1.863633394241333 -0.7235479950904846 1.5725640058517456
O -1.0390000343322754 -0.4880000054836273 -2.109999895095825
H 1.8389999866485596 0.26100000739097595 0.4339999854564667
H 1.593000054359436 -1.024999976158142 1.3849999904632568
H -0.24500000476837158 -1.7319999933242798 0.03799999877810478
H -1.0388315916061401 1.0192903280258179 0.6126052141189575
H 0.4652436375617981 -0.4002746045589447 2.5681304931640625
H -2.4315202236175537 -0.14534813165664673 2.3004813194274902
H -2.5058181285858154 -0.9762548208236694 0.7286669611930847
H -1.5003345012664795 -1.6380364894866943 2.0386879444122314
H -1.1430000066757202 -0.09200000017881393 -2.9860000610351562
