N 1.5429999828338623 -0.7020000219345093 0.4300000071525574
C 0.12200000137090683 -0.7059999704360962 0.0560000017285347
C -0.03799999877810478 -0.09000000357627869 -1.309000015258789
O 0.7319999933242798 0.7609999775886536 -1.6829999685287476
C -0.6750001311302185 0.10399996489286423 1.0789999961853027
O -1.0732923746109009 -0.7464959621429443 2.1547579765319824
C -1.9176884889602661 0.6934400796890259 0.4084954559803009
O -1.0390000343322754 -0.4880000054836273 -2.109999895095825
H 1.8389999866485596 0.26100000739097595 0.4339999854564667
H 1.593000054359436 -1.024999976158142 1.3849999904632568
H -0.24500000476837158 -1.7319999933242798 0.03799999877810478
H -0.05364185571670532 0.9116325378417969 1.4653902053833008
H -1.6198780536651611 -1.4452626705169678 1.7710614204406738
H -2.484316825866699 1.2712538242340088 1.1376988887786865
H -1.6139167547225952 1.3428630828857422 -0.4127211570739746
H -2.538700819015503 -0.11332764476537704 0.02246899902820587
H -1.1430000066757202 -0.09200000017881393 -2.9860000610351562
