N 1.5429999828338623 -0.7020000219345093 0.4300000071525574
C 0.12200000137090683 -0.7059999704360962 0.0560000017285347
C -0.03799999877810478 -0.09000000357627869 -1.309000015258789
O 0.7319999933242798 0.7609999775886536 -1.6829999685287476
C -0.6750000715255737 0.10399994254112244 1.0789999961853027
O 0.13782313466072083 0.35532745718955994 2.2259039878845215
C -1.918249487876892 -0.6833431720733643 1.4981799125671387
O -1.0390000343322754 -0.4880000054836273 -2.109999895095825
H 1.8389999866485596 0.26100000739097595 0.4339999854564667
H 1.593000054359436 -1.024999976158142 1.3849999904632568
H -0.24500000476837158 -1.7319999933242798 0.03799999877810478
H -0.9784522652626038 1.0514676570892334 0.6341679096221924
H 0.38373011350631714 -0.5062355399131775 2.5885236263275146
H -2.4860501289367676 -0.10510963201522827 2.226137638092041
H -2.5390167236328125 -0.8752471208572388 0.6228257417678833
H -1.6152818202972412 -1.62997567653656 1.9427522420883179
H -1.1430000066757202 -0.09200000017881393 -2.9860000610351562
