N 1.5429999828338623 -0.7020000219345093 0.4300000071525574
C 0.12200000137090683 -0.7059999704360962 0.0560000017285347
C -0.03799999877810478 -0.09000000357627869 -1.309000015258789
O 0.7319999933242798 0.7609999775886536 -1.6829999685287476
C -0.675000011920929 0.1040000170469284 1.0789999961853027
O -1.7971633672714233 0.7105888724327087 0.437100350856781
C 0.21870474517345428 1.1918690204620361 1.6782686710357666
O -1.0390000343322754 -0.4880000054836273 -2.109999895095825
H 1.8389999866485596 0.26100000739097595 0.4339999854564667
H 1.593000054359436 -1.024999976158142 1.3849999904632568
H -0.24500000476837158 -1.7319999933242798 0.03799999877810478
H -1.0237579345703125 -0.5568282008171082 1.8723018169403076
H -1.4457437992095947 1.2857643365859985 -0.25567057728767395
H -0.34952983260154724 1.7677333354949951 2.407764196395874
H 1.0754036903381348 0.7290650010108948 2.1684763431549072
H 0.5671781301498413 1.8522995710372925 0.8858391046524048
H -1.1430000066757202 -0.09200000017881393 -2.9860000610351562
