N 1.5429999828338623 -0.7020000219345093 0.4300000071525574
C 0.12200000137090683 -0.7059999704360962 0.0560000017285347
C -0.03799999877810478 -0.09000000357627869 -1.309000015258789
O 0.7319999933242798 0.7609999775886536 -1.6829999685287476
C -0.6750000715255737 0.10399994254112244 1.0789999961853027
O 0.04539288580417633 0.15709909796714783 2.3108482360839844
C -2.033447742462158 -0.560764729976654 1.3113749027252197
O -1.0390000343322754 -0.4880000054836273 -2.109999895095825
H 1.8389999866485596 0.26100000739097595 0.4339999854564667
H 1.593000054359436 -1.024999976158142 1.3849999904632568
H -0.24500000476837158 -1.7319999933242798 0.03799999877810478
H -0.8257132768630981 1.1155105829238892 0.7024555802345276
H 0.15681616961956024 -0.755519688129425 2.6091196537017822
H -2.60103440284729 0.01752840355038643 2.039452075958252
H -2.583674192428589 -0.6013259887695312 0.3711463510990143
H -1.8830949068069458 -1.5713688135147095 1.687699794769287
H -1.1430000066757202 -0.09200000017881393 -2.9860000610351562
