N 1.5429999828338623 -0.7020000219345093 0.4300000071525574
C 0.12200000137090683 -0.7059999704360962 0.0560000017285347
C -0.03799999877810478 -0.09000000357627869 -1.309000015258789
O 0.7319999933242798 0.7609999775886536 -1.6829999685287476
C -0.675000011920929 0.10399996489286423 1.0789999961853027
O -0.06331353634595871 1.382157325744629 1.2561696767807007
C -0.6966606974601746 -0.640234112739563 2.4157636165618896
O -1.0390000343322754 -0.4880000054836273 -2.109999895095825
H 1.8389999866485596 0.26100000739097595 0.4339999854564667
H 1.593000054359436 -1.024999976158142 1.3849999904632568
H -0.24500000476837158 -1.7319999933242798 0.03799999877810478
H -1.6957080364227295 0.2363051325082779 0.7208040356636047
H 0.8353632688522339 1.2204877138137817 1.573182225227356
H -1.2655858993530273 -0.0630415603518486 3.143669366836548
H -1.1636900901794434 -1.615990400314331 2.2808289527893066
H 0.32305631041526794 -0.7724311351776123 2.773880958557129
H -1.1430000066757202 -0.09200000017881393 -2.9860000610351562
