N 1.5429999828338623 -0.7020000219345093 0.4300000071525574
C 0.12200000137090683 -0.7059999704360962 0.0560000017285347
C -0.03799999877810478 -0.09000000357627869 -1.309000015258789
O 0.7319999933242798 0.7609999775886536 -1.6829999685287476
C -0.6750001311302185 0.10399996489286423 1.0789999961853027
O -0.9333756566047668 -0.7024121880531311 2.2288596630096436
C -2.001763343811035 0.5471450090408325 0.45882904529571533
O -1.0390000343322754 -0.4880000054836273 -2.109999895095825
H 1.8389999866485596 0.26100000739097595 0.4339999854564667
H 1.593000054359436 -1.024999976158142 1.3849999904632568
H -0.24500000476837158 -1.7319999933242798 0.03799999877810478
H -0.10058905929327011 0.9822540879249573 1.3728972673416138
H -1.4423539638519287 -1.4662630558013916 1.925994873046875
H -2.56843638420105 1.125074028968811 1.187906265258789
H -1.8048144578933716 1.1628921031951904 -0.4189469814300537
H -2.5758800506591797 -0.3301973044872284 0.16521823406219482
H -1.1430000066757202 -0.09200000017881393 -2.9860000610351562
