N 1.5429999828338623 -0.7020000219345093 0.4300000071525574
C 0.12200000137090683 -0.7059999704360962 0.0560000017285347
C -0.03799999877810478 -0.09000000357627869 -1.309000015258789
O 0.7319999933242798 0.7609999775886536 -1.6829999685287476
C -0.675000011920929 0.10400000959634781 1.0789999961853027
O -1.2499761581420898 1.2446269989013672 0.44055813550949097
C 0.25503066182136536 0.5642762184143066 2.2034904956817627
O -1.0390000343322754 -0.4880000054836273 -2.109999895095825
H 1.8389999866485596 0.26100000739097595 0.4339999854564667
H 1.593000054359436 -1.024999976158142 1.3849999904632568
H -0.24500000476837158 -1.7319999933242798 0.03799999877810478
H -1.4676698446273804 -0.5173658132553101 1.4952125549316406
H -0.5170155763626099 1.7664000988006592 0.08732205629348755
H -0.3137730658054352 1.1403011083602905 2.93241548538208
H 0.6940248012542725 -0.30630072951316833 2.6911420822143555
H 1.047021508216858 1.185209035873413 1.7878708839416504
H -1.1430000066757202 -0.09200000017881393 -2.9860000610351562
