N 1.5429999828338623 -0.7020000219345093 0.4300000071525574
C 0.12200000137090683 -0.7059999704360962 0.0560000017285347
C -0.03799999877810478 -0.09000000357627869 -1.309000015258789
O 0.7319999933242798 0.7609999775886536 -1.6829999685287476
C -0.6750000715255737 0.10399994999170303 1.0789999961853027
O -0.3752463161945343 -0.3628619909286499 2.3948354721069336
C -2.1718590259552 -0.06153280287981033 0.808255136013031
O -1.0390000343322754 -0.4880000054836273 -2.109999895095825
H 1.8389999866485596 0.26100000739097595 0.4339999854564667
H 1.593000054359436 -1.024999976158142 1.3849999904632568
H -0.24500000476837158 -1.7319999933242798 0.03799999877810478
H -0.40569546818733215 1.1568069458007812 0.9969855546951294
H -0.6280738711357117 -1.2952898740768433 2.4250104427337646
H -2.738888740539551 0.5167247653007507 1.5367943048477173
H -2.401000738143921 0.2949122488498688 -0.19616766273975372
H -2.441162347793579 -1.113339900970459 0.8902578353881836
H -1.1430000066757202 -0.09200000017881393 -2.9860000610351562
