N 1.5429999828338623 -0.7020000219345093 0.4300000071525574
C 0.12200000137090683 -0.7059999704360962 0.0560000017285347
C -0.03799999877810478 -0.09000000357627869 -1.309000015258789
O 0.7319999933242798 0.7609999775886536 -1.6829999685287476
C -0.675000011920929 0.10399997234344482 1.0789999961853027
O -0.19299998879432678 1.4479998350143433 1.1030000448226929
C -0.5109999775886536 -0.5210000276565552 2.4660000801086426
O -1.0390000343322754 -0.4880000054836273 -2.109999895095825
H 1.8389999866485596 0.26100000739097595 0.4339999854564667
H 1.593000054359436 -1.024999976158142 1.3849999904632568
H -0.24500000476837158 -1.7319999933242798 0.03799999877810478
H -1.7289999723434448 0.10100001096725464 0.8019999861717224
H 0.7400000095367432 1.406000018119812 1.3519999980926514
H -1.0800000429153442 0.0559999942779541 3.194000005722046
H -0.8790000677108765 -1.5470000505447388 2.447999954223633
H 0.5419999957084656 -0.5180000066757202 2.743000030517578
H -1.1430000066757202 -0.09200000017881393 -2.9860000610351562
