N 1.5429999828338623 -0.7020000219345093 0.4300000071525574
C 0.12200000137090683 -0.7059999704360962 0.0560000017285347
C -0.03799999877810478 -0.09000000357627869 -1.309000015258789
O 0.7319999933242798 0.7609999775886536 -1.6829999685287476
C -0.675000011920929 0.1040000170469284 1.0789999961853027
O -1.4362683296203613 1.106545329093933 0.4047529399394989
C 0.2868193984031677 0.7712357044219971 2.0643882751464844
O -1.0390000343322754 -0.4880000054836273 -2.109999895095825
H 1.8389999866485596 0.26100000739097595 0.4339999854564667
H 1.593000054359436 -1.024999976158142 1.3849999904632568
H -0.24500000476837158 -1.7319999933242798 0.03799999877810478
H -1.3480184078216553 -0.5594289302825928 1.6217358112335205
H -0.8048502802848816 1.6708226203918457 -0.06124737486243248
H -0.28183823823928833 1.3471708297729492 2.7934982776641846
H 0.8680299520492554 0.006100319791585207 2.579350709915161
H 0.9592698216438293 1.4342172145843506 1.5223432779312134
H -1.1430000066757202 -0.09200000017881393 -2.9860000610351562
