N 1.5429999828338623 -0.7020000219345093 0.4300000071525574
C 0.12200000137090683 -0.7059999704360962 0.0560000017285347
C -0.03799999877810478 -0.09000000357627869 -1.309000015258789
O 0.7319999933242798 0.7609999775886536 -1.6829999685287476
C -0.6750000715255737 0.10400000214576721 1.0789999961853027
O -1.9028959274291992 -0.5662879943847656 1.3657429218292236
C -0.9733306169509888 1.4931381940841675 0.5110348463058472
O -1.0390000343322754 -0.4880000054836273 -2.109999895095825
H 1.8389999866485596 0.26100000739097595 0.4339999854564667
H 1.593000054359436 -1.024999976158142 1.3849999904632568
H -0.24500000476837158 -1.7319999933242798 0.03799999877810478
H -0.09314443171024323 0.2038348764181137 1.995040774345398
H -2.3861594200134277 -0.6335559487342834 0.531365692615509
H -1.540175437927246 2.069913864135742 1.2408915758132935
H -0.03610760346055031 2.0051217079162598 0.2921513020992279
H -1.5547693967819214 1.393622636795044 -0.40415501594543457
H -1.1430000066757202 -0.09200000017881393 -2.9860000610351562
