N 1.5429999828338623 -0.7020000219345093 0.4300000071525574
C 0.12200000137090683 -0.7059999704360962 0.0560000017285347
C -0.03799999877810478 -0.09000000357627869 -1.309000015258789
O 0.7319999933242798 0.7609999775886536 -1.6829999685287476
C -0.6750000715255737 0.10399994999170303 1.0789999961853027
O -0.42882752418518066 -0.4082687795162201 2.3890440464019775
C -2.1684627532958984 -0.0011343613732606173 0.7630782723426819
O -1.0390000343322754 -0.4880000054836273 -2.109999895095825
H 1.8389999866485596 0.26100000739097595 0.4339999854564667
H 1.593000054359436 -1.024999976158142 1.3849999904632568
H -0.24500000476837158 -1.7319999933242798 0.03799999877810478
H -0.3671843409538269 1.1484346389770508 1.0336178541183472
H -0.7145509719848633 -1.3316372632980347 2.3864171504974365
H -2.7354443073272705 0.5771019458770752 1.4916718006134033
H -2.356701135635376 0.3899828791618347 -0.23693060874938965
H -2.4762423038482666 -1.0445698499679565 0.8084763884544373
H -1.1430000066757202 -0.09200000017881393 -2.9860000610351562
