N 1.5429999828338623 -0.7020000219345093 0.4300000071525574
C 0.12200000137090683 -0.7059999704360962 0.0560000017285347
C -0.03799999877810478 -0.09000000357627869 -1.309000015258789
O 0.7319999933242798 0.7609999775886536 -1.6829999685287476
C -0.675000011920929 0.104000024497509 1.0789999961853027
O -1.9030919075012207 0.5364375114440918 0.49246451258659363
C 0.1402209997177124 1.324216365814209 1.5123323202133179
O -1.0390000343322754 -0.4880000054836273 -2.109999895095825
H 1.8389999866485596 0.26100000739097595 0.4339999854564667
H 1.593000054359436 -1.024999976158142 1.3849999904632568
H -0.24500000476837158 -1.7319999933242798 0.03799999877810478
H -0.8868820071220398 -0.5181430578231812 1.9483088254928589
H -1.6714165210723877 1.0825921297073364 -0.2706184685230255
H -0.4278262257575989 1.900106430053711 2.2419533729553223
H 1.0777709484100342 0.9943767189979553 1.960249662399292
H 0.3519325852394104 1.9460114240646362 0.6439453363418579
H -1.1430000066757202 -0.09200000017881393 -2.9860000610351562
