N 1.5429999828338623 -0.7020000219345093 0.4300000071525574
C 0.12200000137090683 -0.7059999704360962 0.0560000017285347
C -0.03799999877810478 -0.09000000357627869 -1.309000015258789
O 0.7319999933242798 0.7609999775886536 -1.6829999685287476
C -0.6750001311302185 0.10399996489286423 1.0789999961853027
O -0.8932809233665466 -0.6868824362754822 2.247800350189209
C -2.022930860519409 0.504778265953064 0.4758833646774292
O -1.0390000343322754 -0.4880000054836273 -2.109999895095825
H 1.8389999866485596 0.26100000739097595 0.4339999854564667
H 1.593000054359436 -1.024999976158142 1.3849999904632568
H -0.24500000476837158 -1.7319999933242798 0.03799999877810478
H -0.11612767726182938 1.000594973564148 1.3462692499160767
H -1.389604091644287 -1.4677726030349731 1.9682865142822266
H -2.5896198749542236 1.0827380418777466 1.2049238681793213
H -1.8565927743911743 1.108663558959961 -0.4163488447666168
H -2.5815253257751465 -0.3908933103084564 0.2088785618543625
H -1.1430000066757202 -0.09200000017881393 -2.9860000610351562
