N 1.5429999828338623 -0.7020000219345093 0.4300000071525574
C 0.12200000137090683 -0.7059999704360962 0.0560000017285347
C -0.03799999877810478 -0.09000000357627869 -1.309000015258789
O 0.7319999933242798 0.7609999775886536 -1.6829999685287476
C -0.675000011920929 0.10399996489286423 1.0789999961853027
O 0.023055240511894226 1.3133821487426758 1.3779133558273315
C -0.8454731702804565 -0.7158191800117493 2.3596739768981934
O -1.0390000343322754 -0.4880000054836273 -2.109999895095825
H 1.8389999866485596 0.26100000739097595 0.4339999854564667
H 1.593000054359436 -1.024999976158142 1.3849999904632568
H -0.24500000476837158 -1.7319999933242798 0.03799999877810478
H -1.6555945873260498 0.342731773853302 0.6677881479263306
H 0.8827131390571594 1.058152198791504 1.7386071681976318
H -1.4143213033676147 -0.13847839832305908 3.087522506713867
H -1.3784583806991577 -1.639086127281189 2.131793975830078
H 0.1341496706008911 -0.9543558359146118 2.7707531452178955
H -1.1430000066757202 -0.09200000017881393 -2.9860000610351562
