N 1.5429999828338623 -0.7020000219345093 0.4300000071525574
C 0.12200000137090683 -0.7059999704360962 0.0560000017285347
C -0.03799999877810478 -0.09000000357627869 -1.309000015258789
O 0.7319999933242798 0.7609999775886536 -1.6829999685287476
C -0.675000011920929 0.10399997979402542 1.0789999961853027
O -0.3406747281551361 1.4869682788848877 0.957094669342041
C -0.3359414041042328 -0.3797053396701813 2.490509271621704
O -1.0390000343322754 -0.4880000054836273 -2.109999895095825
H 1.8389999866485596 0.26100000739097595 0.4339999854564667
H 1.593000054359436 -1.024999976158142 1.3849999904632568
H -0.24500000476837158 -1.7319999933242798 0.03799999877810478
H -1.7409913539886475 -0.029502857476472855 0.895988404750824
H 0.6080643534660339 1.5612114667892456 1.126316785812378
H -0.9049875140190125 0.197104349732399 3.2186241149902344
H -0.5911819934844971 -1.4354305267333984 2.5838940143585205
H 0.7290589213371277 -0.2463037222623825 2.6736080646514893
H -1.1430000066757202 -0.09200000017881393 -2.9860000610351562
