N 1.5429999828338623 -0.7020000219345093 0.4300000071525574
C 0.12200000137090683 -0.7059999704360962 0.0560000017285347
C -0.03799999877810478 -0.09000000357627869 -1.309000015258789
O 0.7319999933242798 0.7609999775886536 -1.6829999685287476
C -0.6750000715255737 0.104000024497509 1.0789999961853027
O -2.0357279777526855 0.19895674288272858 0.6563436985015869
C -0.07862457633018494 1.508246898651123 1.1961205005645752
O -1.0390000343322754 -0.4880000054836273 -2.109999895095825
H 1.8389999866485596 0.26100000739097595 0.4339999854564667
H 1.593000054359436 -1.024999976158142 1.3849999904632568
H -0.24500000476837158 -1.7319999933242798 0.03799999877810478
H -0.6295348405838013 -0.39153194427490234 2.048553943634033
H -2.031414031982422 0.6423558592796326 -0.20251169800758362
H -0.6463069915771484 2.0842649936676025 1.92592453956604
H 0.9601420164108276 1.436061978340149 1.518885850906372
H -0.12405376881361008 2.0035653114318848 0.22754284739494324
H -1.1430000066757202 -0.09200000017881393 -2.9860000610351562
