N 1.5429999828338623 -0.7020000219345093 0.4300000071525574
C 0.12200000137090683 -0.7059999704360962 0.0560000017285347
C -0.03799999877810478 -0.09000000357627869 -1.309000015258789
O 0.7319999933242798 0.7609999775886536 -1.6829999685287476
C -0.675000011920929 0.1040000170469284 1.0789999961853027
O -1.7840125560760498 0.7294777035713196 0.43238991498947144
C 0.22569029033184052 1.1758573055267334 1.696388840675354
O -1.0390000343322754 -0.4880000054836273 -2.109999895095825
H 1.8389999866485596 0.26100000739097595 0.4339999854564667
H 1.593000054359436 -1.024999976158142 1.3849999904632568
H -0.24500000476837158 -1.7319999933242798 0.03799999877810478
H -1.0387845039367676 -0.5598427653312683 1.8629817962646484
H -1.419498085975647 1.306736707687378 -0.25182878971099854
H -0.34256455302238464 1.751720666885376 2.4258694648742676
H 1.072351336479187 0.6986314654350281 2.190195083618164
H 0.5891775488853455 1.839297890663147 0.9132729768753052
H -1.1430000066757202 -0.09200000017881393 -2.9860000610351562
