N 1.5429999828338623 -0.7020000219345093 0.4300000071525574
C 0.12200000137090683 -0.7059999704360962 0.0560000017285347
C -0.03799999877810478 -0.09000000357627869 -1.309000015258789
O 0.7319999933242798 0.7609999775886536 -1.6829999685287476
C -0.6750000715255737 0.1040000170469284 1.0789999961853027
O -2.0624189376831055 -0.21314293146133423 0.961845338344574
C -0.47017374634742737 1.5980656147003174 0.819954514503479
O -1.0390000343322754 -0.4880000054836273 -2.109999895095825
H 1.8389999866485596 0.26100000739097595 0.4339999854564667
H 1.593000054359436 -1.024999976158142 1.3849999904632568
H -0.24500000476837158 -1.7319999933242798 0.03799999877810478
H -0.32999664545059204 -0.14075030386447906 2.0833523273468018
H -2.3270113468170166 0.01815355010330677 0.06143052875995636
H -1.0374075174331665 2.1743857860565186 1.5498688220977783
H 0.5889056921005249 1.8404827117919922 0.9094467163085938
H -0.8149162530899048 1.8428376913070679 -0.18343277275562286
H -1.1430000066757202 -0.09200000017881393 -2.9860000610351562
