N 1.5429999828338623 -0.7020000219345093 0.4300000071525574
C 0.12200000137090683 -0.7059999704360962 0.0560000017285347
C -0.03799999877810478 -0.09000000357627869 -1.309000015258789
O 0.7319999933242798 0.7609999775886536 -1.6829999685287476
C -0.6750000715255737 0.1040000170469284 1.0789999961853027
O -2.071185827255249 -0.03269007429480553 0.8121346235275269
C -0.2799219489097595 1.5791337490081787 0.9831661581993103
O -1.0390000343322754 -0.4880000054836273 -2.109999895095825
H 1.8389999866485596 0.26100000739097595 0.4339999854564667
H 1.593000054359436 -1.024999976158142 1.3849999904632568
H -0.24500000476837158 -1.7319999933242798 0.03799999877810478
H -0.45893606543540955 -0.2651069462299347 2.081362247467041
H -2.2193472385406494 0.3045821785926819 -0.08148138970136642
H -0.8473526239395142 2.155299663543701 1.7130491733551025
H 0.7858802080154419 1.6837941408157349 1.1869701147079468
H -0.4958193898200989 1.9481486082077026 -0.018214454874396324
H -1.1430000066757202 -0.09200000017881393 -2.9860000610351562
