N 1.5429999828338623 -0.7020000219345093 0.4300000071525574
C 0.12200000137090683 -0.7059999704360962 0.0560000017285347
C -0.03799999877810478 -0.09000000357627869 -1.309000015258789
O 0.7319999933242798 0.7609999775886536 -1.6829999685287476
C -0.6750000715255737 0.10399999469518661 1.0789999961853027
O -1.7427409887313843 -0.6938188076019287 1.591494083404541
C -1.249275803565979 1.3529796600341797 0.40702706575393677
O -1.0390000343322754 -0.4880000054836273 -2.109999895095825
H 1.8389999866485596 0.26100000739097595 0.4339999854564667
H 1.593000054359436 -1.024999976158142 1.3849999904632568
H -0.24500000476837158 -1.7319999933242798 0.03799999877810478
H -0.018761584535241127 0.4011833965778351 1.8967326879501343
H -2.2983577251434326 -0.934577226638794 0.8381155133247375
H -1.8159778118133545 1.930030107498169 1.1367775201797485
H -0.4343554973602295 1.9622950553894043 0.015793533995747566
H -1.9050617218017578 1.0562770366668701 -0.409954696893692
H -1.1430000066757202 -0.09200000017881393 -2.9860000610351562
