N 1.5429999828338623 -0.7020000219345093 0.4300000071525574
C 0.12200000137090683 -0.7059999704360962 0.0560000017285347
C -0.03799999877810478 -0.09000000357627869 -1.309000015258789
O 0.7319999933242798 0.7609999775886536 -1.6829999685287476
C -0.675000011920929 0.10399997979402542 1.0789999961853027
O -0.375575989484787 1.491868495941162 0.9260237812995911
C -0.2989193797111511 -0.3456510305404663 2.4923887252807617
O -1.0390000343322754 -0.4880000054836273 -2.109999895095825
H 1.8389999866485596 0.26100000739097595 0.4339999854564667
H 1.593000054359436 -1.024999976158142 1.3849999904632568
H -0.24500000476837158 -1.7319999933242798 0.03799999877810478
H -1.7407233715057373 -0.05752475932240486 0.9183846116065979
H 0.5740888118743896 1.591187596321106 1.076112151145935
H -0.867971658706665 0.2311171293258667 3.220531463623047
H -0.5275112390518188 -1.40511155128479 2.609492540359497
H 0.7658173441886902 -0.18424883484840393 2.653111457824707
H -1.1430000066757202 -0.09200000017881393 -2.9860000610351562
