N 1.5429999828338623 -0.7020000219345093 0.4300000071525574
C 0.12200000137090683 -0.7059999704360962 0.0560000017285347
C -0.03799999877810478 -0.09000000357627869 -1.309000015258789
O 0.7319999933242798 0.7609999775886536 -1.6829999685287476
C -0.6750000715255737 0.104000024497509 1.0789999961853027
O -1.992408037185669 0.3379327952861786 0.5800538063049316
C 0.02188189886510372 1.443731665611267 1.3255057334899902
O -1.0390000343322754 -0.4880000054836273 -2.109999895095825
H 1.8389999866485596 0.26100000739097595 0.4339999854564667
H 1.593000054359436 -1.024999976158142 1.3849999904632568
H -0.24500000476837158 -1.7319999933242798 0.03799999877810478
H -0.7342827320098877 -0.4517051875591278 2.0145912170410156
H -1.89519464969635 0.8308836817741394 -0.24565984308719635
H -0.5459510087966919 2.0196847915649414 2.055243730545044
H 1.027595043182373 1.2654451131820679 1.7065296173095703
H 0.08111785352230072 1.999161958694458 0.3908747434616089
H -1.1430000066757202 -0.09200000017881393 -2.9860000610351562
