N 1.5429999828338623 -0.7020000219345093 0.4300000071525574
C 0.12200000137090683 -0.7059999704360962 0.0560000017285347
C -0.03799999877810478 -0.09000000357627869 -1.309000015258789
O 0.7319999933242798 0.7609999775886536 -1.6829999685287476
C -0.675000011920929 0.10399995744228363 1.0789999961853027
O 0.05581839382648468 1.2794731855392456 1.43028724193573
C -0.9098190069198608 -0.7432923913002014 2.33129620552063
O -1.0390000343322754 -0.4880000054836273 -2.109999895095825
H 1.8389999866485596 0.26100000739097595 0.4339999854564667
H 1.593000054359436 -1.024999976158142 1.3849999904632568
H -0.24500000476837158 -1.7319999933242798 0.03799999877810478
H -1.634749174118042 0.38822248578071594 0.6480094194412231
H 0.8956049084663391 0.9844028949737549 1.8070447444915771
H -1.4786293506622314 -0.16588909924030304 3.059124708175659
H -1.4678250551223755 -1.6406782865524292 2.0634307861328125
H 0.04896988347172737 -1.0272819995880127 2.7621333599090576
H -1.1430000066757202 -0.09200000017881393 -2.9860000610351562
