N 1.5429999828338623 -0.7020000219345093 0.4300000071525574
C 0.12200000137090683 -0.7059999704360962 0.0560000017285347
C -0.03799999877810478 -0.09000000357627869 -1.309000015258789
O 0.7319999933242798 0.7609999775886536 -1.6829999685287476
C -0.675000011920929 0.10399994254112244 1.0789999961853027
O 0.20947016775608063 0.6121780276298523 2.0783512592315674
C -1.72476327419281 -0.7941856980323792 1.7366852760314941
O -1.0390000343322754 -0.4880000054836273 -2.109999895095825
H 1.8389999866485596 0.26100000739097595 0.4339999854564667
H 1.593000054359436 -1.024999976158142 1.3849999904632568
H -0.24500000476837158 -1.7319999933242798 0.03799999877810478
H -1.1711283922195435 0.934274435043335 0.5768498182296753
H 0.6265278458595276 -0.15241606533527374 2.497532367706299
H -2.292842388153076 -0.2160811871290207 2.4645283222198486
H -2.400193452835083 -1.1821813583374023 0.9740074276924133
H -1.2292706966400146 -1.6237425804138184 2.238551139831543
H -1.1430000066757202 -0.09200000017881393 -2.9860000610351562
