N 1.5429999828338623 -0.7020000219345093 0.4300000071525574
C 0.12200000137090683 -0.7059999704360962 0.0560000017285347
C -0.03799999877810478 -0.09000000357627869 -1.309000015258789
O 0.7319999933242798 0.7609999775886536 -1.6829999685287476
C -0.6750001311302185 0.10399997234344482 1.0789999961853027
O -1.2687902450561523 -0.7808356285095215 2.02963924407959
C -1.7726960182189941 0.8936699032783508 0.36291658878326416
O -1.0390000343322754 -0.4880000054836273 -2.109999895095825
H 1.8389999866485596 0.26100000739097595 0.4339999854564667
H 1.593000054359436 -1.024999976158142 1.3849999904632568
H -0.24500000476837158 -1.7319999933242798 0.03799999877810478
H -0.007664535194635391 0.7951153516769409 1.593467354774475
H -1.8502510786056519 -1.3735051155090332 1.5347652435302734
H -2.33929181098938 1.4713006019592285 1.0922904014587402
H -1.3196625709533691 1.5693389177322388 -0.3627942204475403
H -2.4396281242370605 0.20333728194236755 -0.1510770618915558
H -1.1430000066757202 -0.09200000017881393 -2.9860000610351562
