N 1.5429999828338623 -0.7020000219345093 0.4300000071525574
C 0.12200000137090683 -0.7059999704360962 0.0560000017285347
C -0.03799999877810478 -0.09000000357627869 -1.309000015258789
O 0.7319999933242798 0.7609999775886536 -1.6829999685287476
C -0.6750000715255737 0.10399995744228363 1.0789999961853027
O -0.733758270740509 -0.6122623682022095 2.312998056411743
C -2.0941927433013916 0.33424776792526245 0.5553888082504272
O -1.0390000343322754 -0.4880000054836273 -2.109999895095825
H 1.8389999866485596 0.26100000739097595 0.4339999854564667
H 1.593000054359436 -1.024999976158142 1.3849999904632568
H -0.24500000476837158 -1.7319999933242798 0.03799999877810478
H -0.18718737363815308 1.0651670694351196 1.2397805452346802
H -1.171411156654358 -1.4538089036941528 2.127220392227173
H -2.660959243774414 0.9123194217681885 1.2842803001403809
H -2.0496420860290527 0.8811426162719727 -0.3866013288497925
H -2.581799268722534 -0.6259571313858032 0.3947860598564148
H -1.1430000066757202 -0.09200000017881393 -2.9860000610351562
