N 1.5429999828338623 -0.7020000219345093 0.4300000071525574
C 0.12200000137090683 -0.7059999704360962 0.0560000017285347
C -0.03799999877810478 -0.09000000357627869 -1.309000015258789
O 0.7319999933242798 0.7609999775886536 -1.6829999685287476
C -0.6750000715255737 0.10399999469518661 1.0789999961853027
O -1.6994726657867432 -0.7157863974571228 1.6425973176956177
C -1.311219334602356 1.3131985664367676 0.3902662396430969
O -1.0390000343322754 -0.4880000054836273 -2.109999895095825
H 1.8389999866485596 0.26100000739097595 0.4339999854564667
H 1.593000054359436 -1.024999976158142 1.3849999904632568
H -0.24500000476837158 -1.7319999933242798 0.03799999877810478
H -0.0076541295275092125 0.446326345205307 1.8696426153182983
H -2.266541004180908 -0.9964711666107178 0.911910355091095
H -1.8778963088989258 1.8903132677078247 1.1199853420257568
H -0.5293389558792114 1.9392772912979126 -0.03998105600476265
H -1.9781097173690796 0.9713890552520752 -0.3996516764163971
H -1.1430000066757202 -0.09200000017881393 -2.9860000610351562
