N 1.524999976158142 0.49300000071525574 -0.6079999804496765
C 0.10000000149011612 0.4690000116825104 -0.25200000405311584
C -0.05299999937415123 0.004000000189989805 1.1729999780654907
O 0.7509999871253967 -0.7599999904632568 1.6490000486373901
C -0.6420000195503235 -0.48899999260902405 -1.184000015258789
O -1.8639838695526123 0.11344489455223083 -1.6128736734390259
O -1.0839999914169312 0.4399999976158142 1.9129999876022339
H 1.8669999837875366 -0.4490000009536743 -0.49900001287460327
H 1.5740000009536743 0.7070000171661377 -1.593000054359436
H -0.3160000145435333 1.4709999561309814 -0.3540000021457672
H -0.01921756938099861 -0.7055561542510986 -2.0521864891052246
H -0.8602401614189148 -1.4155874252319336 -0.6538339257240295
H -2.299572706222534 -0.5225218534469604 -2.196690082550049
H -1.1829999685287476 0.1420000046491623 2.828000068664551
