N 1.524999976158142 0.49300000071525574 -0.6079999804496765
C 0.10000000149011612 0.4690000116825104 -0.25200000405311584
C -0.05299999937415123 0.004000000189989805 1.1729999780654907
O 0.7509999871253967 -0.7599999904632568 1.6490000486373901
C -0.6420000791549683 -0.48899996280670166 -1.1840001344680786
O -0.37067463994026184 -1.8368700742721558 -0.7970301508903503
O -1.0839999914169312 0.4399999976158142 1.9129999876022339
H 1.8669999837875366 -0.4490000009536743 -0.49900001287460327
H 1.5740000009536743 0.7070000171661377 -1.593000054359436
H -0.3160000145435333 1.4709999561309814 -0.3540000021457672
H -1.7138655185699463 -0.30092209577560425 -1.1189360618591309
H -0.3074503540992737 -0.33090972900390625 -2.208867311477661
H -0.8560996651649475 -2.406731605529785 -1.4091194868087769
H -1.1829999685287476 0.1420000046491623 2.828000068664551
