N 1.524999976158142 0.49300000071525574 -0.6079999804496765
C 0.10000000149011612 0.4690000116825104 -0.25200000405311584
C -0.05299999937415123 0.004000000189989805 1.1729999780654907
O 0.7509999871253967 -0.7599999904632568 1.6490000486373901
C -0.6420000195503235 -0.48899999260902405 -1.184000015258789
O -0.10584791749715805 -0.38179823756217957 -2.5035324096679688
O -1.0839999914169312 0.4399999976158142 1.9129999876022339
H 1.8669999837875366 -0.4490000009536743 -0.49900001287460327
H 1.5740000009536743 0.7070000171661377 -1.593000054359436
H -0.3160000145435333 1.4709999561309814 -0.3540000021457672
H -0.5212053656578064 -1.5110985040664673 -0.8245207071304321
H -1.7009625434875488 -0.23286648094654083 -1.2002185583114624
H -0.6009508371353149 -1.0004680156707764 -3.0577468872070312
H -1.1829999685287476 0.1420000046491623 2.828000068664551
