N 1.524999976158142 0.49300000071525574 -0.6079999804496765
C 0.10000000149011612 0.4690000116825104 -0.25200000405311584
C -0.05299999937415123 0.004000000189989805 1.1729999780654907
O 0.7509999871253967 -0.7599999904632568 1.6490000486373901
C -0.6420000791549683 -0.48899999260902405 -1.184000015258789
O 0.15302874147891998 -0.7371435761451721 -2.3443753719329834
O -1.0839999914169312 0.4399999976158142 1.9129999876022339
H 1.8669999837875366 -0.4490000009536743 -0.49900001287460327
H 1.5740000009536743 0.7070000171661377 -1.593000054359436
H -0.3160000145435333 1.4709999561309814 -0.3540000021457672
H -0.829282283782959 -1.4286781549453735 -0.6639688014984131
H -1.5908513069152832 -0.04392622038722038 -1.4820934534072876
H -0.35070565342903137 -1.3437739610671997 -2.9040932655334473
H -1.1829999685287476 0.1420000046491623 2.828000068664551
