N 1.524999976158142 0.49300000071525574 -0.6079999804496765
C 0.10000000149011612 0.4690000116825104 -0.25200000405311584
C -0.05299999937415123 0.004000000189989805 1.1729999780654907
O 0.7509999871253967 -0.7599999904632568 1.6490000486373901
C -0.6420000195503235 -0.48899999260902405 -1.1840001344680786
O -1.730318307876587 -1.0907776355743408 -0.48147323727607727
O -1.0839999914169312 0.4399999976158142 1.9129999876022339
H 1.8669999837875366 -0.4490000009536743 -0.49900001287460327
H 1.5740000009536743 0.7070000171661377 -1.593000054359436
H -0.3160000145435333 1.4709999561309814 -0.3540000021457672
H -1.0246049165725708 0.06358060240745544 -2.042353391647339
H 0.04199787229299545 -1.2645752429962158 -1.5273642539978027
H -2.1698877811431885 -1.6862196922302246 -1.1037757396697998
H -1.1829999685287476 0.1420000046491623 2.828000068664551
