N 1.524999976158142 0.49300000071525574 -0.6079999804496765
C 0.10000000149011612 0.4690000116825104 -0.25200000405311584
C -0.05299999937415123 0.004000000189989805 1.1729999780654907
O 0.7509999871253967 -0.7599999904632568 1.6490000486373901
C -0.6420000791549683 -0.48899996280670166 -1.1840001344680786
O 0.2790367007255554 -1.4371052980422974 -1.7252064943313599
O -1.0839999914169312 0.4399999976158142 1.9129999876022339
H 1.8669999837875366 -0.4490000009536743 -0.49900001287460327
H 1.5740000009536743 0.7070000171661377 -1.593000054359436
H -0.3160000145435333 1.4709999561309814 -0.3540000021457672
H -1.4161808490753174 -1.0134364366531372 -0.6235426068305969
H -1.1007944345474243 0.0756392553448677 -1.9951469898223877
H -0.22865329682826996 -2.020162582397461 -2.3060059547424316
H -1.1829999685287476 0.1420000046491623 2.828000068664551
