N 1.524999976158142 0.49300000071525574 -0.6079999804496765
C 0.10000000149011612 0.4690000116825104 -0.25200000405311584
C -0.05299999937415123 0.004000000189989805 1.1729999780654907
O 0.7509999871253967 -0.7599999904632568 1.6490000486373901
C -0.6420000791549683 -0.48899996280670166 -1.1840001344680786
O 0.03198206424713135 -1.74806547164917 -1.2088820934295654
O -1.0839999914169312 0.4399999976158142 1.9129999876022339
H 1.8669999837875366 -0.4490000009536743 -0.49900001287460327
H 1.5740000009536743 0.7070000171661377 -1.593000054359436
H -0.3160000145435333 1.4709999561309814 -0.3540000021457672
H -1.6611629724502563 -0.6293593645095825 -0.8232948780059814
H -0.6674817204475403 -0.07062802463769913 -2.1897757053375244
H -0.4671674966812134 -2.3207626342773438 -1.8071300983428955
H -1.1829999685287476 0.1420000046491623 2.828000068664551
