N 1.524999976158142 0.49300000071525574 -0.6079999804496765
C 0.10000000149011612 0.4690000116825104 -0.25200000405311584
C -0.05299999937415123 0.004000000189989805 1.1729999780654907
O 0.7509999871253967 -0.7599999904632568 1.6490000486373901
C -0.6420000195503235 -0.48899999260902405 -1.1840001344680786
O -1.8685860633850098 -0.893546462059021 -0.5741264224052429
O -1.0839999914169312 0.4399999976158142 1.9129999876022339
H 1.8669999837875366 -0.4490000009536743 -0.49900001287460327
H 1.5740000009536743 0.7070000171661377 -1.593000054359436
H -0.3160000145435333 1.4709999561309814 -0.3540000021457672
H -0.8538912534713745 0.014264257624745369 -2.127572774887085
H -0.022974150255322456 -1.3658790588378906 -1.3715077638626099
H -2.303548812866211 -1.495668888092041 -1.1932296752929688
H -1.1829999685287476 0.1420000046491623 2.828000068664551
