N 1.524999976158142 0.49300000071525574 -0.6079999804496765
C 0.10000000149011612 0.4690000116825104 -0.25200000405311584
C -0.05299999937415123 0.004000000189989805 1.1729999780654907
O 0.7509999871253967 -0.7599999904632568 1.6490000486373901
C -0.6420000791549683 -0.48899996280670166 -1.1840001344680786
O -0.12814635038375854 -1.8111339807510376 -1.016569972038269
O -1.0839999914169312 0.4399999976158142 1.9129999876022339
H 1.8669999837875366 -0.4490000009536743 -0.49900001287460327
H 1.5740000009536743 0.7070000171661377 -1.593000054359436
H -0.3160000145435333 1.4709999561309814 -0.3540000021457672
H -1.705132007598877 -0.47899171710014343 -0.9428519010543823
H -0.5013196468353271 -0.17268335819244385 -2.217161178588867
H -0.6218250393867493 -2.381770610809326 -1.6212915182113647
H -1.1829999685287476 0.1420000046491623 2.828000068664551
