N 1.524999976158142 0.49300000071525574 -0.6079999804496765
C 0.10000000149011612 0.4690000116825104 -0.25200000405311584
C -0.05299999937415123 0.004000000189989805 1.1729999780654907
O 0.7509999871253967 -0.7599999904632568 1.6490000486373901
C -0.6420000791549683 -0.48899996280670166 -1.1840001344680786
O -0.11236104369163513 -1.8069289922714233 -1.0334595441818237
O -1.0839999914169312 0.4399999976158142 1.9129999876022339
H 1.8669999837875366 -0.4490000009536743 -0.49900001287460327
H 1.5740000009536743 0.7070000171661377 -1.593000054359436
H -0.3160000145435333 1.4709999561309814 -0.3540000021457672
H -1.7024660110473633 -0.4923824965953827 -0.9312101602554321
H -0.5160332322120667 -0.1625174582004547 -2.2158966064453125
H -0.6065781116485596 -2.3777012825012207 -1.6376131772994995
H -1.1829999685287476 0.1420000046491623 2.828000068664551
