N -0.03999999910593033 -1.2100000381469727 0.05299999937415123
C 1.1720000505447388 -1.7089999914169312 0.6520000100135803
C 1.0829999446868896 -3.2070000171661377 0.9049999713897705
O 0.03999999910593033 -3.7699999809265137 1.222000002861023
C 1.4839999675750732 -0.9750000834465027 1.9619998931884766
C 0.4251917004585266 0.03323354199528694 2.3394017219543457
N 0.5178302526473999 1.3120959997177124 1.9128687381744385
C -0.680464506149292 -0.11816877126693726 3.0767834186553955
C -0.5398818254470825 1.9794996976852417 2.385117292404175
N -1.2772493362426758 1.1191984415054321 3.0949554443359375
O 2.246999979019165 -3.881999969482422 0.7440000176429749
H -0.10199999809265137 -1.1549999713897705 -0.949999988079071
H -0.7149999737739563 -0.7409999966621399 0.6340000033378601
H 1.965000033378601 -1.5579999685287476 -0.08900000154972076
H 1.5815274715423584 -1.6921740770339966 2.7885854244232178
H 2.460988998413086 -0.4779917299747467 1.894781231880188
H 1.2516255378723145 1.7139713764190674 1.3359477519989014
H -1.16813325881958 -0.9112784266471863 3.6087169647216797
H -0.7586405873298645 3.022125482559204 2.2224085330963135
H -2.1441729068756104 1.3485325574874878 3.57175612449646
H 2.187999963760376 -4.8480000495910645 0.9010000228881836
