N -0.03999999910593033 -1.2100000381469727 0.05299999937415123
C 1.1720000505447388 -1.7089999914169312 0.6520000100135803
C 1.0829999446868896 -3.2070000171661377 0.9049999713897705
O 0.03999999910593033 -3.7699999809265137 1.222000002861023
C 1.4839999675750732 -0.9750000238418579 1.9619998931884766
C 2.2429325580596924 0.3130200505256653 1.7497085332870483
N 3.594183921813965 0.31497785449028015 1.7388708591461182
C 1.7876901626586914 1.5550254583358765 1.5514488220214844
C 4.000772476196289 1.5716315507888794 1.5322102308273315
N 2.9099009037017822 2.335951089859009 1.4159576892852783
O 2.246999979019165 -3.881999969482422 0.7440000176429749
H -0.10199999809265137 -1.1549999713897705 -0.949999988079071
H -0.7149999737739563 -0.7409999966621399 0.6340000033378601
H 1.965000033378601 -1.5579999685287476 -0.08900000154972076
H 0.5549764037132263 -0.7384960651397705 2.4987261295318604
H 2.0489556789398193 -1.6301636695861816 2.6384825706481934
H 4.209104061126709 -0.48450082540512085 1.863387107849121
H 0.8344329595565796 2.040498733520508 1.477873682975769
H 5.02292013168335 1.9074039459228516 1.4700109958648682
H 2.914243221282959 3.338266611099243 1.2521454095840454
H 2.187999963760376 -4.8480000495910645 0.9010000228881836
