N -0.03999999910593033 -1.2100000381469727 0.05299999937415123
C 1.1720000505447388 -1.7089999914169312 0.6520000100135803
C 1.0829999446868896 -3.2070000171661377 0.9049999713897705
O 0.03999999910593033 -3.7699999809265137 1.222000002861023
C 1.4839999675750732 -0.9750000238418579 1.9619998931884766
C 2.9400081634521484 -0.5971877574920654 2.093681812286377
N 3.815809965133667 -1.447339415550232 2.673522472381592
C 3.576765298843384 0.5142544507980347 1.7084981203079224
C 5.02099084854126 -0.8690161108970642 2.6567347049713135
N 4.888437747955322 0.3256344497203827 2.071125030517578
O 2.246999979019165 -3.881999969482422 0.7440000176429749
H -0.10199999809265137 -1.1549999713897705 -0.949999988079071
H -0.7149999737739563 -0.7409999966621399 0.6340000033378601
H 1.965000033378601 -1.5579999685287476 -0.08900000154972076
H 0.8855668902397156 -0.0567430704832077 2.0380003452301025
H 1.1816309690475464 -1.5881061553955078 2.821486473083496
H 3.6143875122070312 -2.365783214569092 3.059122085571289
H 3.3246407508850098 1.4365791082382202 1.2231656312942505
H 5.934060573577881 -1.2900711297988892 3.044569253921509
H 5.643121242523193 0.9880645275115967 1.9190449714660645
H 2.187999963760376 -4.8480000495910645 0.9010000228881836
