N -0.03999999910593033 -1.2100000381469727 0.05299999937415123
C 1.1720000505447388 -1.7089999914169312 0.6520000100135803
C 1.0829999446868896 -3.2070000171661377 0.9049999713897705
O 0.03999999910593033 -3.7699999809265137 1.222000002861023
C 1.4839999675750732 -0.9750000834465027 1.9619998931884766
C 1.0286791324615479 -1.7335875034332275 3.1856298446655273
N -0.21197983622550964 -1.5410881042480469 3.685340404510498
C 1.6789536476135254 -2.6376571655273438 3.9265286922454834
C -0.3502734303474426 -2.3308606147766113 4.7550764083862305
N 0.7943063378334045 -3.0039663314819336 4.911808490753174
O 2.246999979019165 -3.881999969482422 0.7440000176429749
H -0.10199999809265137 -1.1549999713897705 -0.949999988079071
H -0.7149999737739563 -0.7409999966621399 0.6340000033378601
H 1.965000033378601 -1.5579999685287476 -0.08900000154972076
H 2.5644540786743164 -0.797935426235199 2.0534372329711914
H 1.0277615785598755 0.023919053375720978 1.9549068212509155
H -0.9263777136802673 -0.9134631752967834 3.326843738555908
H 2.6445178985595703 -3.103999376296997 3.9292590618133545
H -1.2261736392974854 -2.410743236541748 5.3778252601623535
H 0.9773844480514526 -3.681004285812378 5.6463775634765625
H 2.187999963760376 -4.8480000495910645 0.9010000228881836
