N -0.03999999910593033 -1.2100000381469727 0.05299999937415123
C 1.1720000505447388 -1.7089999914169312 0.6520000100135803
C 1.0829999446868896 -3.2070000171661377 0.9049999713897705
O 0.03999999910593033 -3.7699999809265137 1.222000002861023
C 1.4839999675750732 -0.9750000834465027 1.9619998931884766
C 1.3675483465194702 -1.8632105588912964 3.1775505542755127
N 0.19035328924655914 -1.9735069274902344 3.8318042755126953
C 2.2896056175231934 -2.6263065338134766 3.774731159210205
C 0.3673906922340393 -2.8149869441986084 4.855410575866699
N 1.6414964199066162 -3.2196500301361084 4.830883979797363
O 2.246999979019165 -3.881999969482422 0.7440000176429749
H -0.10199999809265137 -1.1549999713897705 -0.949999988079071
H -0.7149999737739563 -0.7409999966621399 0.6340000033378601
H 1.965000033378601 -1.5579999685287476 -0.08900000154972076
H 2.5024733543395996 -0.5636869072914124 1.9369484186172485
H 0.8242260217666626 -0.10442189127206802 2.0752925872802734
H -0.6839050054550171 -1.5087896585464478 3.602659225463867
H 3.3255324363708496 -2.8638429641723633 3.632502555847168
H -0.3816794157028198 -3.113426923751831 5.570411205291748
H 2.061359405517578 -3.8662664890289307 5.492012977600098
H 2.187999963760376 -4.8480000495910645 0.9010000228881836
