N -0.03999999910593033 -1.2100000381469727 0.05299999937415123
C 1.1720000505447388 -1.7089999914169312 0.6520000100135803
C 1.0829999446868896 -3.2070000171661377 0.9049999713897705
O 0.03999999910593033 -3.7699999809265137 1.222000002861023
C 1.4839999675750732 -0.9750000834465027 1.9619998931884766
C 0.7848124504089355 0.358879417181015 2.0712907314300537
N 1.380969762802124 1.4813988208770752 1.6124354600906372
C -0.41599148511886597 0.6597782373428345 2.577906608581543
C 0.5499813556671143 2.505600690841675 1.830769658088684
N -0.5479059815406799 2.01789927482605 2.4177021980285645
O 2.246999979019165 -3.881999969482422 0.7440000176429749
H -0.10199999809265137 -1.1549999713897705 -0.949999988079071
H -0.7149999737739563 -0.7409999966621399 0.6340000033378601
H 1.965000033378601 -1.5579999685287476 -0.08900000154972076
H 1.1860408782958984 -1.5874511003494263 2.824100971221924
H 2.5678982734680176 -0.8344811797142029 2.069061756134033
H 2.2959933280944824 1.554819107055664 1.1763867139816284
H -1.2294533252716064 0.133825421333313 3.0377442836761475
H 0.7321105003356934 3.5374224185943604 1.5786359310150146
H -1.3530263900756836 2.5691919326782227 2.699388265609741
H 2.187999963760376 -4.8480000495910645 0.9010000228881836
