N -0.03999999910593033 -1.2100000381469727 0.05299999937415123
C 1.1720000505447388 -1.7089999914169312 0.6520000100135803
C 1.0829999446868896 -3.2070000171661377 0.9049999713897705
O 0.03999999910593033 -3.7699999809265137 1.222000002861023
C 1.4839999675750732 -0.9750000834465027 1.9619998931884766
C 2.0917115211486816 0.3897862136363983 1.7427120208740234
N 3.4324591159820557 0.5336071848869324 1.6548893451690674
C 1.4995169639587402 1.5812467336654663 1.6053904294967651
C 3.6939220428466797 1.8301520347595215 1.4604415893554688
N 2.5249075889587402 2.478261709213257 1.4279134273529053
O 2.246999979019165 -3.881999969482422 0.7440000176429749
H -0.10199999809265137 -1.1549999713897705 -0.949999988079071
H -0.7149999737739563 -0.7409999966621399 0.6340000033378601
H 1.965000033378601 -1.5579999685287476 -0.08900000154972076
H 0.5691670775413513 -0.848906934261322 2.5572102069854736
H 2.1529743671417236 -1.5818899869918823 2.586660623550415
H 4.133050441741943 -0.19952866435050964 1.7218291759490967
H 0.49850159883499146 1.9656093120574951 1.5998426675796509
H 4.670349597930908 2.272489309310913 1.3494226932525635
H 2.415843963623047 3.478834390640259 1.2920870780944824
H 2.187999963760376 -4.8480000495910645 0.9010000228881836
