N -0.03999999910593033 -1.2100000381469727 0.05299999937415123
C 1.1720000505447388 -1.7089999914169312 0.6520000100135803
C 1.0829999446868896 -3.2070000171661377 0.9049999713897705
O 0.03999999910593033 -3.7699999809265137 1.222000002861023
C 1.4839999675750732 -0.9750000238418579 1.9619998931884766
C 1.6514003276824951 -1.9097288846969604 3.1360106468200684
N 0.5858026146888733 -2.2515549659729004 3.8934125900268555
C 2.7497243881225586 -2.5141847133636475 3.602323293685913
C 1.012516736984253 -3.0811924934387207 4.850918769836426
N 2.3284010887145996 -3.2492432594299316 4.683866500854492
O 2.246999979019165 -3.881999969482422 0.7440000176429749
H -0.10199999809265137 -1.1549999713897705 -0.949999988079071
H -0.7149999737739563 -0.7409999966621399 0.6340000033378601
H 1.965000033378601 -1.5579999685287476 -0.08900000154972076
H 2.406381368637085 -0.3867453336715698 1.8606932163238525
H 0.6969983577728271 -0.24143998324871063 2.182366132736206
H -0.3753518760204315 -1.9441394805908203 3.7731006145477295
H 3.7909364700317383 -2.556802272796631 3.3496217727661133
H 0.40536248683929443 -3.533078193664551 5.618096351623535
H 2.9212191104888916 -3.8315672874450684 5.26777982711792
H 2.187999963760376 -4.8480000495910645 0.9010000228881836
