N -0.03999999910593033 -1.2100000381469727 0.05299999937415123
C 1.1720000505447388 -1.7089999914169312 0.6520000100135803
C 1.0829999446868896 -3.2070000171661377 0.9049999713897705
O 0.03999999910593033 -3.7699999809265137 1.222000002861023
C 1.4839999675750732 -0.9750000238418579 1.9619998931884766
C 2.113813638687134 0.37978363037109375 1.74305260181427
N 3.457242965698242 0.5033038258552551 1.6659657955169678
C 1.5406275987625122 1.5794272422790527 1.59661865234375
C 3.739633321762085 1.795100212097168 1.4691944122314453
N 2.5807313919067383 2.46042537689209 1.4246118068695068
O 2.246999979019165 -3.881999969482422 0.7440000176429749
H -0.10199999809265137 -1.1549999713897705 -0.949999988079071
H -0.7149999737739563 -0.7409999966621399 0.6340000033378601
H 1.965000033378601 -1.5579999685287476 -0.08900000154972076
H 0.5662264823913574 -0.8331476449966431 2.5490806102752686
H 2.138619899749756 -1.589524507522583 2.5943570137023926
H 4.146234512329102 -0.2399374097585678 1.7413303852081299
H 0.5455400347709656 1.978631854057312 1.5813429355621338
H 4.723443031311035 2.2224433422088623 1.3648185729980469
H 2.4877448081970215 3.4620141983032227 1.2843871116638184
H 2.187999963760376 -4.8480000495910645 0.9010000228881836
