N -0.03999999910593033 -1.2100000381469727 0.05299999937415123
C 1.1720000505447388 -1.7089999914169312 0.6520000100135803
C 1.0829999446868896 -3.2070000171661377 0.9049999713897705
O 0.03999999910593033 -3.7699999809265137 1.222000002861023
C 1.4839999675750732 -0.9750000238418579 1.9619998931884766
C 2.890850067138672 -1.218438744544983 2.4534800052642822
N 3.154751777648926 -2.2526540756225586 3.2821874618530273
C 4.018199443817139 -0.5457075834274292 2.197265148162842
C 4.463308334350586 -2.2356748580932617 3.5553030967712402
N 5.00006628036499 -1.2011741399765015 2.900017738342285
O 2.246999979019165 -3.881999969482422 0.7440000176429749
H -0.10199999809265137 -1.1549999713897705 -0.949999988079071
H -0.7149999737739563 -0.7409999966621399 0.6340000033378601
H 1.965000033378601 -1.5579999685287476 -0.08900000154972076
H 1.3501486778259277 0.10807424783706665 1.8350039720535278
H 0.7649646401405334 -1.2650947570800781 2.7397379875183105
H 2.4916794300079346 -2.9324984550476074 3.6440486907958984
H 4.309225559234619 0.30979296565055847 1.6200133562088013
H 4.990020751953125 -2.9305899143218994 4.188600540161133
H 5.982224941253662 -0.9434261322021484 2.920506000518799
H 2.187999963760376 -4.8480000495910645 0.9010000228881836
