N -0.03999999910593033 -1.2100000381469727 0.05299999937415123
C 1.1720000505447388 -1.7089999914169312 0.6520000100135803
C 1.0829999446868896 -3.2070000171661377 0.9049999713897705
O 0.03999999910593033 -3.7699999809265137 1.222000002861023
C 1.4839999675750732 -0.9750000834465027 1.9619998931884766
C 0.2955498993396759 -0.8942639231681824 2.8899600505828857
N -0.5561442971229553 0.1523989588022232 2.818439483642578
C -0.10497293621301651 -1.7381025552749634 3.847377300262451
C -1.5068525075912476 -0.028796499595046043 3.74067759513855
N -1.2433396577835083 -1.1768290996551514 4.373355388641357
O 2.246999979019165 -3.881999969482422 0.7440000176429749
H -0.10199999809265137 -1.1549999713897705 -0.949999988079071
H -0.7149999737739563 -0.7409999966621399 0.6340000033378601
H 1.965000033378601 -1.5579999685287476 -0.08900000154972076
H 2.300729990005493 -1.4783111810684204 2.4974660873413086
H 1.857712745666504 0.03578568994998932 1.7505900859832764
H -0.5013329982757568 0.9447603225708008 2.184439182281494
H 0.22517843544483185 -2.670088768005371 4.262345790863037
H -2.3358466625213623 0.6309771537780762 3.937821626663208
H -1.801157832145691 -1.5701714754104614 5.125426292419434
H 2.187999963760376 -4.8480000495910645 0.9010000228881836
