N -0.03999999910593033 -1.2100000381469727 0.05299999937415123
C 1.1720000505447388 -1.7089999914169312 0.6520000100135803
C 1.0829999446868896 -3.2070000171661377 0.9049999713897705
O 0.03999999910593033 -3.7699999809265137 1.222000002861023
C 1.4839999675750732 -0.9750000238418579 1.9619998931884766
C 1.7461718320846558 -1.9134505987167358 3.1155242919921875
N 0.7289541363716125 -2.328372001647949 3.9023597240448
C 2.8935675621032715 -2.4572229385375977 3.5361483097076416
C 1.2362780570983887 -3.143559694290161 4.832570552825928
N 2.553415060043335 -3.230375051498413 4.61970329284668
O 2.246999979019165 -3.881999969482422 0.7440000176429749
H -0.10199999809265137 -1.1549999713897705 -0.949999988079071
H -0.7149999737739563 -0.7409999966621399 0.6340000033378601
H 1.965000033378601 -1.5579999685287476 -0.08900000154972076
H 2.3658924102783203 -0.3313368260860443 1.839290738105774
H 0.6627528071403503 -0.29280349612236023 2.219301462173462
H -0.2522670328617096 -2.0774424076080322 3.8184762001037598
H 3.9263341426849365 -2.434140920639038 3.2486464977264404
H 0.6832953095436096 -3.6410396099090576 5.612392902374268
H 3.1991477012634277 -3.7838480472564697 5.174849033355713
H 2.187999963760376 -4.8480000495910645 0.9010000228881836
