N -0.03999999910593033 -1.2100000381469727 0.05299999937415123
C 1.1720000505447388 -1.7089999914169312 0.6520000100135803
C 1.0829999446868896 -3.2070000171661377 0.9049999713897705
O 0.03999999910593033 -3.7699999809265137 1.222000002861023
C 1.4839999675750732 -0.9750000834465027 1.9619998931884766
C 1.0072765350341797 0.45775118470191956 1.9629085063934326
N 1.8183265924453735 1.447018027305603 1.52753484249115
C -0.16744562983512878 0.9714163541793823 2.3440985679626465
C 1.1514891386032104 2.6007750034332275 1.6341832876205444
N -0.05914333462715149 2.32414174079895 2.1297054290771484
O 2.246999979019165 -3.881999969482422 0.7440000176429749
H -0.10199999809265137 -1.1549999713897705 -0.949999988079071
H -0.7149999737739563 -0.7409999966621399 0.6340000033378601
H 1.965000033378601 -1.5579999685287476 -0.08900000154972076
H 1.0144027471542358 -1.4908090829849243 2.810830593109131
H 2.562526226043701 -1.0062260627746582 2.1665709018707275
H 2.767758846282959 1.3517042398452759 1.1778336763381958
H -1.093764305114746 0.6053388714790344 2.7412359714508057
H 1.5226414203643799 3.5769431591033936 1.368213176727295
H -0.7840718626976013 3.010453224182129 2.316640615463257
H 2.187999963760376 -4.8480000495910645 0.9010000228881836
