N -0.03999999910593033 -1.2100000381469727 0.05299999937415123
C 1.1720000505447388 -1.7089999914169312 0.6520000100135803
C 1.0829999446868896 -3.2070000171661377 0.9049999713897705
O 0.03999999910593033 -3.7699999809265137 1.222000002861023
C 1.4839999675750732 -0.9750000834465027 1.9619998931884766
C 0.32490596175193787 -0.9777525663375854 2.9297475814819336
N -0.5893319249153137 0.016940351575613022 2.9022419452667236
C 0.007764317095279694 -1.8565986156463623 3.886920928955078
C -1.4958882331848145 -0.23295466601848602 3.852457284927368
N -1.143471121788025 -1.3714160919189453 4.4585981369018555
O 2.246999979019165 -3.881999969482422 0.7440000176429749
H -0.10199999809265137 -1.1549999713897705 -0.949999988079071
H -0.7149999737739563 -0.7409999966621399 0.6340000033378601
H 1.965000033378601 -1.5579999685287476 -0.08900000154972076
H 2.346794843673706 -1.4355748891830444 2.4625494480133057
H 1.7897074222564697 0.059032317250967026 1.7537615299224854
H -0.6031056642532349 0.8194580078125 2.27888560295105
H 0.40648290514945984 -2.7725603580474854 4.276580333709717
H -2.355436086654663 0.37338849902153015 4.086815357208252
H -1.6512179374694824 -1.8073116540908813 5.222586154937744
H 2.187999963760376 -4.8480000495910645 0.9010000228881836
