N -0.03999999910593033 -1.2100000381469727 0.05299999937415123
C 1.1720000505447388 -1.7089999914169312 0.6520000100135803
C 1.0829999446868896 -3.2070000171661377 0.9049999713897705
O 0.03999999910593033 -3.7699999809265137 1.222000002861023
C 1.4839999675750732 -0.9750000238418579 1.9619998931884766
C 2.441908359527588 0.17767277359962463 1.778154730796814
N 3.774646043777466 -0.0192636176943779 1.8831678628921509
C 2.1953022480010986 1.4637451171875 1.5055135488510132
C 4.380189895629883 1.1543831825256348 1.6756316423416138
N 3.4290552139282227 2.065108299255371 1.4440666437149048
O 2.246999979019165 -3.881999969482422 0.7440000176429749
H -0.10199999809265137 -1.1549999713897705 -0.949999988079071
H -0.7149999737739563 -0.7409999966621399 0.6340000033378601
H 1.965000033378601 -1.5579999685287476 -0.08900000154972076
H 0.5607467293739319 -0.5825526714324951 2.409976005554199
H 1.8881504535675049 -1.6773513555526733 2.7032206058502197
H 4.250829219818115 -0.8945028781890869 2.0831758975982666
H 1.3345723152160645 2.0804550647735596 1.3363687992095947
H 5.442755222320557 1.3335446119308472 1.6915562152862549
H 3.596662998199463 3.0482423305511475 1.2521170377731323
H 2.187999963760376 -4.8480000495910645 0.9010000228881836
