N -0.03999999910593033 -1.2100000381469727 0.05299999937415123
C 1.1720000505447388 -1.7089999914169312 0.6520000100135803
C 1.0829999446868896 -3.2070000171661377 0.9049999713897705
O 0.03999999910593033 -3.7699999809265137 1.222000002861023
C 1.4839999675750732 -0.9750000834465027 1.9619998931884766
C 1.3442329168319702 0.5239816308021545 1.845547080039978
N 2.40212082862854 1.2816647291183472 1.4811421632766724
C 0.27818217873573303 1.305332064628601 2.0508697032928467
C 2.0033750534057617 2.5574193000793457 1.4555838108062744
N 0.7117686867713928 2.5846641063690186 1.8001269102096558
O 2.246999979019165 -3.881999969482422 0.7440000176429749
H -0.10199999809265137 -1.1549999713897705 -0.949999988079071
H -0.7149999737739563 -0.7409999966621399 0.6340000033378601
H 1.965000033378601 -1.5579999685287476 -0.08900000154972076
H 0.8138841986656189 -1.3184870481491089 2.7620346546173096
H 2.496162176132202 -1.2266374826431274 2.3058743476867676
H 3.3403992652893066 0.9588297605514526 1.2615787982940674
H -0.7468632459640503 1.1770216226577759 2.3382983207702637
H 2.612814426422119 3.4094157218933105 1.2024354934692383
H 0.1424708217382431 3.423248052597046 1.8646769523620605
H 2.187999963760376 -4.8480000495910645 0.9010000228881836
