N -0.03999999910593033 -1.2100000381469727 0.05299999937415123
C 1.1720000505447388 -1.7089999914169312 0.6520000100135803
C 1.0829999446868896 -3.2070000171661377 0.9049999713897705
O 0.03999999910593033 -3.7699999809265137 1.222000002861023
C 1.4839999675750732 -0.9750000834465027 1.9619998931884766
C 0.8428256511688232 0.3898572325706482 2.040116786956787
N 1.499912977218628 1.479477882385254 1.5851832628250122
C -0.3554782271385193 0.7496347427368164 2.5131473541259766
C 0.7105209827423096 2.542081117630005 1.7720941305160522
N -0.4223518967628479 2.1104049682617188 2.335968017578125
O 2.246999979019165 -3.881999969482422 0.7440000176429749
H -0.10199999809265137 -1.1549999713897705 -0.949999988079071
H -0.7149999737739563 -0.7409999966621399 0.6340000033378601
H 1.965000033378601 -1.5579999685287476 -0.08900000154972076
H 1.1375843286514282 -1.5638625621795654 2.82242488861084
H 2.5701184272766113 -0.8817384243011475 2.0950114727020264
H 2.427844285964966 1.5071518421173096 1.1716922521591187
H -1.2028611898422241 0.2656465172767639 2.9575507640838623
H 0.9449290037155151 3.5618696212768555 1.514251470565796
H -1.2086851596832275 2.70015549659729 2.5916314125061035
H 2.187999963760376 -4.8480000495910645 0.9010000228881836
