N -0.03999999910593033 -1.2100000381469727 0.05299999937415123
C 1.1720000505447388 -1.7089999914169312 0.6520000100135803
C 1.0829999446868896 -3.2070000171661377 0.9049999713897705
O 0.03999999910593033 -3.7699999809265137 1.222000002861023
C 1.4839999675750732 -0.9750000238418579 1.9619998931884766
C 2.615422248840332 0.015874210745096207 1.8274859189987183
N 3.8907992839813232 -0.37009626626968384 2.052077293395996
C 2.5870003700256348 1.311771273612976 1.4973753690719604
C 4.680037021636963 0.6922643780708313 1.863145351409912
N 3.8978145122528076 1.722371220588684 1.5244605541229248
O 2.246999979019165 -3.881999969482422 0.7440000176429749
H -0.10199999809265137 -1.1549999713897705 -0.949999988079071
H -0.7149999737739563 -0.7409999966621399 0.6340000033378601
H 1.965000033378601 -1.5579999685287476 -0.08900000154972076
H 0.5969347953796387 -0.4329693615436554 2.317544937133789
H 1.7174091339111328 -1.6976842880249023 2.7552783489227295
H 4.2128424644470215 -1.2967005968093872 2.3175766468048096
H 1.844799518585205 2.0406241416931152 1.2371665239334106
H 5.752685070037842 0.7139589786529541 1.9648981094360352
H 4.225700855255127 2.661405563354492 1.3190470933914185
H 2.187999963760376 -4.8480000495910645 0.9010000228881836
