N -0.03999999910593033 -1.2100000381469727 0.05299999937415123
C 1.1720000505447388 -1.7089999914169312 0.6520000100135803
C 1.0829999446868896 -3.2070000171661377 0.9049999713897705
O 0.03999999910593033 -3.7699999809265137 1.222000002861023
C 1.4839999675750732 -0.9750000238418579 1.9619998931884766
C 2.5663418769836426 -1.6481932401657104 2.7715611457824707
N 2.2479162216186523 -2.5897395610809326 3.687037467956543
C 3.8920886516571045 -1.4724116325378418 2.746537685394287
C 3.3835487365722656 -3.01550555229187 4.249410629272461
N 4.391731262207031 -2.342961311340332 3.6846530437469482
O 2.246999979019165 -3.881999969482422 0.7440000176429749
H -0.10199999809265137 -1.1549999713897705 -0.949999988079071
H -0.7149999737739563 -0.7409999966621399 0.6340000033378601
H 1.965000033378601 -1.5579999685287476 -0.08900000154972076
H 1.8037573099136353 0.0557873398065567 1.7562655210494995
H 0.5737530589103699 -0.8787797093391418 2.568824052810669
H 1.3183631896972656 -2.9275543689727783 3.920724630355835
H 4.594593524932861 -0.8651245832443237 2.210360288619995
H 3.4703855514526367 -3.765552282333374 5.018362522125244
H 5.373714923858643 -2.460726261138916 3.9155848026275635
H 2.187999963760376 -4.8480000495910645 0.9010000228881836
