N -0.03999999910593033 -1.2100000381469727 0.05299999937415123
C 1.1720000505447388 -1.7089999914169312 0.6520000100135803
C 1.0829999446868896 -3.2070000171661377 0.9049999713897705
O 0.03999999910593033 -3.7699999809265137 1.222000002861023
C 1.4839999675750732 -0.9750000238418579 1.9619998931884766
C 2.7581794261932373 -1.4527924060821533 2.6163876056671143
N 2.728774070739746 -2.4700143337249756 3.505429744720459
C 4.015212059020996 -1.0215615034103394 2.464600086212158
C 3.9802985191345215 -2.6861743927001953 3.922757863998413
N 4.772849082946777 -1.8107619285583496 3.2956888675689697
O 2.246999979019165 -3.881999969482422 0.7440000176429749
H -0.10199999809265137 -1.1549999713897705 -0.949999988079071
H -0.7149999737739563 -0.7409999966621399 0.6340000033378601
H 1.965000033378601 -1.5579999685287476 -0.08900000154972076
H 1.5773504972457886 0.10491546243429184 1.7826616764068604
H 0.6459013819694519 -1.0792607069015503 2.663971185684204
H 1.9123239517211914 -2.9903252124786377 3.8144333362579346
H 4.525175094604492 -0.2706216275691986 1.8937904834747314
H 4.293454170227051 -3.431631326675415 4.6352362632751465
H 5.778930187225342 -1.7432177066802979 3.4170517921447754
H 2.187999963760376 -4.8480000495910645 0.9010000228881836
