N -0.03999999910593033 -1.2100000381469727 0.05299999937415123
C 1.1720000505447388 -1.7089999914169312 0.6520000100135803
C 1.0829999446868896 -3.2070000171661377 0.9049999713897705
O 0.03999999910593033 -3.7699999809265137 1.222000002861023
C 1.4839999675750732 -0.9750000238418579 1.9619998931884766
C 2.827251434326172 -1.3487821817398071 2.541659355163574
N 2.9335994720458984 -2.381263017654419 3.406919002532959
C 4.031673431396484 -0.8035826683044434 2.3385448455810547
C 4.219010353088379 -2.492042303085327 3.7571310997009277
N 4.897739887237549 -1.5372132062911987 3.112673044204712
O 2.246999979019165 -3.881999969482422 0.7440000176429749
H -0.10199999809265137 -1.1549999713897705 -0.949999988079071
H -0.7149999737739563 -0.7409999966621399 0.6340000033378601
H 1.965000033378601 -1.5579999685287476 -0.08900000154972076
H 1.4718759059906006 0.1121508851647377 1.8037282228469849
H 0.6953404545783997 -1.1674503087997437 2.7016096115112305
H 2.1833667755126953 -2.978585720062256 3.7433018684387207
H 4.443214416503906 0.0008484357385896146 1.7612048387527466
H 4.63300085067749 -3.2197792530059814 4.435665607452393
H 5.8987298011779785 -1.3819007873535156 3.1860713958740234
H 2.187999963760376 -4.8480000495910645 0.9010000228881836
