N -0.03999999910593033 -1.2100000381469727 0.05299999937415123
C 1.1720000505447388 -1.7089999914169312 0.6520000100135803
C 1.0829999446868896 -3.2070000171661377 0.9049999713897705
O 0.03999999910593033 -3.7699999809265137 1.222000002861023
C 1.4839999675750732 -0.9750000238418579 1.9619998931884766
C 2.7706139087677 -0.1867676079273224 1.9040656089782715
N 3.94014048576355 -0.762445330619812 2.2601611614227295
C 2.98530650138855 1.080061912536621 1.5323396921157837
C 4.90717077255249 0.1488969624042511 2.1135010719299316
N 4.338301181793213 1.27480947971344 1.670322060585022
O 2.246999979019165 -3.881999969482422 0.7440000176429749
H -0.10199999809265137 -1.1549999713897705 -0.949999988079071
H -0.7149999737739563 -0.7409999966621399 0.6340000033378601
H 1.965000033378601 -1.5579999685287476 -0.08900000154972076
H 0.6705349683761597 -0.2811889946460724 2.2149722576141357
H 1.524314522743225 -1.6883208751678467 2.796020984649658
H 4.08043909072876 -1.7155351638793945 2.5837862491607666
H 2.399200677871704 1.9061719179153442 1.1804603338241577
H 5.9555344581604 0.00209716334939003 2.315445899963379
H 4.833237648010254 2.138174295425415 1.4675205945968628
H 2.187999963760376 -4.8480000495910645 0.9010000228881836
