N -0.03999999910593033 -1.2100000381469727 0.05299999937415123
C 1.1720000505447388 -1.7089999914169312 0.6520000100135803
C 1.0829999446868896 -3.2070000171661377 0.9049999713897705
O 0.03999999910593033 -3.7699999809265137 1.222000002861023
C 1.4839999675750732 -0.9750000238418579 1.9619998931884766
C 2.631162643432617 -0.0015773909399285913 1.8335152864456177
N 3.898724317550659 -0.40568429231643677 2.0701301097869873
C 2.624830484390259 1.2933982610702515 1.4986599683761597
C 4.7052717208862305 0.644115686416626 1.8841131925582886
N 3.941354751586914 1.6845269203186035 1.535295009613037
O 2.246999979019165 -3.881999969482422 0.7440000176429749
H -0.10199999809265137 -1.1549999713897705 -0.949999988079071
H -0.7149999737739563 -0.7409999966621399 0.6340000033378601
H 1.965000033378601 -1.5579999685287476 -0.08900000154972076
H 0.6021921634674072 -0.41853824257850647 2.3082070350646973
H 1.699986457824707 -1.698209524154663 2.7597222328186035
H 4.20468282699585 -1.3360166549682617 2.3415489196777344
H 1.8957804441452026 2.032278299331665 1.2297006845474243
H 5.777239799499512 0.6502012610435486 1.9947737455368042
H 4.284915447235107 2.617825984954834 1.329361915588379
H 2.187999963760376 -4.8480000495910645 0.9010000228881836
