N -0.03999999910593033 -1.2100000381469727 0.05299999937415123
C 1.1720000505447388 -1.7089999914169312 0.6520000100135803
C 1.0829999446868896 -3.2070000171661377 0.9049999713897705
O 0.03999999910593033 -3.7699999809265137 1.222000002861023
C 1.4839999675750732 -0.9750000834465027 1.9619998931884766
C 0.3094525635242462 -0.18662767112255096 2.490156650543213
N 0.13169993460178375 1.101568341255188 2.1227924823760986
C -0.6703053712844849 -0.558783769607544 3.3212428092956543
C -0.9721744656562805 1.5518854856491089 2.7276699542999268
N -1.4698203802108765 0.5498795509338379 3.4598119258880615
O 2.246999979019165 -3.881999969482422 0.7440000176429749
H -0.10199999809265137 -1.1549999713897705 -0.949999988079071
H -0.7149999737739563 -0.7409999966621399 0.6340000033378601
H 1.965000033378601 -1.5579999685287476 -0.08900000154972076
H 1.790706753730774 -1.6901416778564453 2.7376270294189453
H 2.346374034881592 -0.3085424602031708 1.827135443687439
H 0.720014214515686 1.6477952003479004 1.4996392726898193
H -0.9536502361297607 -1.4439200162887573 3.8560760021209717
H -1.386098027229309 2.543060302734375 2.6402716636657715
H -2.3095688819885254 0.6036432385444641 4.028513431549072
H 2.187999963760376 -4.8480000495910645 0.9010000228881836
