N -0.03999999910593033 -1.2100000381469727 0.05299999937415123
C 1.1720000505447388 -1.7089999914169312 0.6520000100135803
C 1.0829999446868896 -3.2070000171661377 0.9049999713897705
O 0.03999999910593033 -3.7699999809265137 1.222000002861023
C 1.4839999675750732 -0.9750000238418579 1.9619998931884766
C 2.4418747425079346 -1.7336678504943848 2.8490970134735107
N 1.97482168674469 -2.6114022731781006 3.7642173767089844
C 3.778001070022583 -1.6966341733932495 2.8993427753448486
C 3.0256388187408447 -3.1364548206329346 4.402421474456787
N 4.129322052001953 -2.587712526321411 3.8842859268188477
O 2.246999979019165 -3.881999969482422 0.7440000176429749
H -0.10199999809265137 -1.1549999713897705 -0.949999988079071
H -0.7149999737739563 -0.7409999966621399 0.6340000033378601
H 1.965000033378601 -1.5579999685287476 -0.08900000154972076
H 1.9212530851364136 0.011083374731242657 1.7533296346664429
H 0.5557360649108887 -0.7683479189872742 2.511239528656006
H 1.003173828125 -2.8446831703186035 3.94935941696167
H 4.56972074508667 -1.1803808212280273 2.3929240703582764
H 2.989382028579712 -3.869760751724243 5.191310882568359
H 5.078774452209473 -2.7998785972595215 4.175858974456787
H 2.187999963760376 -4.8480000495910645 0.9010000228881836
