N -0.03999999910593033 -1.2100000381469727 0.05299999937415123
C 1.1720000505447388 -1.7089999914169312 0.6520000100135803
C 1.0829999446868896 -3.2070000171661377 0.9049999713897705
O 0.03999999910593033 -3.7699999809265137 1.222000002861023
C 1.4839999675750732 -0.9750000238418579 1.9620000123977661
C 2.9517621994018555 -0.9985724687576294 2.3157804012298584
N 3.4560437202453613 -2.0005993843078613 3.069201946258545
C 3.926603078842163 -0.14159786701202393 1.9926555156707764
C 4.764628887176514 -1.7768021821975708 3.2264294624328613
N 5.063249588012695 -0.6479998826980591 2.5750229358673096
O 2.246999979019165 -3.881999969482422 0.7440000176429749
H -0.10199999809265137 -1.1549999713897705 -0.949999988079071
H -0.7149999737739563 -0.7409999966621399 0.6340000033378601
H 1.965000033378601 -1.5579999685287476 -0.08900000154972076
H 1.1659221649169922 0.07465418428182602 1.8976062536239624
H 0.8978938460350037 -1.4038077592849731 2.7858002185821533
H 2.9484341144561768 -2.791395902633667 3.4562039375305176
H 4.020048141479492 0.7678081393241882 1.4322577714920044
H 5.45393180847168 -2.3949146270751953 3.7779700756073
H 5.988499641418457 -0.23271557688713074 2.520796537399292
H 2.187999963760376 -4.8480000495910645 0.9010000228881836
