N -0.03999999910593033 -1.2100000381469727 0.05299999937415123
C 1.1720000505447388 -1.7089999914169312 0.6520000100135803
C 1.0829999446868896 -3.2070000171661377 0.9049999713897705
O 0.03999999910593033 -3.7699999809265137 1.222000002861023
C 1.4839999675750732 -0.9750000238418579 1.9619998931884766
C 2.549428939819336 0.08346952497959137 1.805329442024231
N 3.8523263931274414 -0.22844693064689636 1.9818735122680664
C 2.4330074787139893 1.3795884847640991 1.4960532188415527
C 4.570287227630615 0.8816234469413757 1.7831852436065674
N 3.7173094749450684 1.8674724102020264 1.4861501455307007
O 2.246999979019165 -3.881999969482422 0.7440000176429749
H -0.10199999809265137 -1.1549999713897705 -0.949999988079071
H -0.7149999737739563 -0.7409999966621399 0.6340000033378601
H 1.965000033378601 -1.5579999685287476 -0.08900000154972076
H 0.5788593888282776 -0.4917426109313965 2.354780912399292
H 1.7865709066390991 -1.6928318738937378 2.7360875606536865
H 4.237582683563232 -1.137549877166748 2.2225112915039062
H 1.640488862991333 2.066107749938965 1.2715481519699097
H 5.64258337020874 0.9661000967025757 1.8498448133468628
H 3.9817581176757812 2.8270676136016846 1.284325122833252
H 2.187999963760376 -4.8480000495910645 0.9010000228881836
