N -0.03999999910593033 -1.2100000381469727 0.05299999937415123
C 1.1720000505447388 -1.7089999914169312 0.6520000100135803
C 1.0829999446868896 -3.2070000171661377 0.9049999713897705
O 0.03999999910593033 -3.7699999809265137 1.222000002861023
C 1.4839999675750732 -0.9750000238418579 1.9619998931884766
C 2.5829923152923584 -1.6347874402999878 2.7600841522216797
N 2.2863054275512695 -2.5841681957244873 3.6747725009918213
C 3.9057180881500244 -1.4391566514968872 2.724658727645874
C 3.4328248500823975 -2.9948999881744385 4.226129055023193
N 4.426112651824951 -2.3054208755493164 3.655430316925049
O 2.246999979019165 -3.881999969482422 0.7440000176429749
H -0.10199999809265137 -1.1549999713897705 -0.949999988079071
H -0.7149999737739563 -0.7409999966621399 0.6340000033378601
H 1.965000033378601 -1.5579999685287476 -0.08900000154972076
H 1.786636233329773 0.0611552856862545 1.7573355436325073
H 0.5775375962257385 -0.8944901823997498 2.576725482940674
H 1.3638770580291748 -2.936628818511963 3.9149692058563232
H 4.594583988189697 -0.8195881247520447 2.1848483085632324
H 3.537261724472046 -3.7462451457977295 4.991616725921631
H 5.411641597747803 -2.4093246459960938 3.877751350402832
H 2.187999963760376 -4.8480000495910645 0.9010000228881836
