N -0.03999999910593033 -1.2100000381469727 0.05299999937415123
C 1.1720000505447388 -1.7089999914169312 0.6520000100135803
C 1.0829999446868896 -3.2070000171661377 0.9049999713897705
O 0.03999999910593033 -3.7699999809265137 1.222000002861023
C 1.4839999675750732 -0.9750000834465027 1.9619998931884766
C 0.5612505078315735 -1.366519808769226 3.0912861824035645
N -0.5896701216697693 -0.6892890334129333 3.2980265617370605
C 0.680732011795044 -2.3420159816741943 3.9986236095428467
C -1.2067867517471313 -1.2404147386550903 4.348087787628174
N -0.4432733654975891 -2.2481517791748047 4.783073425292969
O 2.246999979019165 -3.881999969482422 0.7440000176429749
H -0.10199999809265137 -1.1549999713897705 -0.949999988079071
H -0.7149999737739563 -0.7409999966621399 0.6340000033378601
H 1.965000033378601 -1.5579999685287476 -0.08900000154972076
H 2.515939712524414 -1.1795281171798706 2.2788002490997314
H 1.4397588968276978 0.11141397804021835 1.8077583312988281
H -0.9409469962120056 0.09981556236743927 2.762568235397339
H 1.3864728212356567 -3.114074945449829 4.234530448913574
H -2.1494007110595703 -0.9289437532424927 4.7674479484558105
H -0.6638250946998596 -2.8494153022766113 5.571317195892334
H 2.187999963760376 -4.8480000495910645 0.9010000228881836
