N -0.03999999910593033 -1.2100000381469727 0.05299999937415123
C 1.1720000505447388 -1.7089999914169312 0.6520000100135803
C 1.0829999446868896 -3.2070000171661377 0.9049999713897705
O 0.03999999910593033 -3.7699999809265137 1.222000002861023
C 1.4839999675750732 -0.9750000834465027 1.9619998931884766
C 1.0072381496429443 -1.722297191619873 3.184410333633423
N -0.2345277965068817 -1.509539008140564 3.6730334758758545
C 1.6377586126327515 -2.633268117904663 3.9338808059692383
C -0.3934926390647888 -2.293294906616211 4.744321823120117
N 0.7395710945129395 -2.9828004837036133 4.912985324859619
O 2.246999979019165 -3.881999969482422 0.7440000176429749
H -0.10199999809265137 -1.1549999713897705 -0.949999988079071
H -0.7149999737739563 -0.7409999966621399 0.6340000033378601
H 1.965000033378601 -1.5579999685287476 -0.08900000154972076
H 2.5661773681640625 -0.8137161731719971 2.061868906021118
H 1.0427929162979126 0.03057050332427025 1.9475998878479004
H -0.9364712238311768 -0.8726440668106079 3.3063764572143555
H 2.596200704574585 -3.113924980163574 3.9463281631469727
H -1.2756420373916626 -2.3578741550445557 5.359984397888184
H 0.9064038395881653 -3.6598315238952637 5.651419639587402
H 2.187999963760376 -4.8480000495910645 0.9010000228881836
