N -0.03999999910593033 -1.2100000381469727 0.05299999937415123
C 1.1720000505447388 -1.7089999914169312 0.6520000100135803
C 1.0829999446868896 -3.2070000171661377 0.9049999713897705
O 0.03999999910593033 -3.7699999809265137 1.222000002861023
C 1.4839999675750732 -0.9750000238418579 1.9619998931884766
C 2.179161548614502 0.34782809019088745 1.7453936338424683
N 3.5282764434814453 0.4104781150817871 1.7010586261749268
C 1.6641486883163452 1.5701096057891846 1.572420597076416
C 3.8730967044830322 1.686118483543396 1.4984707832336426
N 2.7466540336608887 2.4018924236297607 1.4178906679153442
O 2.246999979019165 -3.881999969482422 0.7440000176429749
H -0.10199999809265137 -1.1549999713897705 -0.949999988079071
H -0.7149999737739563 -0.7409999966621399 0.6340000033378601
H 1.965000033378601 -1.5579999685287476 -0.08900000154972076
H 0.5592274069786072 -0.785813570022583 2.524225950241089
H 2.0945188999176025 -1.6109644174575806 2.616873264312744
H 4.181169033050537 -0.3618411123752594 1.8013134002685547
H 0.6886462569236755 2.0130717754364014 1.5279629230499268
H 4.877364158630371 2.067992687225342 1.4146990776062012
H 2.7021758556365967 3.404995918273926 1.2652641534805298
H 2.187999963760376 -4.8480000495910645 0.9010000228881836
