N -0.03999999910593033 -1.2100000381469727 0.05299999937415123
C 1.1720000505447388 -1.7089999914169312 0.6520000100135803
C 1.0829999446868896 -3.2070000171661377 0.9049999713897705
O 0.03999999910593033 -3.7699999809265137 1.222000002861023
C 1.4839999675750732 -0.9750000834465027 1.9619998931884766
C 0.5313529372215271 -1.330585241317749 3.078272581100464
N -0.6020987629890442 -0.6179133057594299 3.2609944343566895
C 0.606569230556488 -2.3025102615356445 3.9941515922546387
C -1.2527438402175903 -1.1427043676376343 4.304285526275635
N -0.5269953012466431 -2.1694860458374023 4.758936405181885
O 2.246999979019165 -3.881999969482422 0.7440000176429749
H -0.10199999809265137 -1.1549999713897705 -0.949999988079071
H -0.7149999737739563 -0.7409999966621399 0.6340000033378601
H 1.965000033378601 -1.5579999685287476 -0.08900000154972076
H 2.5039703845977783 -1.2078043222427368 2.2974941730499268
H 1.4747943878173828 0.11108645796775818 1.7995975017547607
H -0.9207141995429993 0.17733630537986755 2.7143139839172363
H 1.2849222421646118 -3.0934689044952393 4.247170925140381
H -2.1924641132354736 -0.8002550601959229 4.705599308013916
H -0.7784593105316162 -2.758113384246826 5.547462463378906
H 2.187999963760376 -4.8480000495910645 0.9010000228881836
