N -0.03999999910593033 -1.2100000381469727 0.05299999937415123
C 1.1720000505447388 -1.7089999914169312 0.6520000100135803
C 1.0829999446868896 -3.2070000171661377 0.9049999713897705
O 0.03999999910593033 -3.7699999809265137 1.222000002861023
C 1.4839999675750732 -0.9750000834465027 1.9619998931884766
C 1.698886513710022 0.5072849988937378 1.7704352140426636
N 2.9352145195007324 0.9904434680938721 1.5173492431640625
C 0.8187657594680786 1.5139156579971313 1.8052494525909424
C 2.8387715816497803 2.3178107738494873 1.3908731937408447
N 1.5548301935195923 2.6485307216644287 1.5635520219802856
O 2.246999979019165 -3.881999969482422 0.7440000176429749
H -0.10199999809265137 -1.1549999713897705 -0.949999988079071
H -0.7149999737739563 -0.7409999966621399 0.6340000033378601
H 1.965000033378601 -1.5579999685287476 -0.08900000154972076
H 0.6643376350402832 -1.1102770566940308 2.680990695953369
H 2.3660776615142822 -1.4175328016281128 2.4438159465789795
H 3.7963013648986816 0.4571577310562134 1.4340870380401611
H -0.23548993468284607 1.6313197612762451 1.9619600772857666
H 3.649339437484741 2.997863531112671 1.1861634254455566
H 1.1846823692321777 3.5933492183685303 1.5211470127105713
H 2.187999963760376 -4.8480000495910645 0.9010000228881836
