N -0.03999999910593033 -1.2100000381469727 0.05299999937415123
C 1.1720000505447388 -1.7089999914169312 0.6520000100135803
C 1.0829999446868896 -3.2070000171661377 0.9049999713897705
O 0.03999999910593033 -3.7699999809265137 1.222000002861023
C 1.4839999675750732 -0.9750000238418579 1.9619998931884766
C 2.4968602657318115 -1.6988664865493774 2.816502094268799
N 2.092679977416992 -2.6058449745178223 3.7330334186553955
C 3.8308510780334473 -1.602471947669983 2.833996057510376
C 3.181654930114746 -3.089665174484253 4.339046955108643
N 4.2463297843933105 -2.4867916107177734 3.7998719215393066
O 2.246999979019165 -3.881999969482422 0.7440000176429749
H -0.10199999809265137 -1.1549999713897705 -0.949999988079071
H -0.7149999737739563 -0.7409999966621399 0.6340000033378601
H 1.965000033378601 -1.5579999685287476 -0.08900000154972076
H 1.8714532852172852 0.031751032918691635 1.7536102533340454
H 0.5616329312324524 -0.8157260417938232 2.536381244659424
H 1.1373870372772217 -2.8843116760253906 3.939598321914673
H 4.585716247558594 -1.0461584329605103 2.313908815383911
H 3.198076009750366 -3.8317792415618896 5.120325088500977
H 5.211363792419434 -2.659104585647583 4.065403938293457
H 2.187999963760376 -4.8480000495910645 0.9010000228881836
