N -0.03999999910593033 -1.2100000381469727 0.05299999937415123
C 1.1720000505447388 -1.7089999914169312 0.6520000100135803
C 1.0829999446868896 -3.2070000171661377 0.9049999713897705
O 0.03999999910593033 -3.7699999809265137 1.222000002861023
C 1.4839999675750732 -0.9750000238418579 1.9619998931884766
C 2.5146520137786865 -1.6866483688354492 2.8054187297821045
N 2.1317172050476074 -2.602748394012451 3.722001075744629
C 3.8471593856811523 -1.5704206228256226 2.8121535778045654
C 3.232815980911255 -3.072376251220703 4.317174911499023
N 4.283839702606201 -2.451805830001831 3.7713356018066406
O 2.246999979019165 -3.881999969482422 0.7440000176429749
H -0.10199999809265137 -1.1549999713897705 -0.949999988079071
H -0.7149999737739563 -0.7409999966621399 0.6340000033378601
H 1.965000033378601 -1.5579999685287476 -0.08900000154972076
H 1.8546578884124756 0.03814120590686798 1.7540298700332642
H 0.5642083287239075 -0.8315116167068481 2.5446126461029053
H 1.1824415922164917 -2.8961575031280518 3.9355051517486572
H 4.5892720222473145 -1.0010943412780762 2.2878124713897705
H 3.2668325901031494 -3.8168833255767822 5.0956034660339355
H 5.253523826599121 -2.6106247901916504 4.028199195861816
H 2.187999963760376 -4.8480000495910645 0.9010000228881836
