N -0.03999999910593033 -1.2100000381469727 0.05299999937415123
C 1.1720000505447388 -1.7089999914169312 0.6520000100135803
C 1.0829999446868896 -3.2070000171661377 0.9049999713897705
O 0.03999999910593033 -3.7699999809265137 1.222000002861023
C 1.4839999675750732 -0.9750000834465027 1.9619998931884766
C 0.37034401297569275 -1.0801146030426025 2.9762797355651855
N -0.6154048442840576 -0.15629322826862335 3.0055153369903564
C 0.1600165069103241 -1.9955910444259644 3.928537607192993
C -1.4598804712295532 -0.48864811658859253 3.987147808074951
N -0.9987351298332214 -1.6072077751159668 4.556241989135742
O 2.246999979019165 -3.881999969482422 0.7440000176429749
H -0.10199999809265137 -1.1549999713897705 -0.949999988079071
H -0.7149999737739563 -0.7409999966621399 0.6340000033378601
H 1.965000033378601 -1.5579999685287476 -0.08900000154972076
H 2.3989734649658203 -1.3777703046798706 2.417733907699585
H 1.703174114227295 0.08223830163478851 1.7613685131072998
H -0.7149869203567505 0.6529221534729004 2.3988430500030518
H 0.6416401267051697 -2.885338306427002 4.283763408660889
H -2.3512766361236572 0.04781883582472801 4.268243312835693
H -1.4399691820144653 -2.0921688079833984 5.331880569458008
H 2.187999963760376 -4.8480000495910645 0.9010000228881836
