N -0.03999999910593033 -1.2100000381469727 0.05299999937415123
C 1.1720000505447388 -1.7089999914169312 0.6520000100135803
C 1.0829999446868896 -3.2070000171661377 0.9049999713897705
O 0.03999999910593033 -3.7699999809265137 1.222000002861023
C 1.4839999675750732 -0.9750000834465027 1.9619998931884766
C 0.8232131600379944 -1.6070176362991333 3.163647413253784
N -0.4107503592967987 -1.213835597038269 3.5493197441101074
C 1.268970251083374 -2.5652124881744385 3.9835822582244873
C -0.7514153122901917 -1.9296181201934814 4.625797271728516
N 0.2630520462989807 -2.7564029693603516 4.899625301361084
O 2.246999979019165 -3.881999969482422 0.7440000176429749
H -0.10199999809265137 -1.1549999713897705 -0.949999988079071
H -0.7149999737739563 -0.7409999966621399 0.6340000033378601
H 1.965000033378601 -1.5579999685287476 -0.08900000154972076
H 2.5678858757019043 -0.954867959022522 2.140550136566162
H 1.1846154928207397 0.07891972362995148 1.8867319822311401
H -0.9918787479400635 -0.5035482048988342 3.1127665042877197
H 2.1503944396972656 -3.167764902114868 4.082671642303467
H -1.6766356229782104 -1.854079246520996 5.173209190368652
H 0.28293561935424805 -3.4218838214874268 5.666586399078369
H 2.187999963760376 -4.8480000495910645 0.9010000228881836
