N -0.03999999910593033 -1.2100000381469727 0.05299999937415123
C 1.1720000505447388 -1.7089999914169312 0.6520000100135803
C 1.0829999446868896 -3.2070000171661377 0.9049999713897705
O 0.03999999910593033 -3.7699999809265137 1.222000002861023
C 1.4839999675750732 -0.9750000238418579 1.9619998931884766
C 2.930121660232544 -1.10040283203125 2.37799072265625
N 3.326669216156006 -2.1223137378692627 3.1682119369506836
C 3.9787850379943848 -0.32438403367996216 2.082643508911133
C 4.640770435333252 -1.9930723905563354 3.377105951309204
N 5.049492835998535 -0.9022645354270935 2.7207653522491455
O 2.246999979019165 -3.881999969482422 0.7440000176429749
H -0.10199999809265137 -1.1549999713897705 -0.949999988079071
H -0.7149999737739563 -0.7409999966621399 0.6340000033378601
H 1.965000033378601 -1.5579999685287476 -0.08900000154972076
H 1.2482552528381348 0.09389408677816391 1.867216944694519
H 0.8341336250305176 -1.3432471752166748 2.7670533657073975
H 2.745861768722534 -2.8657262325286865 3.546097755432129
H 4.162930965423584 0.564624547958374 1.5120725631713867
H 5.258674144744873 -2.6497936248779297 3.9672842025756836
H 6.004662990570068 -0.5577809810638428 2.699082851409912
H 2.187999963760376 -4.8480000495910645 0.9010000228881836
