N -0.03999999910593033 -1.2100000381469727 0.05299999937415123
C 1.1720000505447388 -1.7089999914169312 0.6520000100135803
C 1.0829999446868896 -3.2070000171661377 0.9049999713897705
O 0.03999999910593033 -3.7699999809265137 1.222000002861023
C 1.4839999675750732 -0.9750000238418579 1.9619998931884766
C 2.4230282306671143 -1.7446388006210327 2.8597328662872314
N 1.9353268146514893 -2.612008810043335 3.773963689804077
C 3.759093761444092 -1.727325677871704 2.9210426807403564
C 2.97284197807312 -3.1503429412841797 4.4227776527404785
N 4.088866233825684 -2.6199731826782227 3.911996841430664
O 2.246999979019165 -3.881999969482422 0.7440000176429749
H -0.10199999809265137 -1.1549999713897705 -0.949999988079071
H -0.7149999737739563 -0.7409999966621399 0.6340000033378601
H 1.965000033378601 -1.5579999685287476 -0.08900000154972076
H 1.9376407861709595 0.0037021043244749308 1.7535624504089355
H 0.5543822050094604 -0.7525641322135925 2.502718210220337
H 0.9587982296943665 -2.8301234245300293 3.951770544052124
H 4.562617301940918 -1.2247530221939087 2.419477701187134
H 2.9190800189971924 -3.8801729679107666 5.213888645172119
H 5.032586574554443 -2.845200300216675 4.212253570556641
H 2.187999963760376 -4.8480000495910645 0.9010000228881836
