N -0.03999999910593033 -1.2100000381469727 0.05299999937415123
C 1.1720000505447388 -1.7089999914169312 0.6520000100135803
C 1.0829999446868896 -3.2070000171661377 0.9049999713897705
O 0.03999999910593033 -3.7699999809265137 1.222000002861023
C 1.4839999675750732 -0.9750000834465027 1.9619998931884766
C 0.5461674928665161 0.17778056859970093 2.2295987606048584
N 0.8411461114883423 1.416516661643982 1.777357816696167
C -0.6204794645309448 0.2014034241437912 2.8834388256073
C -0.1484508514404297 2.235053062438965 2.148703098297119
N -1.0447242259979248 1.5067217350006104 2.822443962097168
O 2.246999979019165 -3.881999969482422 0.7440000176429749
H -0.10199999809265137 -1.1549999713897705 -0.949999988079071
H -0.7149999737739563 -0.7409999966621399 0.6340000033378601
H 1.965000033378601 -1.5579999685287476 -0.08900000154972076
H 1.4235732555389404 -1.667816400527954 2.8125574588775635
H 2.5213522911071777 -0.6145594120025635 1.9569242000579834
H 1.6624189615249634 1.6961451768875122 1.2480980157852173
H -1.2480038404464722 -0.49999600648880005 3.3972959518432617
H -0.21223044395446777 3.2907536029815674 1.941757321357727
H -1.9051748514175415 1.8662501573562622 3.2247543334960938
H 2.187999963760376 -4.8480000495910645 0.9010000228881836
