N -0.03999999910593033 -1.2100000381469727 0.05299999937415123
C 1.1720000505447388 -1.7089999914169312 0.6520000100135803
C 1.0829999446868896 -3.2070000171661377 0.9049999713897705
O 0.03999999910593033 -3.7699999809265137 1.222000002861023
C 1.4839999675750732 -0.9750000834465027 1.9619998931884766
C 1.3209127187728882 -1.8503962755203247 3.1814777851104736
N 0.13025237619876862 -1.9208112955093384 3.8165926933288574
C 2.2097275257110596 -2.636176824569702 3.799285888671875
C 0.26506415009498596 -2.75964093208313 4.848771095275879
N 1.526746153831482 -3.2021987438201904 4.848435878753662
O 2.246999979019165 -3.881999969482422 0.7440000176429749
H -0.10199999809265137 -1.1549999713897705 -0.949999988079071
H -0.7149999737739563 -0.7409999966621399 0.6340000033378601
H 1.965000033378601 -1.5579999685287476 -0.08900000154972076
H 2.5145797729492188 -0.5943638682365417 1.9512535333633423
H 0.8487340807914734 -0.08436986804008484 2.058220148086548
H -0.7258118391036987 -1.431986927986145 3.5696070194244385
H 3.2403151988983154 -2.905465841293335 3.6761200428009033
H -0.5043490529060364 -3.0304014682769775 5.553107738494873
H 1.9160778522491455 -3.8561441898345947 5.520942687988281
H 2.187999963760376 -4.8480000495910645 0.9010000228881836
