N -0.03999999910593033 -1.2100000381469727 0.05299999937415123
C 1.1720000505447388 -1.7089999914169312 0.6520000100135803
C 1.0829999446868896 -3.2070000171661377 0.9049999713897705
O 0.03999999910593033 -3.7699999809265137 1.222000002861023
C 1.4839999675750732 -0.9750000834465027 1.9619998931884766
C 0.462401807308197 -1.23744797706604 3.0425093173980713
N -0.6210977435112 -0.43938401341438293 3.1654884815216064
C 0.42703258991241455 -2.194429874420166 3.976353406906128
C -1.3514586687088013 -0.8943191170692444 4.188624858856201
N -0.7238393425941467 -1.9630792140960693 4.690167427062988
O 2.246999979019165 -3.881999969482422 0.7440000176429749
H -0.10199999809265137 -1.1549999713897705 -0.949999988079071
H -0.7149999737739563 -0.7409999966621399 0.6340000033378601
H 1.965000033378601 -1.5579999685287476 -0.08900000154972076
H 2.4690604209899902 -1.276203989982605 2.3441333770751953
H 1.5627496242523193 0.10545002669095993 1.781807541847229
H -0.8566133379936218 0.3665904402732849 2.5930073261260986
H 1.0333493947982788 -3.0284361839294434 4.270649433135986
H -2.278604745864868 -0.4755264222621918 4.544167995452881
H -1.0507930517196655 -2.5161454677581787 5.476747512817383
H 2.187999963760376 -4.8480000495910645 0.9010000228881836
