N -0.03999999910593033 -1.2100000381469727 0.05299999937415123
C 1.1720000505447388 -1.7089999914169312 0.6520000100135803
C 1.0829999446868896 -3.2070000171661377 0.9049999713897705
O 0.03999999910593033 -3.7699999809265137 1.222000002861023
C 1.4839999675750732 -0.9750000238418579 1.9619998931884766
C 2.8746156692504883 -0.38733577728271484 1.9916751384735107
N 3.912219524383545 -1.1132164001464844 2.4633498191833496
C 3.3058648109436035 0.8176899552345276 1.603001356124878
C 5.013487339019775 -0.3606409728527069 2.3736767768859863
N 4.657225608825684 0.8172106742858887 1.8507596254348755
O 2.246999979019165 -3.881999969482422 0.7440000176429749
H -0.10199999809265137 -1.1549999713897705 -0.949999988079071
H -0.7149999737739563 -0.7409999966621399 0.6340000033378601
H 1.965000033378601 -1.5579999685287476 -0.08900000154972076
H 0.7659597396850586 -0.15935666859149933 2.1239819526672363
H 1.3497613668441772 -1.6512442827224731 2.816819906234741
H 3.8816606998443604 -2.062302827835083 2.8254246711730957
H 2.8803608417510986 1.7055737972259521 1.1782596111297607
H 6.008342742919922 -0.6512777805328369 2.6689581871032715
H 5.290605545043945 1.5893619060516357 1.666092872619629
H 2.187999963760376 -4.8480000495910645 0.9010000228881836
