N -0.03999999910593033 -1.2100000381469727 0.05299999937415123
C 1.1720000505447388 -1.7089999914169312 0.6520000100135803
C 1.0829999446868896 -3.2070000171661377 0.9049999713897705
O 0.03999999910593033 -3.7699999809265137 1.222000002861023
C 1.4839999675750732 -0.9750000834465027 1.9619998931884766
C 1.2516233921051025 -1.8285359144210815 3.185731887817383
N 0.04361357539892197 -1.8386919498443604 3.791215419769287
C 2.088711977005005 -2.646176338195801 3.8337106704711914
C 0.11503095924854279 -2.6710760593414307 4.834880828857422
N 1.355221152305603 -3.169402599334717 4.870911598205566
O 2.246999979019165 -3.881999969482422 0.7440000176429749
H -0.10199999809265137 -1.1549999713897705 -0.949999988079071
H -0.7149999737739563 -0.7409999966621399 0.6340000033378601
H 1.965000033378601 -1.5579999685287476 -0.08900000154972076
H 2.5305585861206055 -0.64081871509552 1.973476767539978
H 0.8871139883995056 -0.05591916665434837 2.0331382751464844
H -0.7832815051078796 -1.3149977922439575 3.517744779586792
H 3.1089272499084473 -2.962493658065796 3.739365339279175
H -0.682985246181488 -2.899364948272705 5.522232532501221
H 1.6980366706848145 -3.832472324371338 5.559609889984131
H 2.187999963760376 -4.8480000495910645 0.9010000228881836
