N -0.03999999910593033 -1.2100000381469727 0.05299999937415123
C 1.1720000505447388 -1.7089999914169312 0.6520000100135803
C 1.0829999446868896 -3.2070000171661377 0.9049999713897705
O 0.03999999910593033 -3.7699999809265137 1.222000002861023
C 1.4839999675750732 -0.9750000238418579 1.9619998931884766
C 2.2218616008758545 0.3249339461326599 1.7480515241622925
N 3.5727956295013428 0.3470924198627472 1.7259708642959595
C 1.7465283870697021 1.5606919527053833 1.5580772161483765
C 3.958878755569458 1.6103864908218384 1.5204732418060303
N 2.8558104038238525 2.358743906021118 1.4160693883895874
O 2.246999979019165 -3.881999969482422 0.7440000176429749
H -0.10199999809265137 -1.1549999713897705 -0.949999988079071
H -0.7149999737739563 -0.7409999966621399 0.6340000033378601
H 1.965000033378601 -1.5579999685287476 -0.08900000154972076
H 0.5560871958732605 -0.7542586922645569 2.507293462753296
H 2.064298391342163 -1.624016284942627 2.6313838958740234
H 4.200575351715088 -0.4435509741306305 1.8424739837646484
H 0.7855640649795532 2.0321407318115234 1.4941956996917725
H 4.975356101989746 1.9615886211395264 1.4509793519973755
H 2.8438527584075928 3.3615779876708984 1.2558486461639404
H 2.187999963760376 -4.8480000495910645 0.9010000228881836
