N -0.03999999910593033 -1.2100000381469727 0.05299999937415123
C 1.1720000505447388 -1.7089999914169312 0.6520000100135803
C 1.0829999446868896 -3.2070000171661377 0.9049999713897705
O 0.03999999910593033 -3.7699999809265137 1.222000002861023
C 1.4839999675750732 -0.9750000834465027 1.9619998931884766
C 0.6756429672241211 -1.4855492115020752 3.130734443664551
N -0.5247327089309692 -0.9373457431793213 3.4215481281280518
C 0.949202299118042 -2.4626457691192627 4.002272129058838
C -1.0178658962249756 -1.5728243589401245 4.489343643188477
N -0.12970541417598724 -2.504197359085083 4.851855278015137
O 2.246999979019165 -3.881999969482422 0.7440000176429749
H -0.10199999809265137 -1.1549999713897705 -0.949999988079071
H -0.7149999737739563 -0.7409999966621399 0.6340000033378601
H 1.965000033378601 -1.5579999685287476 -0.08900000154972076
H 2.548595666885376 -1.0770732164382935 2.2136166095733643
H 1.318577527999878 0.1038874164223671 1.840837001800537
H -0.986992597579956 -0.17795325815677643 2.9291701316833496
H 1.743772029876709 -3.161421537399292 4.175961971282959
H -1.9609386920928955 -1.3710674047470093 4.970286846160889
H -0.23953408002853394 -3.1422643661499023 5.634349822998047
H 2.187999963760376 -4.8480000495910645 0.9010000228881836
