N -0.03999999910593033 -1.2100000381469727 0.05299999937415123
C 1.1720000505447388 -1.7089999914169312 0.6520000100135803
C 1.0829999446868896 -3.2070000171661377 0.9049999713897705
O 0.03999999910593033 -3.7699999809265137 1.222000002861023
C 1.4839999675750732 -0.9750000238418579 1.9619998931884766
C 2.3650150299072266 -1.7756166458129883 2.890906810760498
N 1.8163834810256958 -2.6100878715515137 3.801215887069702
C 3.698580503463745 -1.8171823024749756 2.985801935195923
C 2.812302350997925 -3.1868233680725098 4.4814534187316895
N 3.9633121490478516 -2.7124788761138916 3.9937312602996826
O 2.246999979019165 -3.881999969482422 0.7440000176429749
H -0.10199999809265137 -1.1549999713897705 -0.949999988079071
H -0.7149999737739563 -0.7409999966621399 0.6340000033378601
H 1.965000033378601 -1.5579999685287476 -0.08900000154972076
H 1.9860972166061401 -0.019886387512087822 1.75523841381073
H 0.5521619915962219 -0.705306887626648 2.4767684936523438
H 0.8269472122192383 -2.782456159591675 3.956465005874634
H 4.536025524139404 -1.3565740585327148 2.499671220779419
H 2.706261396408081 -3.9046201705932617 5.278273105621338
H 4.888245582580566 -2.976163864135742 4.320010662078857
H 2.187999963760376 -4.8480000495910645 0.9010000228881836
