N -0.03999999910593033 -1.2100000381469727 0.05299999937415123
C 1.1720000505447388 -1.7089999914169312 0.6520000100135803
C 1.0829999446868896 -3.2070000171661377 0.9049999713897705
O 0.03999999910593033 -3.7699999809265137 1.222000002861023
C 1.4839999675750732 -0.9750000238418579 1.9619998931884766
C 2.6465628147125244 -1.5783376693725586 2.7133147716522217
N 2.437833547592163 -2.5557522773742676 3.6227619647979736
C 3.953392267227173 -1.3034818172454834 2.637284994125366
C 3.624690532684326 -2.9044034481048584 4.129726886749268
N 4.555447578430176 -2.14927077293396 3.537135124206543
O 2.246999979019165 -3.881999969482422 0.7440000176429749
H -0.10199999809265137 -1.1549999713897705 -0.949999988079071
H -0.7149999737739563 -0.7409999966621399 0.6340000033378601
H 1.965000033378601 -1.5579999685287476 -0.08900000154972076
H 1.7175192832946777 0.08001349121332169 1.7632306814193726
H 0.5956588387489319 -0.9569768905639648 2.6074211597442627
H 1.5465964078903198 -2.965899705886841 3.8878519535064697
H 4.585631370544434 -0.636746346950531 2.084533214569092
H 3.799351930618286 -3.6581907272338867 4.879858016967773
H 5.552357196807861 -2.1969587802886963 3.725247621536255
H 2.187999963760376 -4.8480000495910645 0.9010000228881836
