N -0.03999999910593033 -1.2100000381469727 0.05299999937415123
C 1.1720000505447388 -1.7089999914169312 0.6520000100135803
C 1.0829999446868896 -3.2070000171661377 0.9049999713897705
O 0.03999999910593033 -3.7699999809265137 1.222000002861023
C 1.4839999675750732 -0.9750000238418579 1.9619998931884766
C 2.9055442810058594 -0.47051531076431274 2.030914783477783
N 3.88175630569458 -1.2494466304779053 2.546935796737671
C 3.4206817150115967 0.7007521390914917 1.6411765813827515
C 5.028426647186279 -0.5650014281272888 2.4846227169036865
N 4.7606916427612305 0.6238393783569336 1.9344642162322998
O 2.246999979019165 -3.881999969482422 0.7440000176429749
H -0.10199999809265137 -1.1549999713897705 -0.949999988079071
H -0.7149999737739563 -0.7409999966621399 0.6340000033378601
H 1.965000033378601 -1.5579999685287476 -0.08900000154972076
H 0.8110888600349426 -0.11581619083881378 2.0888376235961914
H 1.2814463376998901 -1.629026174545288 2.820641279220581
H 3.782560348510742 -2.189438581466675 2.920261859893799
H 3.063284158706665 1.6057699918746948 1.1906137466430664
H 5.99384069442749 -0.9096481800079346 2.81717848777771
H 5.444869041442871 1.354148030281067 1.7611438035964966
H 2.187999963760376 -4.8480000495910645 0.9010000228881836
