N -0.03999999910593033 -1.2100000381469727 0.05299999937415123
C 1.1720000505447388 -1.7089999914169312 0.6520000100135803
C 1.0829999446868896 -3.2070000171661377 0.9049999713897705
O 0.03999999910593033 -3.7699999809265137 1.222000002861023
C 1.4839999675750732 -0.9750000834465027 1.9619998931884766
C 1.5089967250823975 0.5265732407569885 1.8048534393310547
N 2.6595280170440674 1.1604048013687134 1.487778663635254
C 0.5207553505897522 1.4193460941314697 1.9292137622833252
C 2.3988142013549805 2.469334602355957 1.410757303237915
N 1.099643588066101 2.639526605606079 1.6770079135894775
O 2.246999979019165 -3.881999969482422 0.7440000176429749
H -0.10199999809265137 -1.1549999713897705 -0.949999988079071
H -0.7149999737739563 -0.7409999966621399 0.6340000033378601
H 1.965000033378601 -1.5579999685287476 -0.08900000154972076
H 0.7370423078536987 -1.2249717712402344 2.7279388904571533
H 2.442941904067993 -1.3202444314956665 2.3709981441497803
H 3.569784164428711 0.7363236546516418 1.331618070602417
H -0.5268072485923767 1.4057327508926392 2.1577401161193848
H 3.107642412185669 3.2463903427124023 1.1759272813796997
H 0.6186330318450928 3.5339362621307373 1.689251184463501
H 2.187999963760376 -4.8480000495910645 0.9010000228881836
