N -0.03999999910593033 -1.2100000381469727 0.05299999937415123
C 1.1720000505447388 -1.7089999914169312 0.6520000100135803
C 1.0829999446868896 -3.2070000171661377 0.9049999713897705
O 0.03999999910593033 -3.7699999809265137 1.222000002861023
C 1.4839999675750732 -0.9750000834465027 1.9619998931884766
C 0.6756742000579834 0.28836822509765625 2.136791706085205
N 1.1456862688064575 1.468421220779419 1.675743818283081
C -0.5197024345397949 0.47050604224205017 2.7086575031280518
C 0.23929435014724731 2.4095075130462646 1.9586069583892822
N -0.7796237468719482 1.8140910863876343 2.5870847702026367
O 2.246999979019165 -3.881999969482422 0.7440000176429749
H -0.10199999809265137 -1.1549999713897705 -0.949999988079071
H -0.7149999737739563 -0.7409999966621399 0.6340000033378601
H 1.965000033378601 -1.5579999685287476 -0.08900000154972076
H 1.2859082221984863 -1.6280275583267212 2.8230509757995605
H 2.5551929473876953 -0.7397596836090088 2.019014835357666
H 2.0271599292755127 1.6320112943649292 1.1971629858016968
H -1.258772850036621 -0.13503602147102356 3.195371627807617
H 0.3160400688648224 3.4581263065338135 1.7221605777740479
H -1.6150835752487183 2.285383462905884 2.92082142829895
H 2.187999963760376 -4.8480000495910645 0.9010000228881836
