N -0.03999999910593033 -1.2100000381469727 0.05299999937415123
C 1.1720000505447388 -1.7089999914169312 0.6520000100135803
C 1.0829999446868896 -3.2070000171661377 0.9049999713897705
O 0.03999999910593033 -3.7699999809265137 1.222000002861023
C 1.4839999675750732 -0.9750000238418579 1.9619998931884766
C 2.4604990482330322 0.16260795295238495 1.782167911529541
N 3.789229154586792 -0.053773265331983566 1.8990305662155151
C 2.235389471054077 1.4512168169021606 1.5029857158660889
C 4.4139251708984375 1.1099681854248047 1.692482829093933
N 3.478447437286377 2.033914089202881 1.4497811794281006
O 2.246999979019165 -3.881999969482422 0.7440000176429749
H -0.10199999809265137 -1.1549999713897705 -0.949999988079071
H -0.7149999737739563 -0.7409999966621399 0.6340000033378601
H 1.965000033378601 -1.5579999685287476 -0.08900000154972076
H 0.5630077123641968 -0.5672311186790466 2.400852680206299
H 1.8714396953582764 -1.6806098222732544 2.709026336669922
H 4.250617504119873 -0.935278594493866 2.1060731410980225
H 1.3853960037231445 2.080061435699463 1.3244848251342773
H 5.47887659072876 1.2733421325683594 1.7166850566864014
H 3.662299156188965 3.0137431621551514 1.2558146715164185
H 2.187999963760376 -4.8480000495910645 0.9010000228881836
