N -0.03999999910593033 -1.2100000381469727 0.05299999937415123
C 1.1720000505447388 -1.7089999914169312 0.6520000100135803
C 1.0829999446868896 -3.2070000171661377 0.9049999713897705
O 0.03999999910593033 -3.7699999809265137 1.222000002861023
C 1.4839999675750732 -0.9750000238418579 1.9619998931884766
C 2.8659098148345947 -0.3667578101158142 1.982218623161316
N 3.918124198913574 -1.078715443611145 2.442612648010254
C 3.2758936882019043 0.8459171652793884 1.5943236351013184
C 5.007272243499756 -0.30948278307914734 2.3464927673339844
N 4.629140377044678 0.8647384643554688 1.8308185338974
O 2.246999979019165 -3.881999969482422 0.7440000176429749
H -0.10199999809265137 -1.1549999713897705 -0.949999988079071
H -0.7149999737739563 -0.7409999966621399 0.6340000033378601
H 1.965000033378601 -1.5579999685287476 -0.08900000154972076
H 0.7552751302719116 -0.17073190212249756 2.1329002380371094
H 1.3670141696929932 -1.6561496257781982 2.8154592514038086
H 3.9047374725341797 -2.029409408569336 2.8014981746673584
H 2.8336706161499023 1.728829026222229 1.1763497591018677
H 6.008784770965576 -0.5862703919410706 2.6324288845062256
H 5.2493815422058105 1.6468944549560547 1.6436753273010254
H 2.187999963760376 -4.8480000495910645 0.9010000228881836
