N -0.03999999910593033 -1.2100000381469727 0.05299999937415123
C 1.1720000505447388 -1.7089999914169312 0.6520000100135803
C 1.0829999446868896 -3.2070000171661377 0.9049999713897705
O 0.03999999910593033 -3.7699999809265137 1.222000002861023
C 1.4839999675750732 -0.9750000238418579 1.9619998931884766
C 2.157545328140259 0.35880136489868164 1.7443935871124268
N 3.5051586627960205 0.44172990322113037 1.689054012298584
C 1.6229560375213623 1.5738577842712402 1.5801312923431396
C 3.8292343616485596 1.7230724096298218 1.4882118701934814
N 2.6916213035583496 2.4222350120544434 1.4195996522903442
O 2.246999979019165 -3.881999969482422 0.7440000176429749
H -0.10199999809265137 -1.1549999713897705 -0.949999988079071
H -0.7149999737739563 -0.7409999966621399 0.6340000033378601
H 1.965000033378601 -1.5579999685287476 -0.08900000154972076
H 0.5612558722496033 -0.8015961647033691 2.532585859298706
H 2.1093876361846924 -1.604063868522644 2.6094658374786377
H 4.170297622680664 -0.3211059868335724 1.7810784578323364
H 0.6406267881393433 2.002366781234741 1.5453976392745972
H 4.826966285705566 2.1201794147491455 1.3974617719650269
H 2.630932569503784 3.4250893592834473 1.270973563194275
H 2.187999963760376 -4.8480000495910645 0.9010000228881836
