N -0.03999999910593033 -1.2100000381469727 0.05299999937415123
C 1.1720000505447388 -1.7089999914169312 0.6520000100135803
C 1.0829999446868896 -3.2070000171661377 0.9049999713897705
O 0.03999999910593033 -3.7699999809265137 1.222000002861023
C 1.4839999675750732 -0.9750000834465027 1.9619998931884766
C 0.8626350164413452 0.3995276391506195 2.029980421066284
N 1.5396733283996582 1.4775913953781128 1.5767706632614136
C -0.334063857793808 0.7788171172142029 2.4916958808898926
C 0.7646963000297546 2.5525009632110596 1.7533531188964844
N -0.37914741039276123 2.1397833824157715 2.3092172145843506
O 2.246999979019165 -3.881999969482422 0.7440000176429749
H -0.10199999809265137 -1.1549999713897705 -0.949999988079071
H -0.7149999737739563 -0.7409999966621399 0.6340000033378601
H 1.965000033378601 -1.5579999685287476 -0.08900000154972076
H 1.121684193611145 -1.5555261373519897 2.8215408325195312
H 2.570244073867798 -0.8974434733390808 2.103781223297119
H 2.4713246822357178 1.4899494647979736 1.1709752082824707
H -1.1922452449798584 0.30911052227020264 2.9306693077087402
H 1.0164339542388916 3.5677473545074463 1.493928074836731
H -1.1586943864822388 2.742098569869995 2.5562243461608887
H 2.187999963760376 -4.8480000495910645 0.9010000228881836
