N -0.03999999910593033 -1.2100000381469727 0.05299999937415123
C 1.1720000505447388 -1.7089999914169312 0.6520000100135803
C 1.0829999446868896 -3.2070000171661377 0.9049999713897705
O 0.03999999910593033 -3.7699999809265137 1.222000002861023
C 1.4839999675750732 -0.9750000834465027 1.9619998931884766
C 0.36051061749458313 -0.07330295443534851 2.4144997596740723
N 0.31742045283317566 1.216593623161316 2.014110565185547
C -0.6883125305175781 -0.33740049600601196 3.201489210128784
C -0.7698948979377747 1.7771942615509033 2.5532519817352295
N -1.390852928161621 0.840794026851654 3.278003454208374
O 2.246999979019165 -3.881999969482422 0.7440000176429749
H -0.10199999809265137 -1.1549999713897705 -0.949999988079071
H -0.7149999737739563 -0.7409999966621399 0.6340000033378601
H 1.965000033378601 -1.5579999685287476 -0.08900000154972076
H 1.6868016719818115 -1.6961114406585693 2.765718698501587
H 2.40832257270813 -0.3910623788833618 1.8586176633834839
H 0.9822858572006226 1.6936544179916382 1.4114794731140137
H -1.0759154558181763 -1.1810811758041382 3.7379255294799805
H -1.0883320569992065 2.7988641262054443 2.426024913787842
H -2.2492711544036865 0.9822246432304382 3.8020312786102295
H 2.187999963760376 -4.8480000495910645 0.9010000228881836
