N -0.03999999910593033 -1.2100000381469727 0.05299999937415123
C 1.1720000505447388 -1.7089999914169312 0.6520000100135803
C 1.0829999446868896 -3.2070000171661377 0.9049999713897705
O 0.03999999910593033 -3.7699999809265137 1.222000002861023
C 1.4839999675750732 -0.9750000238418579 1.9619998931884766
C 2.4787962436676025 -1.7107782363891602 2.8274784088134766
N 2.0535104274749756 -2.6083197593688965 3.7437491416931152
C 3.81388521194458 -1.63419771194458 2.8558130264282227
C 3.130061149597168 -3.1061112880706787 4.3605499267578125
N 4.208065986633301 -2.5211117267608643 3.8282148838043213
O 2.246999979019165 -3.881999969482422 0.7440000176429749
H -0.10199999809265137 -1.1549999713897705 -0.949999988079071
H -0.7149999737739563 -0.7409999966621399 0.6340000033378601
H 1.965000033378601 -1.5579999685287476 -0.08900000154972076
H 1.8881542682647705 0.025109974667429924 1.7533535957336426
H 0.5593619346618652 -0.799933671951294 2.528073787689209
H 1.0924818515777588 -2.871781349182129 3.943272352218628
H 4.581271648406982 -1.0910699367523193 2.3401315212249756
H 3.128901243209839 -3.845560312271118 5.144522190093994
H 5.168176651000977 -2.7068164348602295 4.102423191070557
H 2.187999963760376 -4.8480000495910645 0.9010000228881836
