N -0.03999999910593033 -1.2100000381469727 0.05299999937415123
C 1.1720000505447388 -1.7089999914169312 0.6520000100135803
C 1.0829999446868896 -3.2070000171661377 0.9049999713897705
O 0.03999999910593033 -3.7699999809265137 1.222000002861023
C 1.4839999675750732 -0.9750000238418579 1.9619998931884766
C 2.3650503158569336 0.23523560166358948 1.764207124710083
N 3.709913492202759 0.11700733751058578 1.8222317695617676
C 2.033480405807495 1.5077382326126099 1.5194047689437866
C 4.2373762130737305 1.3274118900299072 1.6126962900161743
N 3.2265870571136475 2.1825854778289795 1.4264649152755737
O 2.246999979019165 -3.881999969482422 0.7440000176429749
H -0.10199999809265137 -1.1549999713897705 -0.949999988079071
H -0.7149999737739563 -0.7409999966621399 0.6340000033378601
H 1.965000033378601 -1.5579999685287476 -0.08900000154972076
H 0.5547577738761902 -0.6444293260574341 2.4460723400115967
H 1.9539469480514526 -1.661636471748352 2.6787450313568115
H 4.243687629699707 -0.7307421565055847 1.993120789527893
H 1.1324430704116821 2.074033260345459 1.3881076574325562
H 5.28736686706543 1.5695890188217163 1.5963078737258911
H 3.3289694786071777 3.1764321327209473 1.2440475225448608
H 2.187999963760376 -4.8480000495910645 0.9010000228881836
