N -0.03999999910593033 -1.2100000381469727 0.05299999937415123
C 1.1720000505447388 -1.7089999914169312 0.6520000100135803
C 1.0829999446868896 -3.2070000171661377 0.9049999713897705
O 0.03999999910593033 -3.7699999809265137 1.222000002861023
C 1.4839999675750732 -0.9750000238418579 1.9619998931884766
C 2.661673069000244 -1.563539981842041 2.7014245986938477
N 2.4751503467559814 -2.547126531600952 3.609041213989258
C 3.9635818004608154 -1.2689509391784668 2.6155102252960205
C 3.671274185180664 -2.8797950744628906 4.104844093322754
N 4.585684776306152 -2.108795642852783 3.5072553157806396
O 2.246999979019165 -3.881999969482422 0.7440000176429749
H -0.10199999809265137 -1.1549999713897705 -0.949999988079071
H -0.7149999737739563 -0.7409999966621399 0.6340000033378601
H 1.965000033378601 -1.5579999685287476 -0.08900000154972076
H 1.700108289718628 0.0840674638748169 1.765105962753296
H 0.6009280681610107 -0.9724859595298767 2.614856004714966
H 1.5923726558685303 -2.971449613571167 3.880059242248535
H 4.581168174743652 -0.5909315347671509 2.0599260330200195
H 3.8634209632873535 -3.6335041522979736 4.850767135620117
H 5.584734916687012 -2.142258644104004 3.686887502670288
H 2.187999963760376 -4.8480000495910645 0.9010000228881836
