N -0.03999999910593033 -1.2100000381469727 0.05299999937415123
C 1.1720000505447388 -1.7089999914169312 0.6520000100135803
C 1.0829999446868896 -3.2070000171661377 0.9049999713897705
O 0.03999999910593033 -3.7699999809265137 1.222000002861023
C 1.4839999675750732 -0.9750000238418579 1.9620000123977661
C 2.9616942405700684 -0.9153952598571777 2.266810417175293
N 3.5497350692749023 -1.8953156471252441 2.98789644241333
C 3.8724770545959473 0.0025481819175183773 1.9247808456420898
C 4.847298622131348 -1.5957342386245728 3.1052868366241455
N 5.056210517883301 -0.4425932466983795 2.461609125137329
O 2.246999979019165 -3.881999969482422 0.7440000176429749
H -0.10199999809265137 -1.1549999713897705 -0.949999988079071
H -0.7149999737739563 -0.7409999966621399 0.6340000033378601
H 1.965000033378601 -1.5579999685287476 -0.08900000154972076
H 1.1021957397460938 0.054505281150341034 1.924073338508606
H 0.9525609612464905 -1.4489330053329468 2.7980642318725586
H 3.1033244132995605 -2.7200984954833984 3.3793656826019287
H 3.892789363861084 0.9232305884361267 1.3754826784133911
H 5.590320587158203 -2.17872953414917 3.624356985092163
H 5.952821731567383 0.027974801138043404 2.383227825164795
H 2.187999963760376 -4.8480000495910645 0.9010000228881836
