N -0.03999999910593033 -1.2100000381469727 0.05299999937415123
C 1.1720000505447388 -1.7089999914169312 0.6520000100135803
C 1.0829999446868896 -3.2070000171661377 0.9049999713897705
O 0.03999999910593033 -3.7699999809265137 1.222000002861023
C 1.4839999675750732 -0.9750000238418579 1.9619998931884766
C 2.794346809387207 -1.4017587900161743 2.579179286956787
N 2.832796573638916 -2.428191661834717 3.457221508026123
C 4.026669979095459 -0.9130919575691223 2.401094913482666
C 4.102863311767578 -2.592219114303589 3.8409230709075928
N 4.839500904083252 -1.675871729850769 3.2042348384857178
O 2.246999979019165 -3.881999969482422 0.7440000176429749
H -0.10199999809265137 -1.1549999713897705 -0.949999988079071
H -0.7149999737739563 -0.7409999966621399 0.6340000033378601
H 1.965000033378601 -1.5579999685287476 -0.08900000154972076
H 1.524562120437622 0.10976884514093399 1.7925148010253906
H 0.6693987846374512 -1.1238081455230713 2.683335065841675
H 2.048422336578369 -2.9876761436462402 3.7805347442626953
H 4.488061428070068 -0.1343231350183487 1.8262609243392944
H 4.4668474197387695 -3.3300342559814453 4.537014484405518
H 5.84431791305542 -1.5645142793655396 3.3013498783111572
H 2.187999963760376 -4.8480000495910645 0.9010000228881836
