N -0.03999999910593033 -1.2100000381469727 0.05299999937415123
C 1.1720000505447388 -1.7089999914169312 0.6520000100135803
C 1.0829999446868896 -3.2070000171661377 0.9049999713897705
O 0.03999999910593033 -3.7699999809265137 1.222000002861023
C 1.4839999675750732 -0.9750000834465027 1.9619998931884766
C 1.072080135345459 -1.755213737487793 3.187410354614258
N -0.1651819944381714 -1.6032849550247192 3.7090439796447754
C 1.761324167251587 -2.6445114612579346 3.9107511043548584
C -0.2619186341762543 -2.4041454792022705 4.775095462799072
N 0.9046520590782166 -3.0438218116760254 4.907858848571777
O 2.246999979019165 -3.881999969482422 0.7440000176429749
H -0.10199999809265137 -1.1549999713897705 -0.949999988079071
H -0.7149999737739563 -0.7409999966621399 0.6340000033378601
H 1.965000033378601 -1.5579999685287476 -0.08900000154972076
H 2.5600924491882324 -0.7663732171058655 2.0367915630340576
H 0.9981908202171326 0.009871251881122589 1.9698206186294556
H -0.9038602709770203 -0.9948369860649109 3.367074966430664
H 2.7402443885803223 -3.081813097000122 3.894029140472412
H -1.1244635581970215 -2.514418840408325 5.411691188812256
H 1.1201119422912598 -3.7201056480407715 5.634293079376221
H 2.187999963760376 -4.8480000495910645 0.9010000228881836
