N -0.03999999910593033 -1.2100000381469727 0.05299999937415123
C 1.1720000505447388 -1.7089999914169312 0.6520000100135803
C 1.0829999446868896 -3.2070000171661377 0.9049999713897705
O 0.03999999910593033 -3.7699999809265137 1.222000002861023
C 1.4839999675750732 -0.9750000834465027 1.9619998931884766
C 0.5027621388435364 -1.2938737869262695 3.0645124912261963
N -0.611773669719696 -0.546473503112793 3.2232706546783447
C 0.5337039232254028 -2.260849714279175 3.9881629943847656
C -1.295028567314148 -1.043994426727295 4.259048938751221
N -0.6079181432723999 -2.0885441303253174 4.7328572273254395
O 2.246999979019165 -3.881999969482422 0.7440000176429749
H -0.10199999809265137 -1.1549999713897705 -0.949999988079071
H -0.7149999737739563 -0.7409999966621399 0.6340000033378601
H 1.965000033378601 -1.5579999685287476 -0.08900000154972076
H 2.4908533096313477 -1.2355737686157227 2.3161778450012207
H 1.5099350214004517 0.10965681076049805 1.7920291423797607
H -0.8973769545555115 0.2538641095161438 2.665876865386963
H 1.1838366985321045 -3.069758415222168 4.257961273193359
H -2.2306318283081055 -0.6708001494407654 4.642155647277832
H -0.8899036049842834 -2.66361927986145 5.521059513092041
H 2.187999963760376 -4.8480000495910645 0.9010000228881836
