N -0.03999999910593033 -1.2100000381469727 0.05299999937415123
C 1.1720000505447388 -1.7089999914169312 0.6520000100135803
C 1.0829999446868896 -3.2070000171661377 0.9049999713897705
O 0.03999999910593033 -3.7699999809265137 1.222000002861023
C 1.4839999675750732 -0.9750000238418579 1.9619998931884766
C 2.930131435394287 -0.5547782182693481 2.0722720623016357
N 3.8404598236083984 -1.3823437690734863 2.6312344074249268
C 3.5269768238067627 0.577799916267395 1.684751272201538
C 5.027449607849121 -0.7681798338890076 2.5986974239349365
N 4.849589824676514 0.4259622097015381 2.024163246154785
O 2.246999979019165 -3.881999969482422 0.7440000176429749
H -0.10199999809265137 -1.1549999713897705 -0.949999988079071
H -0.7149999737739563 -0.7409999966621399 0.6340000033378601
H 1.965000033378601 -1.5579999685287476 -0.08900000154972076
H 0.8598755598068237 -0.07556940615177155 2.0546677112579346
H 1.214493989944458 -1.6027376651763916 2.8218576908111572
H 3.672960042953491 -2.309014081954956 3.01336407661438
H 3.2394027709960938 1.495485544204712 1.210460901260376
H 5.959031105041504 -1.164421796798706 2.9682199954986572
H 5.581569194793701 1.1116644144058228 1.8644510507583618
H 2.187999963760376 -4.8480000495910645 0.9010000228881836
