N -0.03999999910593033 -1.2100000381469727 0.05299999937415123
C 1.1720000505447388 -1.7089999914169312 0.6520000100135803
C 1.0829999446868896 -3.2070000171661377 0.9049999713897705
O 0.03999999910593033 -3.7699999809265137 1.222000002861023
C 1.4839999675750732 -0.9750000238418579 1.9619998931884766
C 2.284447193145752 -1.8122904300689697 2.9306440353393555
N 1.6571743488311768 -2.598811388015747 3.8328161239624023
C 3.6092844009399414 -1.9314777851104736 3.0711097717285156
C 2.593846082687378 -3.223236560821533 4.553884983062744
N 3.786619186401367 -2.8254966735839844 4.099138259887695
O 2.246999979019165 -3.881999969482422 0.7440000176429749
H -0.10199999809265137 -1.1549999713897705 -0.949999988079071
H -0.7149999737739563 -0.7409999966621399 0.6340000033378601
H 1.965000033378601 -1.5579999685287476 -0.08900000154972076
H 2.0488743782043457 -0.05461719632148743 1.759746789932251
H 0.5535035729408264 -0.6426956653594971 2.4413676261901855
H 0.654620349407196 -2.709779977798462 3.956786870956421
H 4.488350868225098 -1.5288156270980835 2.6075336933135986
H 2.4188501834869385 -3.9212915897369385 5.3560662269592285
H 4.682864665985107 -3.1386220455169678 4.459951877593994
H 2.187999963760376 -4.8480000495910645 0.9010000228881836
