N -0.03999999910593033 -1.2100000381469727 0.05299999937415123
C 1.1720000505447388 -1.7089999914169312 0.6520000100135803
C 1.0829999446868896 -3.2070000171661377 0.9049999713897705
O 0.03999999910593033 -3.7699999809265137 1.222000002861023
C 1.4839999675750732 -0.9750000834465027 1.9619998931884766
C 0.283254474401474 -0.8521260619163513 2.8692784309387207
N -0.5354928374290466 0.21885766088962555 2.7762837409973145
C -0.15812863409519196 -1.6766170263290405 3.8255867958068848
C -1.506363868713379 0.072808176279068 3.683631658554077
N -1.2877955436706543 -1.0778754949569702 4.3284993171691895
O 2.246999979019165 -3.881999969482422 0.7440000176429749
H -0.10199999809265137 -1.1549999713897705 -0.949999988079071
H -0.7149999737739563 -0.7409999966621399 0.6340000033378601
H 1.965000033378601 -1.5579999685287476 -0.08900000154972076
H 2.2763328552246094 -1.4984376430511475 2.5145535469055176
H 1.8911941051483154 0.022639408707618713 1.7499817609786987
H -0.44652459025382996 1.0045571327209473 2.13788104057312
H 0.13710568845272064 -2.614938259124756 4.252420425415039
H -2.318439245223999 0.7583833932876587 3.8622891902923584
H -1.8695183992385864 -1.448911190032959 5.073764801025391
H 2.187999963760376 -4.8480000495910645 0.9010000228881836
