N -0.03999999910593033 -1.2100000381469727 0.05299999937415123
C 1.1720000505447388 -1.7089999914169312 0.6520000100135803
C 1.0829999446868896 -3.2070000171661377 0.9049999713897705
O 0.03999999910593033 -3.7699999809265137 1.222000002861023
C 1.4839999675750732 -0.9750000238418579 1.9619998931884766
C 2.8473474979400635 -0.32590609788894653 1.9637501239776611
N 3.9278664588928223 -1.009255051612854 2.4013731479644775
C 3.2144949436187744 0.9011023640632629 1.578026294708252
C 4.991878032684326 -0.20719373226165771 2.2928459644317627
N 4.570366382598877 0.9587144255638123 1.7921613454818726
O 2.246999979019165 -3.881999969482422 0.7440000176429749
H -0.10199999809265137 -1.1549999713897705 -0.949999988079071
H -0.7149999737739563 -0.7409999966621399 0.6340000033378601
H 1.965000033378601 -1.5579999685287476 -0.08900000154972076
H 0.7346461415290833 -0.1940464824438095 2.150876760482788
H 1.4016919136047363 -1.665170669555664 2.8122546672821045
H 3.948803186416626 -1.9623610973358154 2.7534353733062744
H 2.7392377853393555 1.7732542753219604 1.1739487648010254
H 6.0058465003967285 -0.4558962881565094 2.560079336166382
H 5.163830280303955 1.7603108882904053 1.6005029678344727
H 2.187999963760376 -4.8480000495910645 0.9010000228881836
