N -0.03999999910593033 -1.2100000381469727 0.05299999937415123
C 1.1720000505447388 -1.7089999914169312 0.6520000100135803
C 1.0829999446868896 -3.2070000171661377 0.9049999713897705
O 0.03999999910593033 -3.7699999809265137 1.222000002861023
C 1.4839999675750732 -0.9750000834465027 1.9619998931884766
C 2.024540901184082 0.417803555727005 1.743011713027954
N 3.354896306991577 0.6224724054336548 1.6235706806182861
C 1.3765493631362915 1.582838535308838 1.6337854862213135
C 3.5533130168914795 1.9313316345214844 1.4372386932373047
N 2.356126070022583 2.526670455932617 1.4409880638122559
O 2.246999979019165 -3.881999969482422 0.7440000176429749
H -0.10199999809265137 -1.1549999713897705 -0.949999988079071
H -0.7149999737739563 -0.7409999966621399 0.6340000033378601
H 1.965000033378601 -1.5579999685287476 -0.08900000154972076
H 0.5797991156578064 -0.896061360836029 2.581099033355713
H 2.194939136505127 -1.557555079460144 2.563030958175659
H 4.088935375213623 -0.0791521817445755 1.6648885011672974
H 0.35957804322242737 1.9219692945480347 1.657381534576416
H 4.505936145782471 2.418100595474243 1.3069939613342285
H 2.19917631149292 3.5226659774780273 1.3191312551498413
H 2.187999963760376 -4.8480000495910645 0.9010000228881836
