N -0.03999999910593033 -1.2100000381469727 0.05299999937415123
C 1.1720000505447388 -1.7089999914169312 0.6520000100135803
C 1.0829999446868896 -3.2070000171661377 0.9049999713897705
O 0.03999999910593033 -3.7699999809265137 1.222000002861023
C 1.4839999675750732 -0.9750000238418579 1.9619998931884766
C 1.6276532411575317 -1.907870888710022 3.140625476837158
N 0.5508043169975281 -2.231051445007324 3.8902599811553955
C 2.7129147052764893 -2.5269274711608887 3.618229866027832
C 0.9571043252944946 -3.0634870529174805 4.854195594787598
N 2.2716798782348633 -3.251718044281006 4.6987624168396
O 2.246999979019165 -3.881999969482422 0.7440000176429749
H -0.10199999809265137 -1.1549999713897705 -0.949999988079071
H -0.7149999737739563 -0.7409999966621399 0.6340000033378601
H 1.965000033378601 -1.5579999685287476 -0.08900000154972076
H 2.415868043899536 -0.4009166359901428 1.8663740158081055
H 0.7062245011329651 -0.22900986671447754 2.173203945159912
H -0.4046209156513214 -1.9097931385040283 3.76082706451416
H 3.7554428577423096 -2.585958957672119 3.3744115829467773
H 0.3369081914424896 -3.503506660461426 5.617830753326416
H 2.850860357284546 -3.8406927585601807 5.289649963378906
H 2.187999963760376 -4.8480000495910645 0.9010000228881836
