N -0.03999999910593033 -1.2100000381469727 0.05299999937415123
C 1.1720000505447388 -1.7089999914169312 0.6520000100135803
C 1.0829999446868896 -3.2070000171661377 0.9049999713897705
O 0.03999999910593033 -3.7699999809265137 1.222000002861023
C 1.4839999675750732 -0.9750000834465027 1.9619998931884766
C 0.25607845187187195 -0.3871868848800659 2.6152429580688477
N -0.13974711298942566 0.8699893951416016 2.317197322845459
C -0.5835007429122925 -0.9259496331214905 3.506293773651123
C -1.2418055534362793 1.132059931755066 3.027117967605591
N -1.5222892761230469 0.04592598229646683 3.754676342010498
O 2.246999979019165 -3.881999969482422 0.7440000176429749
H -0.10199999809265137 -1.1549999713897705 -0.949999988079071
H -0.7149999737739563 -0.7409999966621399 0.6340000033378601
H 1.965000033378601 -1.5579999685287476 -0.08900000154972076
H 1.9577594995498657 -1.6584031581878662 2.6800570487976074
H 2.22438645362854 -0.18323755264282227 1.785979986190796
H 0.3063575327396393 1.5160915851593018 1.6719532012939453
H -0.6868841648101807 -1.8587356805801392 4.024964332580566
H -1.8027414083480835 2.052164077758789 3.014554262161255
H -2.3089394569396973 -0.04329277575016022 4.39084529876709
H 2.187999963760376 -4.8480000495910645 0.9010000228881836
