N -0.03999999910593033 -1.2100000381469727 0.05299999937415123
C 1.1720000505447388 -1.7089999914169312 0.6520000100135803
C 1.0829999446868896 -3.2070000171661377 0.9049999713897705
O 0.03999999910593033 -3.7699999809265137 1.222000002861023
C 1.4839999675750732 -0.9750000834465027 1.9619998931884766
C 0.5612779259681702 0.1925782710313797 2.2177088260650635
N 0.8784630298614502 1.4251422882080078 1.7636371850967407
C -0.6102900505065918 0.235934317111969 2.861664295196533
C -0.10186722129583359 2.2596611976623535 2.1238203048706055
N -1.014487385749817 1.547196865081787 2.7925641536712646
O 2.246999979019165 -3.881999969482422 0.7440000176429749
H -0.10199999809265137 -1.1549999713897705 -0.949999988079071
H -0.7149999737739563 -0.7409999966621399 0.6340000033378601
H 1.965000033378601 -1.5579999685287476 -0.08900000154972076
H 1.4061622619628906 -1.6637624502182007 2.8144326210021973
H 2.5266215801239014 -0.6300684213638306 1.9643590450286865
H 1.7081950902938843 1.6905955076217651 1.2403050661087036
H -1.252467393875122 -0.4541811943054199 3.3726885318756104
H -0.14816151559352875 3.3154401779174805 1.9126662015914917
H -1.8727971315383911 1.9209505319595337 3.186394214630127
H 2.187999963760376 -4.8480000495910645 0.9010000228881836
