N -0.03999999910593033 -1.2100000381469727 0.05299999937415123
C 1.1720000505447388 -1.7089999914169312 0.6520000100135803
C 1.0829999446868896 -3.2070000171661377 0.9049999713897705
O 0.03999999910593033 -3.7699999809265137 1.222000002861023
C 1.4839999675750732 -0.9750000834465027 1.9619998931884766
C 0.9233933687210083 0.426531046628952 2.0003795623779297
N 1.6591222286224365 1.4682015180587769 1.553583025932312
C -0.26618215441703796 0.8639302849769592 2.427839517593384
C 0.9289773106575012 2.5784945487976074 1.6996623277664185
N -0.24565882980823517 2.2234227657318115 2.230560779571533
O 2.246999979019165 -3.881999969482422 0.7440000176429749
H -0.10199999809265137 -1.1549999713897705 -0.949999988079071
H -0.7149999737739563 -0.7409999966621399 0.6340000033378601
H 1.965000033378601 -1.5579999685287476 -0.08900000154972076
H 1.0748071670532227 -1.5291317701339722 2.8179166316986084
H 2.568776845932007 -0.9443496465682983 2.1304125785827637
H 2.6001713275909424 1.4344756603240967 1.1713703870773315
H -1.155186414718628 0.43788808584213257 2.8496882915496826
H 1.2323400974273682 3.5785410404205322 1.4364583492279053
H -1.003304123878479 2.8626136779785156 2.4516899585723877
H 2.187999963760376 -4.8480000495910645 0.9010000228881836
