N -0.03999999910593033 -1.2100000381469727 0.05299999937415123
C 1.1720000505447388 -1.7089999914169312 0.6520000100135803
C 1.0829999446868896 -3.2070000171661377 0.9049999713897705
O 0.03999999910593033 -3.7699999809265137 1.222000002861023
C 1.4839999675750732 -0.9750000238418579 1.9619998931884766
C 2.135721206665039 -1.863254189491272 2.9946210384368896
N 1.3790364265441895 -2.5552992820739746 3.8746795654296875
C 3.4305880069732666 -2.114793300628662 3.2163822650909424
C 2.2024405002593994 -3.252885103225708 4.663717269897461
N 3.4543159008026123 -2.9933862686157227 4.2723517417907715
O 2.246999979019165 -3.881999969482422 0.7440000176429749
H -0.10199999809265137 -1.1549999713897705 -0.949999988079071
H -0.7149999737739563 -0.7409999966621399 0.6340000033378601
H 1.965000033378601 -1.5579999685287476 -0.08900000154972076
H 2.1528475284576416 -0.12392731010913849 1.7738184928894043
H 0.5676463842391968 -0.5350756645202637 2.377699136734009
H 0.3649442791938782 -2.5585458278656006 3.9410409927368164
H 4.372017860412598 -1.8182188272476196 2.7973945140838623
H 1.9097765684127808 -3.9065074920654297 5.469027519226074
H 4.29075813293457 -3.3873114585876465 4.692680835723877
H 2.187999963760376 -4.8480000495910645 0.9010000228881836
