N -0.03999999910593033 -1.2100000381469727 0.05299999937415123
C 1.1720000505447388 -1.7089999914169312 0.6520000100135803
C 1.0829999446868896 -3.2070000171661377 0.9049999713897705
O 0.03999999910593033 -3.7699999809265137 1.222000002861023
C 1.4839999675750732 -0.9750000834465027 1.9619998931884766
C 1.8636497259140015 0.47122129797935486 1.7514005899429321
N 3.156221866607666 0.8167596459388733 1.562028408050537
C 1.0933476686477661 1.5640137195587158 1.711782693862915
C 3.2068161964416504 2.142947196960449 1.4011937379837036
N 1.9568674564361572 2.6092936992645264 1.4897843599319458
O 2.246999979019165 -3.881999969482422 0.7440000176429749
H -0.10199999809265137 -1.1549999713897705 -0.949999988079071
H -0.7149999737739563 -0.7409999966621399 0.6340000033378601
H 1.965000033378601 -1.5579999685287476 -0.08900000154972076
H 0.6150108575820923 -1.004755973815918 2.6336147785186768
H 2.2859106063842773 -1.4927558898925781 2.5050570964813232
H 3.960005283355713 0.195210799574852 1.5418683290481567
H 0.04999425634741783 1.7940831184387207 1.802769660949707
H 4.094550132751465 2.7296056747436523 1.2304350137710571
H 1.6908190250396729 3.585764169692993 1.4048515558242798
H 2.187999963760376 -4.8480000495910645 0.9010000228881836
