N -0.03999999910593033 -1.2100000381469727 0.05299999937415123
C 1.1720000505447388 -1.7089999914169312 0.6520000100135803
C 1.0829999446868896 -3.2070000171661377 0.9049999713897705
O 0.03999999910593033 -3.7699999809265137 1.222000002861023
C 1.4839999675750732 -0.9750000238418579 1.9619998931884766
C 2.113774061203003 -1.8691248893737793 3.0031373500823975
N 1.3395458459854126 -2.5466408729553223 3.8792333602905273
C 3.4028520584106445 -2.1391167640686035 3.236616611480713
C 2.145850896835327 -3.253556489944458 4.6775712966918945
N 3.4046742916107178 -3.0141451358795166 4.295805931091309
O 2.246999979019165 -3.881999969482422 0.7440000176429749
H -0.10199999809265137 -1.1549999713897705 -0.949999988079071
H -0.7149999737739563 -0.7409999966621399 0.6340000033378601
H 1.965000033378601 -1.5579999685287476 -0.08900000154972076
H 2.1670162677764893 -0.13466764986515045 1.7764618396759033
H 0.570883572101593 -0.5199791193008423 2.368469476699829
H 0.3250008225440979 -2.5345451831817627 3.9371066093444824
H 4.352058410644531 -1.8581106662750244 2.8244998455047607
H 1.8367716073989868 -3.899834394454956 5.482676029205322
H 4.231616973876953 -3.418962001800537 4.72450065612793
H 2.187999963760376 -4.8480000495910645 0.9010000228881836
