N -0.03999999910593033 -1.2100000381469727 0.05299999937415123
C 1.1720000505447388 -1.7089999914169312 0.6520000100135803
C 1.0829999446868896 -3.2070000171661377 0.9049999713897705
O 0.03999999910593033 -3.7699999809265137 1.222000002861023
C 1.4839999675750732 -0.9750000238418579 1.9619998931884766
C 2.9443368911743164 -0.6184394955635071 2.1045584678649902
N 3.802497148513794 -1.47943913936615 2.694678783416748
C 3.600792646408081 0.4819980263710022 1.7208490371704102
C 5.016271591186523 -0.9191921353340149 2.6859726905822754
N 4.906439781188965 0.2751765847206116 2.095109462738037
O 2.246999979019165 -3.881999969482422 0.7440000176429749
H -0.10199999809265137 -1.1549999713897705 -0.949999988079071
H -0.7149999737739563 -0.7409999966621399 0.6340000033378601
H 1.965000033378601 -1.5579999685287476 -0.08900000154972076
H 0.8987235426902771 -0.047664377838373184 2.029780149459839
H 1.1653703451156616 -1.5804263353347778 2.8210561275482178
H 3.584188938140869 -2.3933825492858887 3.0817785263061523
H 3.366508722305298 1.4062156677246094 1.2302067279815674
H 5.919695854187012 -1.3523942232131958 3.0829102993011475
H 5.672164440155029 0.9257405996322632 1.9470484256744385
H 2.187999963760376 -4.8480000495910645 0.9010000228881836
