N -0.03999999910593033 -1.2100000381469727 0.05299999937415123
C 1.1720000505447388 -1.7089999914169312 0.6520000100135803
C 1.0829999446868896 -3.2070000171661377 0.9049999713897705
O 0.03999999910593033 -3.7699999809265137 1.222000002861023
C 1.4839999675750732 -0.9750000238418579 1.9619998931884766
C 2.135760545730591 0.3694542944431305 1.7436131238937378
N 3.481478452682495 0.4726749360561371 1.677355170249939
C 1.5817781686782837 1.576964020729065 1.5881980657577515
C 3.7847421169281006 1.7594033479690552 1.4784520864486694
N 2.636308193206787 2.4417479038238525 1.4218401908874512
O 2.246999979019165 -3.881999969482422 0.7440000176429749
H -0.10199999809265137 -1.1549999713897705 -0.949999988079071
H -0.7149999737739563 -0.7409999966621399 0.6340000033378601
H 1.965000033378601 -1.5579999685287476 -0.08900000154972076
H 0.5635890960693359 -0.8173757791519165 2.5408716201782227
H 2.124089479446411 -1.5969165563583374 2.601959466934204
H 4.158651828765869 -0.28046730160713196 1.7610821723937988
H 0.5929198861122131 1.990885615348816 1.5631928443908691
H 4.775653839111328 2.171668291091919 1.3808331489562988
H 2.5594482421875 3.4440972805023193 1.2773486375808716
H 2.187999963760376 -4.8480000495910645 0.9010000228881836
