N -0.03999999910593033 -1.2100000381469727 0.05299999937415123
C 1.1720000505447388 -1.7089999914169312 0.6520000100135803
C 1.0829999446868896 -3.2070000171661377 0.9049999713897705
O 0.03999999910593033 -3.7699999809265137 1.222000002861023
C 1.4839999675750732 -0.9750000834465027 1.9619998931884766
C 0.5767059922218323 0.20710627734661102 2.2058942317962646
N 0.916017472743988 1.4331616163253784 1.7501996755599976
C -0.5994055271148682 0.2702307403087616 2.839855432510376
C -0.054716020822525024 2.2834830284118652 2.099242925643921
N -0.9834021329879761 1.587109088897705 2.7627975940704346
O 2.246999979019165 -3.881999969482422 0.7440000176429749
H -0.10199999809265137 -1.1549999713897705 -0.949999988079071
H -0.7149999737739563 -0.7409999966621399 0.6340000033378601
H 1.965000033378601 -1.5579999685287476 -0.08900000154972076
H 1.388798713684082 -1.6594429016113281 2.816147804260254
H 2.5315966606140137 -0.6456273198127747 1.9718918800354004
H 1.7539466619491577 1.684336543083191 1.2329155206680298
H -1.2560416460037231 -0.4083942174911499 3.3478851318359375
H -0.08349137008190155 3.339064598083496 1.8840270042419434
H -1.8392884731292725 1.975023627281189 3.148116111755371
H 2.187999963760376 -4.8480000495910645 0.9010000228881836
