N -0.03999999910593033 -1.2100000381469727 0.05299999937415123
C 1.1720000505447388 -1.7089999914169312 0.6520000100135803
C 1.0829999446868896 -3.2070000171661377 0.9049999713897705
O 0.03999999910593033 -3.7699999809265137 1.222000002861023
C 1.4839999675750732 -0.9750000238418579 1.9619998931884766
C 2.9245758056640625 -1.1204211711883545 2.3905279636383057
N 3.2992374897003174 -2.1452627182006836 3.187603712081909
C 3.9871246814727783 -0.3611772954463959 2.1012728214263916
C 4.613335609436035 -2.0348517894744873 3.4070491790771484
N 5.0437397956848145 -0.9526297450065613 2.7503552436828613
O 2.246999979019165 -3.881999969482422 0.7440000176429749
H -0.10199999809265137 -1.1549999713897705 -0.949999988079071
H -0.7149999737739563 -0.7409999966621399 0.6340000033378601
H 1.965000033378601 -1.5579999685287476 -0.08900000154972076
H 1.2650285959243774 0.0969369038939476 1.861517071723938
H 0.8220307230949402 -1.3306176662445068 2.762859582901001
H 2.704275369644165 -2.878573179244995 3.5632007122039795
H 4.1892595291137695 0.5229232907295227 1.5291672945022583
H 5.21643590927124 -2.698565721511841 4.004671096801758
H 6.004091739654541 -0.6224895119667053 2.735475540161133
H 2.187999963760376 -4.8480000495910645 0.9010000228881836
