N -0.03999999910593033 -1.2100000381469727 0.05299999937415123
C 1.1720000505447388 -1.7089999914169312 0.6520000100135803
C 1.0829999446868896 -3.2070000171661377 0.9049999713897705
O 0.03999999910593033 -3.7699999809265137 1.222000002861023
C 1.4839999675750732 -0.9750000834465027 1.9619998931884766
C 0.4496384561061859 -1.2182998657226562 3.034820318222046
N -0.6228182911872864 -0.4037497043609619 3.145932197570801
C 0.39221933484077454 -2.171268939971924 3.971667528152466
C -1.3683797121047974 -0.8440585732460022 4.164493560791016
N -0.7609755992889404 -1.9202278852462769 4.675002098083496
O 2.246999979019165 -3.881999969482422 0.7440000176429749
H -0.10199999809265137 -1.1549999713897705 -0.949999988079071
H -0.7149999737739563 -0.7409999966621399 0.6340000033378601
H 1.965000033378601 -1.5579999685287476 -0.08900000154972076
H 2.461240530014038 -1.2894576787948608 2.353421926498413
H 1.580360770225525 0.10349944233894348 1.7787060737609863
H -0.8415064215660095 0.4035692512989044 2.5686898231506348
H 0.9835523962974548 -3.01314377784729 4.2739410400390625
H -2.2921016216278076 -0.41022342443466187 4.510793209075928
H -1.102683424949646 -2.4655184745788574 5.460739612579346
H 2.187999963760376 -4.8480000495910645 0.9010000228881836
