N -1.815999984741211 0.1420000046491623 -1.1660000085830688
C -0.3919999897480011 0.49900001287460327 -1.2139999866485596
C 0.20600000023841858 0.0020000000949949026 -2.503999948501587
O -0.23600000143051147 -0.9890000224113464 -3.0329999923706055
C 0.33399996161460876 -0.14499996602535248 -0.03199993446469307
C -0.5518825650215149 -1.2275077104568481 0.5839017033576965
S 0.309872031211853 -1.9902029037475586 1.9857633113861084
C -0.9386153221130371 -3.1989922523498535 2.504382848739624
O 1.2319999933242798 0.6610000133514404 -3.065999984741211
H -1.8650000095367432 -0.8640000224113464 -1.2200000286102295
H -2.1489999294281006 0.39899998903274536 -0.24799999594688416
H -0.28700000047683716 1.5820000171661377 -1.1579999923706055
H 0.5527692437171936 0.6157023310661316 0.7174752950668335
H 1.2666878700256348 -0.5916680097579956 -0.3781181275844574
H -0.7697571516036987 -1.988600254058838 -0.165790855884552
H -1.4836758375167847 -0.7812297344207764 0.9298025369644165
H -0.5690615773200989 -3.759470224380493 3.361945629119873
H -1.8555364608764648 -2.6787431240081787 2.778679370880127
H -1.141617774963379 -3.886113166809082 1.6830857992172241
H 1.6160000562667847 0.34200000762939453 -3.8940000534057617
