N -1.815999984741211 0.1420000046491623 -1.1660000085830688
C -0.3919999897480011 0.49900001287460327 -1.2139999866485596
C 0.20600000023841858 0.0020000000949949026 -2.503999948501587
O -0.23600000143051147 -0.9890000224113464 -3.0329999923706055
C 0.33399996161460876 -0.14499996602535248 -0.031999923288822174
C 0.3585563600063324 -1.6625083684921265 -0.21230730414390564
S 1.219328761100769 -2.4251787662506104 1.1901711225509644
C 1.0996294021606445 -4.173067092895508 0.721751868724823
O 1.2319999933242798 0.6610000133514404 -3.065999984741211
H -1.8650000095367432 -0.8640000224113464 -1.2200000286102295
H -2.1489999294281006 0.39899998903274536 -0.24799999594688416
H -0.28700000047683716 1.5820000171661377 -1.1579999923706055
H -0.1873554289340973 0.10286809504032135 0.8926573395729065
H 1.3560867309570312 0.23218296468257904 0.01583823747932911
H 0.8808437585830688 -1.9100472927093506 -1.1368129253387451
H -0.6625985503196716 -2.0393621921539307 -0.2599937319755554
H 1.5826400518417358 -4.787504196166992 1.480229139328003
H 0.05083295330405235 -4.455759525299072 0.6395741701126099
H 1.5942751169204712 -4.326444149017334 -0.2372450828552246
H 1.6160000562667847 0.34200000762939453 -3.8940000534057617
