N -1.815999984741211 0.1420000046491623 -1.1660000085830688
C -0.3919999897480011 0.49900001287460327 -1.2139999866485596
C 0.20600000023841858 0.0020000000949949026 -2.503999948501587
O -0.23600000143051147 -0.9890000224113464 -3.0329999923706055
C 0.33399996161460876 -0.14499998092651367 -0.031999945640563965
C -0.5329798460006714 -0.035230204463005066 1.221890926361084
S 0.329135924577713 -0.7988417148590088 2.6230313777923584
C -0.8961102962493896 -0.5296006798744202 3.9326648712158203
O 1.2319999933242798 0.6610000133514404 -3.065999984741211
H -1.8650000095367432 -0.8640000224113464 -1.2200000286102295
H -2.1489999294281006 0.39899998903274536 -0.24799999594688416
H -0.28700000047683716 1.5820000171661377 -1.1579999923706055
H 1.2813024520874023 0.3678235113620758 0.13494651019573212
H 0.5245540142059326 -1.1960432529449463 -0.25157710909843445
H -1.4800198078155518 -0.5490089058876038 1.0548076629638672
H -0.723271369934082 1.0148580074310303 1.441331148147583
H -0.5244156718254089 -0.9417080283164978 4.8697509765625
H -1.0723072290420532 0.5388862490653992 4.0507001876831055
H -1.8290555477142334 -1.0249804258346558 3.6641764640808105
H 1.6160000562667847 0.34200000762939453 -3.8940000534057617
