N -1.815999984741211 0.1420000046491623 -1.1660000085830688
C -0.3919999897480011 0.49900001287460327 -1.2139999866485596
C 0.20600000023841858 0.0020000000949949026 -2.503999948501587
O -0.23600000143051147 -0.9890000224113464 -3.0329999923706055
C 0.33399996161460876 -0.14499998092651367 -0.031999945640563965
C 0.1830948144197464 0.7403701543807983 1.2046459913253784
S 1.0447931289672852 -0.024074774235486984 2.605588912963867
C 0.707175076007843 1.2067757844924927 3.893951892852783
O 1.2319999933242798 0.6610000133514404 -3.065999984741211
H -1.8650000095367432 -0.8640000224113464 -1.2200000286102295
H -2.1489999294281006 0.39899998903274536 -0.24799999594688416
H -0.28700000047683716 1.5820000171661377 -1.1579999923706055
H 1.3913302421569824 -0.256256103515625 -0.27265703678131104
H -0.09736373275518417 -1.1263158321380615 0.16840313374996185
H -0.8745325803756714 0.8506973385810852 1.4455242156982422
H 0.614161491394043 1.720757246017456 1.0044639110565186
H 1.1679054498672485 0.8913202285766602 4.829010486602783
H 1.118996500968933 2.1693453788757324 3.593111038208008
H -0.36969754099845886 1.2992854118347168 4.034170627593994
H 1.6160000562667847 0.34200000762939453 -3.8940000534057617
