N -1.815999984741211 0.1420000046491623 -1.1660000085830688
C -0.3919999897480011 0.49900001287460327 -1.2139999866485596
C 0.20600000023841858 0.0020000000949949026 -2.503999948501587
O -0.23600000143051147 -0.9890000224113464 -3.0329999923706055
C 0.33399996161460876 -0.14499996602535248 -0.03199993073940277
C -0.3640125095844269 -1.45083749294281 0.3468305766582489
S 0.497497022151947 -2.213425636291504 1.748901128768921
C -0.5180420279502869 -3.6990370750427246 1.9736170768737793
O 1.2319999933242798 0.6610000133514404 -3.065999984741211
H -1.8650000095367432 -0.8640000224113464 -1.2200000286102295
H -2.1489999294281006 0.39899998903274536 -0.24799999594688416
H -0.28700000047683716 1.5820000171661377 -1.1579999923706055
H 0.3173335790634155 0.5362548828125 0.8187968730926514
H 1.3678555488586426 -0.3525664806365967 -0.3099847733974457
H -0.3463733494281769 -2.1322696208953857 -0.5041154623031616
H -1.396895408630371 -1.2434481382369995 0.624666154384613
H -0.12505245208740234 -4.287271022796631 2.8016629219055176
H -1.544837236404419 -3.40728497505188 2.190905809402466
H -0.49431517720222473 -4.296105861663818 1.0621238946914673
H 1.6160000562667847 0.34200000762939453 -3.8940000534057617
