N -1.815999984741211 0.1420000046491623 -1.1660000085830688
C -0.3919999897480011 0.49900001287460327 -1.2139999866485596
C 0.20600000023841858 0.0020000000949949026 -2.503999948501587
O -0.23600000143051147 -0.9890000224113464 -3.0329999923706055
C 0.33399996161460876 -0.14499999582767487 -0.031999945640563965
C 0.3546319901943207 0.8275913596153259 1.146807074546814
S 1.2161989212036133 0.06302203238010406 2.547762870788574
C 1.0912301540374756 1.4020274877548218 3.7644410133361816
O 1.2319999933242798 0.6610000133514404 -3.065999984741211
H -1.8650000095367432 -0.8640000224113464 -1.2200000286102295
H -2.1489999294281006 0.39899998903274536 -0.24799999594688416
H -0.28700000047683716 1.5820000171661377 -1.1579999923706055
H 1.3566457033157349 -0.38628923892974854 -0.3222004771232605
H -0.18529607355594635 -1.0586159229278564 0.2592979073524475
H -0.6683928966522217 1.0680056810379028 1.437308669090271
H 0.8735488653182983 1.7403323650360107 0.8558101058006287
H 1.573306918144226 1.0974582433700562 4.692319869995117
H 1.5829064846038818 2.2928695678710938 3.3754723072052
H 0.04096469655632973 1.6205428838729858 3.95697021484375
H 1.6160000562667847 0.34200000762939453 -3.8940000534057617
