N -1.815999984741211 0.1420000046491623 -1.1660000085830688
C -0.3919999897480011 0.49900001287460327 -1.2139999866485596
C 0.20600000023841858 0.0020000000949949026 -2.503999948501587
O -0.23600000143051147 -0.9890000224113464 -3.0329999923706055
C 0.3339999318122864 -0.14499998092651367 -0.031999919563531876
C 1.2501827478408813 -1.2580592632293701 -0.5395961403846741
S 2.1102569103240967 -2.021338939666748 0.8629791140556335
C 3.095886468887329 -3.2676913738250732 -0.011091144755482674
O 1.2319999933242798 0.6610000133514404 -3.065999984741211
H -1.8650000095367432 -0.8640000224113464 -1.2200000286102295
H -2.1489999294281006 0.39899998903274536 -0.24799999594688416
H -0.28700000047683716 1.5820000171661377 -1.1579999923706055
H -0.39793097972869873 -0.5633666515350342 0.659004807472229
H 0.9293202757835388 0.6093831062316895 0.48347723484039307
H 1.9826446771621704 -0.8390596508979797 -1.2300373315811157
H 0.6553931832313538 -2.0118093490600586 -1.0545098781585693
H 3.6898610591888428 -3.8316290378570557 0.706744372844696
H 2.4318928718566895 -3.946213960647583 -0.5452837347984314
H 3.7591440677642822 -2.7734639644622803 -0.7208113670349121
H 1.6160000562667847 0.34200000762939453 -3.8940000534057617
