N -1.815999984741211 0.1420000046491623 -1.1660000085830688
C -0.3919999897480011 0.49900001287460327 -1.2139999866485596
C 0.20600000023841858 0.0020000000949949026 -2.503999948501587
O -0.23600000143051147 -0.9890000224113464 -3.0329999923706055
C 0.33399996161460876 -0.14499996602535248 -0.03199993818998337
C -0.6138241291046143 -1.1019713878631592 0.6903440952301025
S 0.24802780151367188 -1.864741563796997 2.0921051502227783
C -1.0772719383239746 -2.9179182052612305 2.742687702178955
O 1.2319999933242798 0.6610000133514404 -3.065999984741211
H -1.8650000095367432 -0.8640000224113464 -1.2200000286102295
H -2.1489999294281006 0.39899998903274536 -0.24799999594688416
H -0.28700000047683716 1.5820000171661377 -1.1579999923706055
H 0.6625341773033142 0.6316467523574829 0.6587433815002441
H 1.2011877298355103 -0.6973522901535034 -0.3954680562019348
H -0.9415166974067688 -1.879103660583496 -0.0006358433747664094
H -1.4801703691482544 -0.5501043796539307 1.0535755157470703
H -0.7154543995857239 -3.4627864360809326 3.613507032394409
H -1.9258452653884888 -2.2979254722595215 3.029348373413086
H -1.3871915340423584 -3.6269242763519287 1.9751367568969727
H 1.6160000562667847 0.34200000762939453 -3.8940000534057617
