N -1.815999984741211 0.1420000046491623 -1.1660000085830688
C -0.3919999897480011 0.49900001287460327 -1.2139999866485596
C 0.20600000023841858 0.0020000000949949026 -2.503999948501587
O -0.23600000143051147 -0.9890000224113464 -3.0329999923706055
C 0.33399996161460876 -0.14499996602535248 -0.03199992701411247
C 0.06293262541294098 -1.6491259336471558 -0.023440027609467506
S 0.9239833950996399 -2.4117066860198975 1.3789162635803223
C 0.43778204917907715 -4.143056392669678 1.144618272781372
O 1.2319999933242798 0.6610000133514404 -3.065999984741211
H -1.8650000095367432 -0.8640000224113464 -1.2200000286102295
H -2.1489999294281006 0.39899998903274536 -0.24799999594688416
H -0.28700000047683716 1.5820000171661377 -1.1579999923706055
H -0.026212317869067192 0.2946380376815796 0.8981649279594421
H 1.4062469005584717 0.03082350827753544 -0.1246793195605278
H 0.42413216829299927 -2.088606595993042 -0.9535807371139526
H -1.0083271265029907 -1.8247920274734497 0.0692635104060173
H 0.8839755654335022 -4.755883693695068 1.9265859127044678
H -0.6473260521888733 -4.225157260894775 1.1940337419509888
H 0.7851331830024719 -4.48897123336792 0.1711893230676651
H 1.6160000562667847 0.34200000762939453 -3.8940000534057617
