N -1.815999984741211 0.1420000046491623 -1.1660000085830688
C -0.3919999897480011 0.49900001287460327 -1.2139999866485596
C 0.20600000023841858 0.0020000000949949026 -2.503999948501587
O -0.23600000143051147 -0.9890000224113464 -3.0329999923706055
C 0.33399996161460876 -0.14499996602535248 -0.03199992701411247
C 0.18688467144966125 -1.6643891334533691 -0.10788902640342712
S 1.0478156805038452 -2.4270002841949463 1.2945244312286377
C 0.7152864336967468 -4.177249908447266 0.9555415511131287
O 1.2319999933242798 0.6610000133514404 -3.065999984741211
H -1.8650000095367432 -0.8640000224113464 -1.2200000286102295
H -2.1489999294281006 0.39899998903274536 -0.24799999594688416
H -0.28700000047683716 1.5820000171661377 -1.1579999923706055
H -0.09975498914718628 0.2161369025707245 0.9005653262138367
H 1.39119291305542 0.12024488300085068 -0.06671272218227386
H 0.6216087937355042 -2.025292158126831 -1.0403772592544556
H -0.8693392872810364 -1.9293999671936035 -0.07309918105602264
H 1.1769187450408936 -4.791953086853027 1.7270044088363647
H -0.3605700135231018 -4.347995281219482 0.9509773254394531
H 1.1303778886795044 -4.443887233734131 -0.016300855204463005
H 1.6160000562667847 0.34200000762939453 -3.8940000534057617
