N -1.815999984741211 0.1420000046491623 -1.1660000085830688
C -0.3919999897480011 0.49900001287460327 -1.2139999866485596
C 0.20600000023841858 0.0020000000949949026 -2.503999948501587
O -0.23600000143051147 -0.9890000224113464 -3.0329999923706055
C 0.3339999318122864 -0.14499999582767487 -0.031999923288822174
C 1.8414562940597534 -0.12019297480583191 -0.2828099727630615
S 2.7013437747955322 -0.8845405578613281 1.1192982196807861
C 4.419820308685303 -0.7202157378196716 0.5636958479881287
O 1.2319999933242798 0.6610000133514404 -3.065999984741211
H -1.8650000095367432 -0.8640000224113464 -1.2200000286102295
H -2.1489999294281006 0.39899998903274536 -0.24799999594688416
H -0.28700000047683716 1.5820000171661377 -1.1579999923706055
H 0.0009567335364408791 -1.1769118309020996 0.07971923798322678
H 0.10772000998258591 0.4096137583255768 0.8792726993560791
H 2.1743063926696777 0.9121333956718445 -0.39363980293273926
H 2.0675430297851562 -0.6743923425674438 -1.1931934356689453
H 5.08722448348999 -1.1424450874328613 1.31363844871521
H 4.549217224121094 -1.2522770166397095 -0.3780096769332886
H 4.655980110168457 0.33424875140190125 0.42154374718666077
H 1.6160000562667847 0.34200000762939453 -3.8940000534057617
