N -1.815999984741211 0.1420000046491623 -1.1660000085830688
C -0.3919999897480011 0.49900001287460327 -1.2139999866485596
C 0.20600000023841858 0.0020000000949949026 -2.503999948501587
O -0.23600000143051147 -0.9890000224113464 -3.0329999923706055
C 0.3339999318122864 -0.14499999582767487 -0.03199992701411247
C 1.73399817943573 0.45456546545028687 0.09634317457675934
S 2.594167947769165 -0.31018444895744324 1.498058795928955
C 4.179329872131348 0.5666308403015137 1.4125328063964844
O 1.2319999933242798 0.6610000133514404 -3.065999984741211
H -1.8650000095367432 -0.8640000224113464 -1.2200000286102295
H -2.1489999294281006 0.39899998903274536 -0.24799999594688416
H -0.28700000047683716 1.5820000171661377 -1.1579999923706055
H 0.412433385848999 -1.2197452783584595 -0.19635245203971863
H -0.2269914299249649 0.041593797504901886 0.8843451738357544
H 1.6550912857055664 1.5293877124786377 0.2615732252597809
H 2.294516086578369 0.2680485248565674 -0.8191245794296265
H 4.833249092102051 0.2159041464328766 2.2097153663635254
H 4.648221492767334 0.3754732012748718 0.4480426609516144
H 4.008796691894531 1.6368123292922974 1.5287401676177979
H 1.6160000562667847 0.34200000762939453 -3.8940000534057617
