N -1.815999984741211 0.1420000046491623 -1.1660000085830688
C -0.3919999897480011 0.49900001287460327 -1.2139999866485596
C 0.20600000023841858 0.0020000000949949026 -2.503999948501587
O -0.23600000143051147 -0.9890000224113464 -3.0329999923706055
C 0.3339999318122864 -0.14499998092651367 -0.031999919563531876
C 1.664365291595459 -0.7293490171432495 -0.5059304237365723
S 2.524223566055298 -1.4931719303131104 0.8964815735816956
C 4.023250102996826 -2.0840282440185547 0.06421592831611633
O 1.2319999933242798 0.6610000133514404 -3.065999984741211
H -1.8650000095367432 -0.8640000224113464 -1.2200000286102295
H -2.1489999294281006 0.39899998903274536 -0.24799999594688416
H -0.28700000047683716 1.5820000171661377 -1.1579999923706055
H -0.28469040989875793 -0.9401560425758362 0.3841613531112671
H 0.519993007183075 0.6082764863967896 0.7342885136604309
H 2.2832207679748535 0.06641649454832077 -0.9213162064552307
H 1.4785370826721191 -1.4820160865783691 -1.271443486213684
H 4.6687092781066895 -2.582094669342041 0.7863182425498962
H 3.748940944671631 -2.7861487865448 -0.7221830487251282
H 4.553624153137207 -1.2377160787582397 -0.37205588817596436
H 1.6160000562667847 0.34200000762939453 -3.8940000534057617
