N -1.815999984741211 0.1420000046491623 -1.1660000085830688
C -0.3919999897480011 0.49900001287460327 -1.2139999866485596
C 0.20600000023841858 0.0020000000949949026 -2.503999948501587
O -0.23600000143051147 -0.9890000224113464 -3.0329999923706055
C 0.3339999318122864 -0.14499999582767487 -0.03199993073940277
C 1.724791407585144 0.4722619354724884 0.11163978278636932
S 2.584975242614746 -0.2924984097480774 1.5133410692214966
C 4.15872049331665 0.6062530875205994 1.4467791318893433
O 1.2319999933242798 0.6610000133514404 -3.065999984741211
H -1.8650000095367432 -0.8640000224113464 -1.2200000286102295
H -2.1489999294281006 0.39899998903274536 -0.24799999594688416
H -0.28700000047683716 1.5820000171661377 -1.1579999923706055
H 0.4281522035598755 -1.217185378074646 -0.2046123743057251
H -0.23613086342811584 0.02638339437544346 0.8816714882850647
H 1.6301584243774414 1.5445104837417603 0.28512680530548096
H 2.2944414615631104 0.30094170570373535 -0.8011572360992432
H 4.811490058898926 0.2577267587184906 2.2458667755126953
H 4.637175559997559 0.42946815490722656 0.48424601554870605
H 3.9728920459747314 1.673036813735962 1.570529818534851
H 1.6160000562667847 0.34200000762939453 -3.8940000534057617
