N -1.815999984741211 0.1420000046491623 -1.1660000085830688
C -0.3919999897480011 0.49900001287460327 -1.2139999866485596
C 0.20600000023841858 0.0020000000949949026 -2.503999948501587
O -0.23600000143051147 -0.9890000224113464 -3.0329999923706055
C 0.33399996161460876 -0.14499996602535248 -0.03199992701411247
C 0.0029849177226424217 -1.6361825466156006 0.020432693883776665
S 0.8640953302383423 -2.3987531661987305 1.4227579832077026
C 0.3035717010498047 -4.114067554473877 1.2428463697433472
O 1.2319999933242798 0.6610000133514404 -3.065999984741211
H -1.8650000095367432 -0.8640000224113464 -1.2200000286102295
H -2.1489999294281006 0.39899998903274536 -0.24799999594688416
H -0.28700000047683716 1.5820000171661377 -1.1579999923706055
H 0.012799493037164211 0.33150574564933777 0.8942903280258179
H 1.4100831747055054 -0.015301075764000416 -0.15216611325740814
H 0.32517847418785095 -2.1125707626342773 -0.9058586955070496
H -1.0721054077148438 -1.7657638788223267 0.14059777557849884
H 0.7422975301742554 -4.725295543670654 2.0302720069885254
H -0.7825689911842346 -4.150681495666504 1.3176790475845337
H 0.6147148013114929 -4.497488021850586 0.27122247219085693
H 1.6160000562667847 0.34200000762939453 -3.8940000534057617
