N -1.815999984741211 0.1420000046491623 -1.1660000085830688
C -0.3919999897480011 0.49900001287460327 -1.2139999866485596
C 0.20600000023841858 0.0020000000949949026 -2.503999948501587
O -0.23600000143051147 -0.9890000224113464 -3.0329999923706055
C 0.33399996161460876 -0.14499996602535248 -0.03199993073940277
C -0.20216746628284454 -1.5591766834259033 0.18839578330516815
S 0.6591575741767883 -2.3217368125915527 1.5905948877334595
C -0.15571635961532593 -3.941624879837036 1.6189005374908447
O 1.2319999933242798 0.6610000133514404 -3.065999984741211
H -1.8650000095367432 -0.8640000224113464 -1.2200000286102295
H -2.1489999294281006 0.39899998903274536 -0.24799999594688416
H -0.28700000047683716 1.5820000171661377 -1.1579999923706055
H 0.16656139492988586 0.45121434330940247 0.8650696873664856
H 1.4029531478881836 -0.19007079303264618 -0.24300816655158997
H -0.033733151853084564 -2.155425548553467 -0.7087594270706177
H -1.2701250314712524 -1.514140248298645 0.39931848645210266
H 0.25744757056236267 -4.543309688568115 2.4272265434265137
H -1.2251464128494263 -3.8071911334991455 1.7766629457473755
H 0.011245434172451496 -4.4484758377075195 0.6685848236083984
H 1.6160000562667847 0.34200000762939453 -3.8940000534057617
