N -1.815999984741211 0.1420000046491623 -1.1660000085830688
C -0.3919999897480011 0.49900001287460327 -1.2139999866485596
C 0.20600000023841858 0.0020000000949949026 -2.503999948501587
O -0.23600000143051147 -0.9890000224113464 -3.0329999923706055
C 0.33399996161460876 -0.14499996602535248 -0.03199993446469307
C -0.5310479402542114 -1.261077880859375 0.5528143644332886
S 0.33067670464515686 -2.023754596710205 1.9547045230865479
C -0.891975462436676 -3.274156093597412 2.434783697128296
O 1.2319999933242798 0.6610000133514404 -3.065999984741211
H -1.8650000095367432 -0.8640000224113464 -1.2200000286102295
H -2.1489999294281006 0.39899998903274536 -0.24799999594688416
H -0.28700000047683716 1.5820000171661377 -1.1579999923706055
H 0.5212083458900452 0.6086301207542419 0.7330071330070496
H 1.283359169960022 -0.5605976581573486 -0.37142953276634216
H -0.7173483371734619 -2.0150704383850098 -0.21240302920341492
H -1.4794992208480835 -0.8458424806594849 0.8920336365699768
H -0.5198211073875427 -3.8388078212738037 3.288475275039673
H -1.8265295028686523 -2.7833869457244873 2.7038490772247314
H -1.0643786191940308 -3.9526143074035645 1.5994120836257935
H 1.6160000562667847 0.34200000762939453 -3.8940000534057617
