N -1.815999984741211 0.1420000046491623 -1.1660000085830688
C -0.3919999897480011 0.49900001287460327 -1.2139999866485596
C 0.20600000023841858 0.0020000000949949026 -2.503999948501587
O -0.23600000143051147 -0.9890000224113464 -3.0329999923706055
C 0.33399996161460876 -0.14499998092651367 -0.031999945640563965
C -0.4097021818161011 0.17954793572425842 1.2631916999816895
S 0.45236751437187195 -0.5842690467834473 2.6642487049102783
C -0.6200799942016602 -0.04875338077545166 4.0251078605651855
O 1.2319999933242798 0.6610000133514404 -3.065999984741211
H -1.8650000095367432 -0.8640000224113464 -1.2200000286102295
H -2.1489999294281006 0.39899998903274536 -0.24799999594688416
H -0.28700000047683716 1.5820000171661377 -1.1579999923706055
H 1.3505595922470093 0.24433794617652893 0.025128096342086792
H 0.36716511845588684 -1.2260740995407104 -0.1712687462568283
H -1.4261385202407837 -0.21077987551689148 1.205993413925171
H -0.4427439272403717 1.2596322298049927 1.4023901224136353
H -0.2330717295408249 -0.4341103434562683 4.967362880706787
H -0.6447597146034241 1.0397076606750488 4.060962200164795
H -1.6281541585922241 -0.43070435523986816 3.864565134048462
H 1.6160000562667847 0.34200000762939453 -3.8940000534057617
