N -1.815999984741211 0.1420000046491623 -1.1660000085830688
C -0.3919999897480011 0.49900001287460327 -1.2139999866485596
C 0.20600000023841858 0.0020000000949949026 -2.503999948501587
O -0.23600000143051147 -0.9890000224113464 -3.0329999923706055
C 0.33399996161460876 -0.14499999582767487 -0.031999941915273666
C 0.6631659865379333 0.9238250851631165 1.0097334384918213
S 1.524477481842041 0.15907824039459229 2.4107494354248047
C 1.7819982767105103 1.6174346208572388 3.457524538040161
O 1.2319999933242798 0.6610000133514404 -3.065999984741211
H -1.8650000095367432 -0.8640000224113464 -1.2200000286102295
H -2.1489999294281006 0.39899998903274536 -0.24799999594688416
H -0.28700000047683716 1.5820000171661377 -1.1579999923706055
H 1.2567059993743896 -0.6081961393356323 -0.38171979784965515
H -0.3058958053588867 -0.9054735898971558 0.4168097972869873
H -0.26003503799438477 1.3862724304199219 1.3598941564559937
H 1.3025668859481812 1.6835498809814453 0.5613643527030945
H 2.3024802207946777 1.3248993158340454 4.36837100982666
H 2.379772663116455 2.3507466316223145 2.917560338973999
H 0.8171707391738892 2.053468942642212 3.7160894870758057
H 1.6160000562667847 0.34200000762939453 -3.8940000534057617
