N -1.815999984741211 0.1420000046491623 -1.1660000085830688
C -0.3919999897480011 0.49900001287460327 -1.2139999866485596
C 0.20600000023841858 0.0020000000949949026 -2.503999948501587
O -0.23600000143051147 -0.9890000224113464 -3.0329999923706055
C 0.33399996161460876 -0.14499998092651367 -0.031999945640563965
C -0.5909600853919983 -0.16927075386047363 1.1844725608825684
S 0.2711668312549591 -0.9327604174613953 2.585672616958618
C -1.025938630104065 -0.8296949863433838 3.8489038944244385
O 1.2319999933242798 0.6610000133514404 -3.065999984741211
H -1.8650000095367432 -0.8640000224113464 -1.2200000286102295
H -2.1489999294281006 0.39899998903274536 -0.24799999594688416
H -0.28700000047683716 1.5820000171661377 -1.1579999923706055
H 1.2282785177230835 0.43242335319519043 0.2027110457420349
H 0.6190308332443237 -1.1648337841033936 -0.29260188341140747
H -1.4848933219909668 -0.7476170659065247 0.9495914578437805
H -0.875645637512207 0.8496401906013489 1.4449043273925781
H -0.6614405512809753 -1.258493423461914 4.78131628036499
H -1.2938363552093506 0.21386756002902985 4.009683609008789
H -1.9030839204788208 -1.3833894729614258 3.5143702030181885
H 1.6160000562667847 0.34200000762939453 -3.8940000534057617
