N -1.815999984741211 0.1420000046491623 -1.1660000085830688
C -0.3919999897480011 0.49900001287460327 -1.2139999866485596
C 0.20600000023841858 0.0020000000949949026 -2.503999948501587
O -0.23600000143051147 -0.9890000224113464 -3.0329999923706055
C 0.33399996161460876 -0.14499998092651367 -0.031999945640563965
C -0.22260110080242157 0.415088027715683 1.2766032218933105
S 0.6393699645996094 -0.34897178411483765 2.67758846282959
C -0.20115706324577332 0.4785673916339874 4.055104732513428
O 1.2319999933242798 0.6610000133514404 -3.065999984741211
H -1.8650000095367432 -0.8640000224113464 -1.2200000286102295
H -2.1489999294281006 0.39899998903274536 -0.24799999594688416
H -0.28700000047683716 1.5820000171661377 -1.1579999923706055
H 1.3996726274490356 0.07477980107069016 -0.09741969406604767
H 0.18429934978485107 -1.2248681783676147 -0.0582931824028492
H -1.2883139848709106 0.19430936872959137 1.3420482873916626
H -0.07294062525033951 1.4939574003219604 1.3029216527938843
H 0.20910921692848206 0.12255659699440002 4.999063491821289
H -0.05184297263622284 1.5548179149627686 3.9774372577667236
H -1.2672162055969238 0.2551698684692383 4.016563415527344
H 1.6160000562667847 0.34200000762939453 -3.8940000534057617
