N -1.815999984741211 0.1420000046491623 -1.1660000085830688
C -0.3919999897480011 0.49900001287460327 -1.2139999866485596
C 0.20600000023841858 0.0020000000949949026 -2.503999948501587
O -0.23600000143051147 -0.9890000224113464 -3.0329999923706055
C 0.3339999318122864 -0.14499998092651367 -0.031999923288822174
C 1.795846700668335 -0.3924266993999481 -0.4031195640563965
S 2.6556899547576904 -1.1565511226654053 0.9991373419761658
C 4.317666530609131 -1.3297133445739746 0.29436206817626953
O 1.2319999933242798 0.6610000133514404 -3.065999984741211
H -1.8650000095367432 -0.8640000224113464 -1.2200000286102295
H -2.1489999294281006 0.39899998903274536 -0.24799999594688416
H -0.28700000047683716 1.5820000171661377 -1.1579999923706055
H -0.14403851330280304 -1.093157410621643 0.2144099324941635
H 0.2853362262248993 0.5204519033432007 0.830567479133606
H 2.2738449573516846 0.5562511086463928 -0.6486763954162598
H 1.8444701433181763 -1.0573582649230957 -1.2648340463638306
H 4.9794392585754395 -1.7858281135559082 1.0293012857437134
H 4.271704196929932 -1.9598140716552734 -0.5930513739585876
H 4.701078414916992 -0.34620460867881775 0.02310614101588726
H 1.6160000562667847 0.34200000762939453 -3.8940000534057617
