N -1.815999984741211 0.1420000046491623 -1.1660000085830688
C -0.3919999897480011 0.49900001287460327 -1.2139999866485596
C 0.20600000023841858 0.0020000000949949026 -2.503999948501587
O -0.23600000143051147 -0.9890000224113464 -3.0329999923706055
C 0.33399996161460876 -0.14499996602535248 -0.031999941915273666
C -0.6720431447029114 -0.4648819863796234 1.0732142925262451
S 0.19006510078907013 -1.228118658065796 2.4745635986328125
C -1.2075151205062866 -1.49152672290802 3.5998387336730957
O 1.2319999933242798 0.6610000133514404 -3.065999984741211
H -1.8650000095367432 -0.8640000224113464 -1.2200000286102295
H -2.1489999294281006 0.39899998903274536 -0.24799999594688416
H -0.28700000047683716 1.5820000171661377 -1.1579999923706055
H 1.087148904800415 0.5441229343414307 0.35025298595428467
H 0.8181386590003967 -1.0652329921722412 -0.3606300950050354
H -1.4246739149093628 -1.1548304557800293 0.6907380819320679
H -1.1556636095046997 0.45452558994293213 1.4016211032867432
H -0.8530616760253906 -1.9571263790130615 4.518369674682617
H -1.6705907583236694 -0.5336819291114807 3.833796739578247
H -1.939600944519043 -2.143037796020508 3.122913360595703
H 1.6160000562667847 0.34200000762939453 -3.8940000534057617
