N -1.815999984741211 0.1420000046491623 -1.1660000085830688
C -0.3919999897480011 0.49900001287460327 -1.2139999866485596
C 0.20600000023841858 0.0020000000949949026 -2.503999948501587
O -0.23600000143051147 -0.9890000224113464 -3.0329999923706055
C 0.33399996161460876 -0.14499999582767487 -0.031999941915273666
C 0.5747321844100952 0.9039472937583923 1.0532203912734985
S 1.4361193180084229 0.13924548029899597 2.454214334487915
C 1.5840075016021729 1.5729448795318604 3.5548932552337646
O 1.2319999933242798 0.6610000133514404 -3.065999984741211
H -1.8650000095367432 -0.8640000224113464 -1.2200000286102295
H -2.1489999294281006 0.39899998903274536 -0.24799999594688416
H -0.28700000047683716 1.5820000171661377 -1.1579999923706055
H 1.2901227474212646 -0.5461134910583496 -0.36841973662376404
H -0.27610084414482117 -0.9533543586730957 0.3724220097064972
H -0.38185644149780273 1.304272174835205 1.390041470527649
H 1.1843671798706055 1.7115130424499512 0.6491995453834534
H 2.093480110168457 1.2779191732406616 4.471144676208496
H 2.156140089035034 2.355032444000244 3.057253360748291
H 0.5899164080619812 1.947791337966919 3.7980947494506836
H 1.6160000562667847 0.34200000762939453 -3.8940000534057617
