N -1.815999984741211 0.1420000046491623 -1.1660000085830688
C -0.3919999897480011 0.49900001287460327 -1.2139999866485596
C 0.20600000023841858 0.0020000000949949026 -2.503999948501587
O -0.23600000143051147 -0.9890000224113464 -3.0329999923706055
C 0.33399996161460876 -0.14499998092651367 -0.031999945640563965
C -0.543506383895874 -0.05736222490668297 1.2162981033325195
S 0.31861209869384766 -0.8209532499313354 2.617448091506958
C -0.9196807742118835 -0.579150378704071 3.9201455116271973
O 1.2319999933242798 0.6610000133514404 -3.065999984741211
H -1.8650000095367432 -0.8640000224113464 -1.2200000286102295
H -2.1489999294281006 0.39899998903274536 -0.24799999594688416
H -0.28700000047683716 1.5820000171661377 -1.1579999923706055
H 1.2730402946472168 0.3791167140007019 0.14617420732975006
H 0.5403419733047485 -1.1915169954299927 -0.2588081955909729
H -1.482270359992981 -0.5824293494224548 1.0379811525344849
H -0.7495719790458679 0.9882045388221741 1.4429634809494019
H -0.5492931008338928 -0.9940139055252075 4.856532573699951
H -1.111162543296814 0.4858476221561432 4.045668601989746
H -1.8438608646392822 -1.084786057472229 3.640685558319092
H 1.6160000562667847 0.34200000762939453 -3.8940000534057617
