N -1.815999984741211 0.1420000046491623 -1.1660000085830688
C -0.3919999897480011 0.49900001287460327 -1.2139999866485596
C 0.20600000023841858 0.0020000000949949026 -2.503999948501587
O -0.23600000143051147 -0.9890000224113464 -3.0329999923706055
C 0.3339999318122864 -0.14499999582767487 -0.03199992701411247
C 1.8162891864776611 0.22446076571941376 -0.07957112044095993
S 2.676309585571289 -0.5401412844657898 1.3223167657852173
C 4.363529205322266 0.05143500119447708 1.0186961889266968
O 1.2319999933242798 0.6610000133514404 -3.065999984741211
H -1.8650000095367432 -0.8640000224113464 -1.2200000286102295
H -2.1489999294281006 0.39899998903274536 -0.24799999594688416
H -0.28700000047683716 1.5820000171661377 -1.1579999923706055
H 0.22739344835281372 -1.2284224033355713 -0.08742611110210419
H -0.1007537692785263 0.21475926041603088 0.9011556506156921
H 1.922526240348816 1.3081172704696655 -0.023245640099048615
H 2.250673294067383 -0.1350645124912262 -1.0118275880813599
H 5.027737617492676 -0.32791033387184143 1.7939666509628296
H 4.702427864074707 -0.3020137548446655 0.045627012848854065
H 4.3742804527282715 1.1411678791046143 1.0342086553573608
H 1.6160000562667847 0.34200000762939453 -3.8940000534057617
