N -1.815999984741211 0.1420000046491623 -1.1660000085830688
C -0.3919999897480011 0.49900001287460327 -1.2139999866485596
C 0.20600000023841858 0.0020000000949949026 -2.503999948501587
O -0.23600000143051147 -0.9890000224113464 -3.0329999923706055
C 0.33399996161460876 -0.14499996602535248 -0.03199992701411247
C -0.11203275620937347 -1.5998497009277344 0.11087364703416824
S 0.7491958141326904 -2.3624091148376465 1.5131323337554932
C 0.04607304930686951 -4.032702445983887 1.445336103439331
O 1.2319999933242798 0.6610000133514404 -3.065999984741211
H -1.8650000095367432 -0.8640000224113464 -1.2200000286102295
H -2.1489999294281006 0.39899998903274536 -0.24799999594688416
H -0.28700000047683716 1.5820000171661377 -1.1579999923706055
H 0.09476971626281738 0.39997053146362305 0.8812454342842102
H 1.4103219509124756 -0.10974625498056412 -0.20377019047737122
H 0.12819568812847137 -2.144784450531006 -0.8024206161499023
H -1.18735671043396 -1.6350675821304321 0.28259503841400146
H 0.4704689383506775 -4.639431476593018 2.2440149784088135
H -1.034932017326355 -3.9766359329223633 1.5675104856491089
H 0.2806202471256256 -4.486352443695068 0.4824947416782379
H 1.6160000562667847 0.34200000762939453 -3.8940000534057617
