N -1.815999984741211 0.1420000046491623 -1.1660000085830688
C -0.3919999897480011 0.49900001287460327 -1.2139999866485596
C 0.20600000023841858 0.0020000000949949026 -2.503999948501587
O -0.23600000143051147 -0.9890000224113464 -3.0329999923706055
C 0.3339999318122864 -0.14499999582767487 -0.031999923288822174
C 1.8442469835281372 -0.05331563949584961 -0.24808666110038757
S 2.704153299331665 -0.8177151679992676 1.1539816856384277
C 4.426078796386719 -0.5704842805862427 0.6414315104484558
O 1.2319999933242798 0.6610000133514404 -3.065999984741211
H -1.8650000095367432 -0.8640000224113464 -1.2200000286102295
H -2.1489999294281006 0.39899998903274536 -0.24799999594688416
H -0.28700000047683716 1.5820000171661377 -1.1579999923706055
H 0.04092694818973541 -1.1919538974761963 0.046973519027233124
H 0.06575004011392593 0.37685123085975647 0.8872008919715881
H 2.1370909214019775 0.9940220713615417 -0.32616549730300903
H 2.1122677326202393 -0.5747831463813782 -1.1663930416107178
H 5.093818187713623 -0.9843908548355103 1.395702600479126
H 4.597285270690918 -1.0729310512542725 -0.3098190426826477
H 4.622107982635498 0.49587416648864746 0.5304082632064819
H 1.6160000562667847 0.34200000762939453 -3.8940000534057617
