N -1.815999984741211 0.1420000046491623 -1.1660000085830688
C -0.3919999897480011 0.49900001287460327 -1.2139999866485596
C 0.20600000023841858 0.0020000000949949026 -2.503999948501587
O -0.23600000143051147 -0.9890000224113464 -3.0329999923706055
C 0.3339999318122864 -0.14499998092651367 -0.031999919563531876
C 1.6864291429519653 -0.6853887438774109 -0.4955310523509979
S 2.546280860900879 -1.449252724647522 0.9068626165390015
C 4.0726542472839355 -1.9856091737747192 0.08749402314424515
O 1.2319999933242798 0.6610000133514404 -3.065999984741211
H -1.8650000095367432 -0.8640000224113464 -1.2200000286102295
H -2.1489999294281006 0.39899998903274536 -0.24799999594688416
H -0.28700000047683716 1.5820000171661377 -1.1579999923706055
H -0.2688768208026886 -0.9633471369743347 0.3618129789829254
H 0.4884054362773895 0.6000460386276245 0.7492057085037231
H 2.289443254470825 0.13355900347232819 -0.8885562419891357
H 1.532160758972168 -1.429834246635437 -1.2759490013122559
H 4.720853328704834 -2.478200912475586 0.8108963370323181
H 3.8288791179656982 -2.6815590858459473 -0.7142974734306335
H 4.586161136627197 -1.1181656122207642 -0.3269047737121582
H 1.6160000562667847 0.34200000762939453 -3.8940000534057617
