N -1.815999984741211 0.1420000046491623 -1.1660000085830688
C -0.3919999897480011 0.49900001287460327 -1.2139999866485596
C 0.20600000023841858 0.0020000000949949026 -2.503999948501587
O -0.23600000143051147 -0.9890000224113464 -3.0329999923706055
C 0.33399996161460876 -0.14499999582767487 -0.031999941915273666
C 0.4202556014060974 0.8544155359268188 1.1211150884628296
S 1.2817702293395996 0.08980359137058258 2.5220797061920166
C 1.2381540536880493 1.4620734453201294 3.706913709640503
O 1.2319999933242798 0.6610000133514404 -3.065999984741211
H -1.8650000095367432 -0.8640000224113464 -1.2200000286102295
H -2.1489999294281006 0.39899998903274536 -0.24799999594688416
H -0.28700000047683716 1.5820000171661377 -1.1579999923706055
H 1.339324712753296 -0.43474283814430237 -0.3379611372947693
H -0.2148832380771637 -1.0293313264846802 0.2934260964393616
H -0.5854763388633728 1.1433072090148926 1.4274073839187622
H 0.968731701374054 1.7378957271575928 0.7960200309753418
H 1.7283982038497925 1.1608545780181885 4.631601810455322
H 1.7563303709030151 2.3223984241485596 3.285041570663452
H 0.20212224125862122 1.7278097867965698 3.916428565979004
H 1.6160000562667847 0.34200000762939453 -3.8940000534057617
