N -1.815999984741211 0.1420000046491623 -1.1660000085830688
C -0.3919999897480011 0.49900001287460327 -1.2139999866485596
C 0.20600000023841858 0.0020000000949949026 -2.503999948501587
O -0.23600000143051147 -0.9890000224113464 -3.0329999923706055
C 0.33399996161460876 -0.14499998092651367 -0.031999945640563965
C -0.27300000190734863 0.35899999737739563 1.2769999504089355
S 0.5889999866485596 -0.4050000309944153 2.677999973297119
C -0.3140000104904175 0.3529999852180481 4.056000709533691
O 1.2319999933242798 0.6610000133514404 -3.065999984741211
H -1.8650000095367432 -0.8640000224113464 -1.2200000286102295
H -2.1489999294281006 0.39899998903274536 -0.24799999594688416
H -0.28700000047683716 1.5820000171661377 -1.1579999923706055
H 1.3910000324249268 0.11900001764297485 -0.0679999589920044
H 0.2290000021457672 -1.2289998531341553 -0.08800005912780762
H -1.3300000429153442 0.09399998188018799 1.312999963760376
H -0.1679999977350235 1.4420000314712524 1.3329999446868896
H 0.09000000357627869 -0.009999990463256836 5.0
H -0.2070000022649765 1.4359999895095825 4.008000373840332
H -1.36899995803833 0.08799999952316284 3.987999677658081
H 1.6160000562667847 0.34200000762939453 -3.8940000534057617
