N -1.815999984741211 0.1420000046491623 -1.1660000085830688
C -0.3919999897480011 0.49900001287460327 -1.2139999866485596
C 0.20600000023841858 0.0020000000949949026 -2.503999948501587
O -0.23600000143051147 -0.9890000224113464 -3.0329999923706055
C 0.33399996161460876 -0.14499996602535248 -0.031999923288822174
C 0.5123690366744995 -1.6400578022003174 -0.2945491373538971
S 1.373005986213684 -2.402797222137451 1.107974886894226
C 1.4439923763275146 -4.122828006744385 0.5376119613647461
O 1.2319999933242798 0.6610000133514404 -3.065999984741211
H -1.8650000095367432 -0.8640000224113464 -1.2200000286102295
H -2.1489999294281006 0.39899998903274536 -0.24799999594688416
H -0.28700000047683716 1.5820000171661377 -1.1579999923706055
H -0.2529839873313904 -0.002718081697821617 0.8754397630691528
H 1.3117722272872925 0.32173341512680054 0.09184739738702774
H 1.1002408266067505 -1.7819353342056274 -1.2017689943313599
H -0.4645156264305115 -2.106386661529541 -0.4181765615940094
H 1.9461537599563599 -4.734441757202148 1.2858647108078003
H 0.4322921931743622 -4.496056079864502 0.38332170248031616
H 1.9970483779907227 -4.171604156494141 -0.4002707898616791
H 1.6160000562667847 0.34200000762939453 -3.8940000534057617
