N -1.815999984741211 0.1420000046491623 -1.1660000085830688
C -0.3919999897480011 0.49900001287460327 -1.2139999866485596
C 0.20600000023841858 0.0020000000949949026 -2.503999948501587
O -0.23600000143051147 -0.9890000224113464 -3.0329999923706055
C 0.3339999318122864 -0.14499999582767487 -0.03199993446469307
C 1.4398236274719238 0.7887607216835022 0.4591117203235626
S 2.3003721237182617 0.023854978382587433 1.8605097532272339
C 3.5207767486572266 1.3149104118347168 2.224716901779175
O 1.2319999933242798 0.6610000133514404 -3.065999984741211
H -1.8650000095367432 -0.8640000224113464 -1.2200000286102295
H -2.1489999294281006 0.39899998903274536 -0.24799999594688416
H -0.28700000047683716 1.5820000171661377 -1.1579999923706055
H 0.7714875936508179 -1.092281699180603 -0.34744107723236084
H -0.37580227851867676 -0.3247804641723633 0.7761316895484924
H 1.0017484426498413 1.7357933521270752 0.7753228545188904
H 2.149038314819336 0.9682921171188354 -0.34825003147125244
H 4.138001918792725 1.0057151317596436 3.0670652389526367
H 4.152119159698486 1.4742519855499268 1.3514131307601929
H 3.004828929901123 2.241753101348877 2.4749858379364014
H 1.6160000562667847 0.34200000762939453 -3.8940000534057617
