N -1.815999984741211 0.1420000046491623 -1.1660000085830688
C -0.3919999897480011 0.49900001287460327 -1.2139999866485596
C 0.20600000023841858 0.0020000000949949026 -2.503999948501587
O -0.23600000143051147 -0.9890000224113464 -3.0329999923706055
C 0.3339999318122864 -0.14499998092651367 -0.031999919563531876
C 1.5201281309127808 -0.9616872668266296 -0.5439251065254211
S 2.3800463676452637 -1.725284218788147 0.8585731983184814
C 3.7002928256988525 -2.604187488555908 -0.02082253247499466
O 1.2319999933242798 0.6610000133514404 -3.065999984741211
H -1.8650000095367432 -0.8640000224113464 -1.2200000286102295
H -2.1489999294281006 0.39899998903274536 -0.24799999594688416
H -0.28700000047683716 1.5820000171661377 -1.1579999923706055
H -0.35398414731025696 -0.799419105052948 0.5034014582633972
H 0.692401111125946 0.633606493473053 0.6421939730644226
H 2.208430290222168 -0.3066272735595703 -1.0786277055740356
H 1.1620447635650635 -1.7396528720855713 -1.2174203395843506
H 4.327831268310547 -3.1311936378479004 0.6965194940567017
H 3.260437250137329 -3.3207643032073975 -0.7134169936180115
H 4.306822299957275 -1.8877383470535278 -0.5746244788169861
H 1.6160000562667847 0.34200000762939453 -3.8940000534057617
