N -1.815999984741211 0.1420000046491623 -1.1660000085830688
C -0.3919999897480011 0.49900001287460327 -1.2139999866485596
C 0.20600000023841858 0.0020000000949949026 -2.503999948501587
O -0.23600000143051147 -0.9890000224113464 -3.0329999923706055
C 0.3339999318122864 -0.14499999582767487 -0.03199993446469307
C 1.3022042512893677 0.8640778064727783 0.5846750140190125
S 2.1629042625427246 0.09916102141141891 1.9859739542007446
C 3.2126832008361816 1.4835609197616577 2.5058393478393555
O 1.2319999933242798 0.6610000133514404 -3.065999984741211
H -1.8650000095367432 -0.8640000224113464 -1.2200000286102295
H -2.1489999294281006 0.39899998903274536 -0.24799999594688416
H -0.28700000047683716 1.5820000171661377 -1.1579999923706055
H 0.8892849087715149 -1.0166517496109009 -0.3785875737667084
H -0.39523845911026 -0.4542589783668518 0.7175246477127075
H 0.7463211417198181 1.7353671789169312 0.9319774508476257
H 2.0308444499969482 1.1729743480682373 -0.1641349345445633
H 3.8127567768096924 1.1837118864059448 3.3638148307800293
H 3.869878053665161 1.7687699794769287 1.6852343082427979
H 2.5853543281555176 2.331162452697754 2.781346321105957
H 1.6160000562667847 0.34200000762939453 -3.8940000534057617
