N -1.815999984741211 0.1420000046491623 -1.1660000085830688
C -0.3919999897480011 0.49900001287460327 -1.2139999866485596
C 0.20600000023841858 0.0020000000949949026 -2.503999948501587
O -0.23600000143051147 -0.9890000224113464 -3.0329999923706055
C 0.33399996161460876 -0.14499996602535248 -0.031999923288822174
C 0.2292197346687317 -1.666305661201477 -0.13493593037128448
S 1.0901108980178833 -2.428929567337036 1.2674949169158936
C 0.8100668787956238 -4.18154764175415 0.8949846029281616
O 1.2319999933242798 0.6610000133514404 -3.065999984741211
H -1.8650000095367432 -0.8640000224113464 -1.2200000286102295
H -2.1489999294281006 0.39899998903274536 -0.24799999594688416
H -0.28700000047683716 1.5820000171661377 -1.1579999923706055
H -0.12283162772655487 0.18867433071136475 0.8997765779495239
H 1.3840097188949585 0.14908073842525482 -0.04658978059887886
H 0.6870126128196716 -1.9997212886810303 -1.0666171312332153
H -0.8198289275169373 -1.960127592086792 -0.12025075405836105
H 1.276971697807312 -4.796481132507324 1.6630834341049194
H -0.26058951020240784 -4.381019115447998 0.8715754151344299
H 1.2462518215179443 -4.420612335205078 -0.0747910588979721
H 1.6160000562667847 0.34200000762939453 -3.8940000534057617
