N -1.815999984741211 0.1420000046491623 -1.1660000085830688
C -0.3919999897480011 0.49900001287460327 -1.2139999866485596
C 0.20600000023841858 0.0020000000949949026 -2.503999948501587
O -0.23600000143051147 -0.9890000224113464 -3.0329999923706055
C 0.33399996161460876 -0.14499996602535248 -0.031999941915273666
C -0.6589136719703674 -0.3965868353843689 1.1023598909378052
S 0.20320405066013336 -1.1598800420761108 2.5036725997924805
C -1.178110122680664 -1.3386225700378418 3.665085792541504
O 1.2319999933242798 0.6610000133514404 -3.065999984741211
H -1.8650000095367432 -0.8640000224113464 -1.2200000286102295
H -2.1489999294281006 0.39899998903274536 -0.24799999594688416
H -0.28700000047683716 1.5820000171661377 -1.1579999923706055
H 1.1226513385772705 0.5220018029212952 0.31639447808265686
H 0.7732465267181396 -1.0919290781021118 -0.34760186076164246
H -1.4470856189727783 -1.0644398927688599 0.7537519931793213
H -1.0976808071136475 0.5494912266731262 1.4177483320236206
H -0.822033703327179 -1.795721173286438 4.587251663208008
H -1.5969388484954834 -0.3572917580604553 3.8846631050109863
H -1.9463436603546143 -1.9712225198745728 3.2206664085388184
H 1.6160000562667847 0.34200000762939453 -3.8940000534057617
