N -1.815999984741211 0.1420000046491623 -1.1660000085830688
C -0.3919999897480011 0.49900001287460327 -1.2139999866485596
C 0.20600000023841858 0.0020000000949949026 -2.503999948501587
O -0.23600000143051147 -0.9890000224113464 -3.0329999923706055
C 0.3339999318122864 -0.14499998092651367 -0.031999919563531876
C 1.5052064657211304 -0.9818359613418579 -0.5457378029823303
S 2.3651320934295654 -1.7454125881195068 0.8567670583724976
C 3.6668825149536133 -2.6492960453033447 -0.024878405034542084
O 1.2319999933242798 0.6610000133514404 -3.065999984741211
H -1.8650000095367432 -0.8640000224113464 -1.2200000286102295
H -2.1489999294281006 0.39899998903274536 -0.24799999594688416
H -0.28700000047683716 1.5820000171661377 -1.1579999923706055
H -0.3587455749511719 -0.7856271266937256 0.51384037733078
H 0.7078297138214111 0.6342158913612366 0.6330495476722717
H 2.1982836723327637 -0.34056660532951355 -1.0908870697021484
H 1.1317081451416016 -1.7604095935821533 -1.2100962400436401
H 4.292566299438477 -3.178812265396118 0.6922351121902466
H 3.212306499481201 -3.3655402660369873 -0.7082502245903015
H 4.278881549835205 -1.9456970691680908 -0.5890411138534546
H 1.6160000562667847 0.34200000762939453 -3.8940000534057617
