N -1.815999984741211 0.1420000046491623 -1.1660000085830688
C -0.3919999897480011 0.49900001287460327 -1.2139999866485596
C 0.20600000023841858 0.0020000000949949026 -2.503999948501587
O -0.23600000143051147 -0.9890000224113464 -3.0329999923706055
C 0.3339999318122864 -0.14499999582767487 -0.03199993446469307
C 1.3900477886199951 0.8197141289710999 0.5065493583679199
S 2.250652313232422 0.054801568388938904 1.9079092741012573
C 3.4093422889709473 1.3842203617095947 2.3309240341186523
O 1.2319999933242798 0.6610000133514404 -3.065999984741211
H -1.8650000095367432 -0.8640000224113464 -1.2200000286102295
H -2.1489999294281006 0.39899998903274536 -0.24799999594688416
H -0.28700000047683716 1.5820000171661377 -1.1579999923706055
H 0.8163924813270569 -1.0656598806381226 -0.3605176508426666
H -0.38513097167015076 -0.37353208661079407 0.7552996873855591
H 0.9070619344711304 1.7400822639465332 0.8358173370361328
H 2.1085853576660156 1.0479544401168823 -0.2800001800060272
H 4.0203633308410645 1.0788674354553223 3.1791768074035645
H 4.052332401275635 1.5908327102661133 1.4762212038040161
H 2.850808620452881 2.2829604148864746 2.59203839302063
H 1.6160000562667847 0.34200000762939453 -3.8940000534057617
