N -1.815999984741211 0.1420000046491623 -1.1660000085830688
C -0.3919999897480011 0.49900001287460327 -1.2139999866485596
C 0.20600000023841858 0.0020000000949949026 -2.503999948501587
O -0.23600000143051147 -0.9890000224113464 -3.0329999923706055
C 0.3339999318122864 -0.14499999582767487 -0.031999923288822174
C 1.844177484512329 -0.00918699149042368 -0.2240009307861328
S 2.7040977478027344 -0.7736201882362366 1.1780405044555664
C 4.425930023193359 -0.4716844856739044 0.6953529119491577
O 1.2319999933242798 0.6610000133514404 -3.065999984741211
H -1.8650000095367432 -0.8640000224113464 -1.2200000286102295
H -2.1489999294281006 0.39899998903274536 -0.24799999594688416
H -0.28700000047683716 1.5820000171661377 -1.1579999923706055
H 0.06828917562961578 -1.20062255859375 0.02544425055384636
H 0.038434214890003204 0.35397616028785706 0.8915154337882996
H 2.109636068344116 1.0467979907989502 -0.2805478572845459
H 2.139490842819214 -0.5078007578849792 -1.146619200706482
H 5.093652725219727 -0.8800996541976929 1.45262610912323
H 4.624436378479004 -0.9533342719078064 -0.26133444905281067
H 4.594581127166748 0.6012645363807678 0.6047366857528687
H 1.6160000562667847 0.34200000762939453 -3.8940000534057617
