N -1.815999984741211 0.1420000046491623 -1.1660000085830688
C -0.3919999897480011 0.49900001287460327 -1.2139999866485596
C 0.20600000023841858 0.0020000000949949026 -2.503999948501587
O -0.23600000143051147 -0.9890000224113464 -3.0329999923706055
C 0.33399996161460876 -0.14499998092651367 -0.031999945640563965
C -0.5730262994766235 -0.12428486347198486 1.197967529296875
S 0.28909832239151 -0.8878148794174194 2.599147081375122
C -0.9857810735702515 -0.7289788722991943 3.879112720489502
O 1.2319999933242798 0.6610000133514404 -3.065999984741211
H -1.8650000095367432 -0.8640000224113464 -1.2200000286102295
H -2.1489999294281006 0.39899998903274536 -0.24799999594688416
H -0.28700000047683716 1.5820000171661377 -1.1579999923706055
H 1.246862769126892 0.41174575686454773 0.18003042042255402
H 0.5876246690750122 -1.1763112545013428 -0.27956515550613403
H -1.4855711460113525 -0.6819652318954468 0.9857774972915649
H -0.8263331055641174 0.9060918688774109 1.4453729391098022
H -0.6190575957298279 -1.152175784111023 4.8132100105285645
H -1.2231327295303345 0.3239510655403137 4.026234149932861
H -1.8823707103729248 -1.2641059160232544 3.566638469696045
H 1.6160000562667847 0.34200000762939453 -3.8940000534057617
