N -1.815999984741211 0.1420000046491623 -1.1660000085830688
C -0.3919999897480011 0.49900001287460327 -1.2139999866485596
C 0.20600000023841858 0.0020000000949949026 -2.503999948501587
O -0.23600000143051147 -0.9890000224113464 -3.0329999923706055
C 0.3339999318122864 -0.14499999582767487 -0.03199993818998337
C 0.9454531669616699 0.9449272751808167 0.8478461503982544
S 1.8065096139907837 0.18006908893585205 2.248958110809326
C 2.4139928817749023 1.664633870124817 3.0950610637664795
O 1.2319999933242798 0.6610000133514404 -3.065999984741211
H -1.8650000095367432 -0.8640000224113464 -1.2200000286102295
H -2.1489999294281006 0.39899998903274536 -0.24799999594688416
H -0.28700000047683716 1.5820000171661377 -1.1579999923706055
H 1.1238130331039429 -0.7980054616928101 -0.4035107493400574
H -0.37477609515190125 -0.730725884437561 0.5543263554573059
H 0.15507455170154572 1.5973316431045532 1.2199217081069946
H 1.6536637544631958 1.5300521850585938 0.262084424495697
H 2.9696249961853027 1.3747780323028564 3.9857776165008545
H 3.067409038543701 2.2223360538482666 2.4252419471740723
H 1.5688196420669556 2.2896153926849365 3.3830788135528564
H 1.6160000562667847 0.34200000762939453 -3.8940000534057617
