N -1.815999984741211 0.1420000046491623 -1.1660000085830688
C -0.3919999897480011 0.49900001287460327 -1.2139999866485596
C 0.20600000023841858 0.0020000000949949026 -2.503999948501587
O -0.23600000143051147 -0.9890000224113464 -3.0329999923706055
C 0.33399996161460876 -0.14499998092651367 -0.031999945640563965
C 0.07956825941801071 0.674852192401886 1.2325365543365479
S 0.9413416981697083 -0.0895078033208847 2.633479595184326
C 0.47538721561431885 1.060104489326477 3.956406831741333
O 1.2319999933242798 0.6610000133514404 -3.065999984741211
H -1.8650000095367432 -0.8640000224113464 -1.2200000286102295
H -2.1489999294281006 0.39899998903274536 -0.24799999594688416
H -0.28700000047683716 1.5820000171661377 -1.1579999923706055
H 1.404288649559021 -0.17523503303527832 -0.23647278547286987
H -0.036319050937891006 -1.160512089729309 0.11227724701166153
H -0.9909611344337463 0.704132080078125 1.4371817111968994
H 0.44964659214019775 1.6894091367721558 1.088431477546692
H 0.9232369065284729 0.7364761829376221 4.894924163818359
H 0.8310444951057434 2.0599071979522705 3.710348606109619
H -0.6095632314682007 1.0746300220489502 4.059098243713379
H 1.6160000562667847 0.34200000762939453 -3.8940000534057617
