N -1.815999984741211 0.1420000046491623 -1.1660000085830688
C -0.3919999897480011 0.49900001287460327 -1.2139999866485596
C 0.20600000023841858 0.0020000000949949026 -2.503999948501587
O -0.23600000143051147 -0.9890000224113464 -3.0329999923706055
C 0.33399996161460876 -0.14499998092651367 -0.031999945640563965
C -0.5536916851997375 -0.07958652824163437 1.2104452848434448
S 0.30842918157577515 -0.843157172203064 2.611604928970337
C -0.942487359046936 -0.628906786441803 3.9070444107055664
O 1.2319999933242798 0.6610000133514404 -3.065999984741211
H -1.8650000095367432 -0.8640000224113464 -1.2200000286102295
H -2.1489999294281006 0.39899998903274536 -0.24799999594688416
H -0.28700000047683716 1.5820000171661377 -1.1579999923706055
H 1.2645446062088013 0.39020371437072754 0.15743306279182434
H 0.5561195611953735 -1.1867185831069946 -0.265884667634964
H -1.4839460849761963 -0.6157355904579163 1.0208637714385986
H -0.7755210399627686 0.9611868858337402 1.4441814422607422
H -0.5733641386032104 -1.0465377569198608 4.842700481414795
H -1.1492596864700317 0.43233466148376465 4.039912223815918
H -1.85768461227417 -1.1445876359939575 3.616594076156616
H 1.6160000562667847 0.34200000762939453 -3.8940000534057617
