N -1.815999984741211 0.1420000046491623 -1.1660000085830688
C -0.3919999897480011 0.49900001287460327 -1.2139999866485596
C 0.20600000023841858 0.0020000000949949026 -2.503999948501587
O -0.23600000143051147 -0.9890000224113464 -3.0329999923706055
C 0.33399996161460876 -0.14499998092651367 -0.031999945640563965
C 0.05929224193096161 0.6607861518859863 1.2373266220092773
S 0.9210799932479858 -0.10355623811483383 2.638270378112793
C 0.42999061942100525 1.0286154747009277 3.9671335220336914
O 1.2319999933242798 0.6610000133514404 -3.065999984741211
H -1.8650000095367432 -0.8640000224113464 -1.2200000286102295
H -2.1489999294281006 0.39899998903274536 -0.24799999594688416
H -0.28700000047683716 1.5820000171661377 -1.1579999923706055
H 1.406062364578247 -0.15912309288978577 -0.22878381609916687
H -0.02359894849359989 -1.166571021080017 0.10116321593523026
H -1.012999176979065 0.6739495396614075 1.43427312374115
H 0.41666215658187866 1.681397557258606 1.1043260097503662
H 0.8753178119659424 0.7032328844070435 4.906244277954102
H 0.7738841772079468 2.035130023956299 3.7319576740264893
H -0.6557771563529968 1.0276819467544556 4.061904430389404
H 1.6160000562667847 0.34200000762939453 -3.8940000534057617
