N -1.815999984741211 0.1420000046491623 -1.1660000085830688
C -0.3919999897480011 0.49900001287460327 -1.2139999866485596
C 0.20600000023841858 0.0020000000949949026 -2.503999948501587
O -0.23600000143051147 -0.9890000224113464 -3.0329999923706055
C 0.33399996161460876 -0.14499996602535248 -0.031999923288822174
C 0.6229572892189026 -1.6123104095458984 -0.3473559617996216
S 1.4835004806518555 -2.375108242034912 1.0551937818527222
C 1.6915842294692993 -4.060722351074219 0.41937538981437683
O 1.2319999933242798 0.6610000133514404 -3.065999984741211
H -1.8650000095367432 -0.8640000224113464 -1.2200000286102295
H -2.1489999294281006 0.39899998903274536 -0.24799999594688416
H -0.28700000047683716 1.5820000171661377 -1.1579999923706055
H -0.29298272728919983 -0.08092430979013443 0.857397735118866
H 1.2727233171463013 0.38011422753334045 0.1476399451494217
H 1.250789761543274 -1.6759331226348877 -1.2364840507507324
H -0.31491637229919434 -2.1369717121124268 -0.526726245880127
H 2.207512378692627 -4.668862342834473 1.1610651016235352
H 0.7137381434440613 -4.493586540222168 0.2117995321750641
H 2.2794439792633057 -4.032547473907471 -0.49795833230018616
H 1.6160000562667847 0.34200000762939453 -3.8940000534057617
