N -1.815999984741211 0.1420000046491623 -1.1660000085830688
C -0.3919999897480011 0.49900001287460327 -1.2139999866485596
C 0.20600000023841858 0.0020000000949949026 -2.503999948501587
O -0.23600000143051147 -0.9890000224113464 -3.0329999923706055
C 0.33399996161460876 -0.14499996602535248 -0.03199993073940277
C -0.253445029258728 -1.5303705930709839 0.23558580875396729
S 0.6079367399215698 -2.292935371398926 1.6377475261688232
C -0.27051329612731934 -3.877122402191162 1.7245537042617798
O 1.2319999933242798 0.6610000133514404 -3.065999984741211
H -1.8650000095367432 -0.8640000224113464 -1.2200000286102295
H -2.1489999294281006 0.39899998903274536 -0.24799999594688416
H -0.28700000047683716 1.5820000171661377 -1.1579999923706055
H 0.2109130322933197 0.4792477488517761 0.8531020283699036
H 1.3952512741088867 -0.23869922757148743 -0.2647722363471985
H -0.1293666958808899 -2.154695510864258 -0.6496222615242004
H -1.3137050867080688 -1.4367482662200928 0.468252032995224
H 0.1362597644329071 -4.475232124328613 2.538752794265747
H -1.3298509120941162 -3.6954405307769775 1.9018598794937134
H -0.1455126404762268 -4.413387298583984 0.7839853763580322
H 1.6160000562667847 0.34200000762939453 -3.8940000534057617
