N -1.815999984741211 0.1420000046491623 -1.1660000085830688
C -0.3919999897480011 0.49900001287460327 -1.2139999866485596
C 0.20600000023841858 0.0020000000949949026 -2.503999948501587
O -0.23600000143051147 -0.9890000224113464 -3.0329999923706055
C 0.3339999318122864 -0.14499999582767487 -0.03199993073940277
C 1.5465435981750488 0.7044507265090942 0.3476274609565735
S 2.4069664478302 -0.06042670086026192 1.7491182088851929
C 3.759690999984741 1.1261308193206787 1.9751179218292236
O 1.2319999933242798 0.6610000133514404 -3.065999984741211
H -1.8650000095367432 -0.8640000224113464 -1.2200000286102295
H -2.1489999294281006 0.39899998903274536 -0.24799999594688416
H -0.28700000047683716 1.5820000171661377 -1.1579999923706055
H 0.6640983819961548 -1.1458152532577515 -0.3106483817100525
H -0.34468749165534973 -0.21097245812416077 0.8190276026725769
H 1.2158796787261963 1.7051173448562622 0.6270871758460999
H 2.224665403366089 0.7702745199203491 -0.5025889873504639
H 4.39022159576416 0.8064642548561096 2.803589105606079
H 4.354954242706299 1.1756844520568848 1.0641578435897827
H 3.346168041229248 2.1105270385742188 2.193833827972412
H 1.6160000562667847 0.34200000762939453 -3.8940000534057617
