N -1.815999984741211 0.1420000046491623 -1.1660000085830688
C -0.3919999897480011 0.49900001287460327 -1.2139999866485596
C 0.20600000023841858 0.0020000000949949026 -2.503999948501587
O -0.23600000143051147 -0.9890000224113464 -3.0329999923706055
C 0.33399996161460876 -0.14499996602535248 -0.031999941915273666
C -0.6891144514083862 -0.755132794380188 0.9255596995353699
S 0.17291739583015442 -1.5181422233581543 2.3270797729492188
C -1.2457799911499023 -2.1413676738739014 3.269282579421997
O 1.2319999933242798 0.6610000133514404 -3.065999984741211
H -1.8650000095367432 -0.8640000224113464 -1.2200000286102295
H -2.1489999294281006 0.39899998903274536 -0.24799999594688416
H -0.28700000047683716 1.5820000171661377 -1.1579999923706055
H 0.9162406921386719 0.6126676201820374 0.4925729036331177
H 1.0012708902359009 -0.9263039231300354 -0.3974182903766632
H -1.2706804275512695 -1.5134954452514648 0.40073853731155396
H -1.3557106256484985 0.025476252660155296 1.2907296419143677
H -0.8934004902839661 -2.643089532852173 4.169406890869141
H -1.89106023311615 -1.3087915182113647 3.5469019412994385
H -1.8060299158096313 -2.8477628231048584 2.6569104194641113
H 1.6160000562667847 0.34200000762939453 -3.8940000534057617
