N -1.815999984741211 0.1420000046491623 -1.1660000085830688
C -0.3919999897480011 0.49900001287460327 -1.2139999866485596
C 0.20600000023841858 0.0020000000949949026 -2.503999948501587
O -0.23600000143051147 -0.9890000224113464 -3.0329999923706055
C 0.33399996161460876 -0.14499996602535248 -0.031999919563531876
C 1.0328809022903442 -1.4226529598236084 -0.4958036243915558
S 1.8931043148040771 -2.1857337951660156 0.9067883491516113
C 2.6093602180480957 -3.636165142059326 0.08698060363531113
O 1.2319999933242798 0.6610000133514404 -3.065999984741211
H -1.8650000095367432 -0.8640000224113464 -1.2200000286102295
H -2.1489999294281006 0.39899998903274536 -0.24799999594688416
H -0.28700000047683716 1.5820000171661377 -1.1579999923706055
H -0.3874954283237457 -0.3879576623439789 0.7481648325920105
H 1.0742188692092896 0.5516106486320496 0.36300191283226013
H 1.7550398111343384 -1.1791045665740967 -1.275509238243103
H 0.2933252453804016 -2.1186728477478027 -0.890346348285675
H 3.1763033866882324 -4.220626354217529 0.8102374076843262
H 1.8107242584228516 -4.249265670776367 -0.3288682997226715
H 3.2724385261535645 -3.309697151184082 -0.7140312790870667
H 1.6160000562667847 0.34200000762939453 -3.8940000534057617
