N -1.815999984741211 0.1420000046491623 -1.1660000085830688
C -0.3919999897480011 0.49900001287460327 -1.2139999866485596
C 0.20600000023841858 0.0020000000949949026 -2.503999948501587
O -0.23600000143051147 -0.9890000224113464 -3.0329999923706055
C 0.33399996161460876 -0.14499996602535248 -0.03199992701411247
C -0.05539020895957947 -1.6197421550750732 0.06524486094713211
S 0.8057795763015747 -2.382305383682251 1.467537522315979
C 0.17288263142108917 -4.077249050140381 1.3431771993637085
O 1.2319999933242798 0.6610000133514404 -3.065999984741211
H -1.8650000095367432 -0.8640000224113464 -1.2200000286102295
H -2.1489999294281006 0.39899998903274536 -0.24799999594688416
H -0.28700000047683716 1.5820000171661377 -1.1579999923706055
H 0.053163714706897736 0.36664870381355286 0.888645350933075
H 1.411442756652832 -0.06220051273703575 -0.17855384945869446
H 0.22644276916980743 -2.1313138008117676 -0.8554258942604065
H -1.1318364143371582 -1.7024645805358887 0.21177330613136292
H 0.6043359041213989 -4.686442852020264 2.136178493499756
H -0.9118890762329102 -4.067765235900879 1.442285180091858
H 0.4463900029659271 -4.4966139793396 0.37508583068847656
H 1.6160000562667847 0.34200000762939453 -3.8940000534057617
