N -1.815999984741211 0.1420000046491623 -1.1660000085830688
C -0.3919999897480011 0.49900001287460327 -1.2139999866485596
C 0.20600000023841858 0.0020000000949949026 -2.503999948501587
O -0.23600000143051147 -0.9890000224113464 -3.0329999923706055
C 0.33399996161460876 -0.14499999582767487 -0.031999945640563965
C 0.33288389444351196 0.8179225325584412 1.1548970937728882
S 1.1944679021835327 0.053367920219898224 2.5558505058288574
C 1.0425385236740112 1.3803834915161133 3.78255558013916
O 1.2319999933242798 0.6610000133514404 -3.065999984741211
H -1.8650000095367432 -0.8640000224113464 -1.2200000286102295
H -2.1489999294281006 0.39899998903274536 -0.24799999594688416
H -0.28700000047683716 1.5820000171661377 -1.1579999923706055
H 1.361903429031372 -0.37007755041122437 -0.3165971338748932
H -0.17500817775726318 -1.0679179430007935 0.24791084229946136
H -0.6953891515731812 1.0421175956726074 1.4397852420806885
H 0.8415225744247437 1.7399580478668213 0.8752771615982056
H 1.5219086408615112 1.0746068954467773 4.71143913269043
H 1.524950385093689 2.280972957611084 3.404587745666504
H -0.011961301788687706 1.5831323862075806 3.969095468521118
H 1.6160000562667847 0.34200000762939453 -3.8940000534057617
