N -1.815999984741211 0.1420000046491623 -1.1660000085830688
C -0.3919999897480011 0.49900001287460327 -1.2139999866485596
C 0.20600000023841858 0.0020000000949949026 -2.503999948501587
O -0.23600000143051147 -0.9890000224113464 -3.0329999923706055
C 0.33399996161460876 -0.14499996602535248 -0.03199993446469307
C -0.4731161296367645 -1.340116024017334 0.4741688668727875
S 0.3885296881198883 -2.1027519702911377 1.8761296272277832
C -0.7622886300086975 -3.451124429702759 2.258708953857422
O 1.2319999933242798 0.6610000133514404 -3.065999984741211
H -1.8650000095367432 -0.8640000224113464 -1.2200000286102295
H -2.1489999294281006 0.39899998903274536 -0.24799999594688416
H -0.28700000047683716 1.5820000171661377 -1.1579999923706055
H 0.44231030344963074 0.5861403346061707 0.7692140340805054
H 1.3208550214767456 -0.48160576820373535 -0.3514220714569092
H -0.5804890394210815 -2.0715482234954834 -0.32723507285118103
H -1.4590338468551636 -1.003801941871643 0.7934010624885559
H -0.3829057514667511 -4.025600433349609 3.1026079654693604
H -1.7370188236236572 -3.035598039627075 2.511455774307251
H -0.8584740161895752 -4.103343963623047 1.3908194303512573
H 1.6160000562667847 0.34200000762939453 -3.8940000534057617
