N -1.815999984741211 0.1420000046491623 -1.1660000085830688
C -0.3919999897480011 0.49900001287460327 -1.2139999866485596
C 0.20600000023841858 0.0020000000949949026 -2.503999948501587
O -0.23600000143051147 -0.9890000224113464 -3.0329999923706055
C 0.3339999318122864 -0.14499998092651367 -0.031999919563531876
C 1.3412251472473145 -1.171927571296692 -0.5485876798629761
S 2.201242446899414 -1.9353036880493164 0.8539700508117676
C 3.29972767829895 -3.0748658180236816 -0.031234215945005417
O 1.2319999933242798 0.6610000133514404 -3.065999984741211
H -1.8650000095367432 -0.8640000224113464 -1.2200000286102295
H -2.1489999294281006 0.39899998903274536 -0.24799999594688416
H -0.28700000047683716 1.5820000171661377 -1.1579999923706055
H -0.3916693925857544 -0.6402484178543091 0.61327064037323
H 0.8579774498939514 0.6247040629386902 0.5356444120407104
H 2.0673608779907227 -0.6760368347167969 -1.1932499408721924
H 0.8177139163017273 -1.940989375114441 -1.1156237125396729
H 3.905024766921997 -3.628067970275879 0.6854960918426514
H 2.702772617340088 -3.7727229595184326 -0.6171368360519409
H 3.9524190425872803 -2.50777006149292 -0.6947631239891052
H 1.6160000562667847 0.34200000762939453 -3.8940000534057617
