N -1.815999984741211 0.1420000046491623 -1.1660000085830688
C -0.3919999897480011 0.49900001287460327 -1.2139999866485596
C 0.20600000023841858 0.0020000000949949026 -2.503999948501587
O -0.23600000143051147 -0.9890000224113464 -3.0329999923706055
C 0.33399996161460876 -0.14499996602535248 -0.031999919563531876
C 0.7770015001296997 -1.5575172901153564 -0.412118524312973
S 1.63741934299469 -2.320408821105957 0.9904571771621704
C 2.036470651626587 -3.9380710124969482 0.2743667960166931
O 1.2319999933242798 0.6610000133514404 -3.065999984741211
H -1.8650000095367432 -0.8640000224113464 -1.2200000286102295
H -2.1489999294281006 0.39899998903274536 -0.24799999594688416
H -0.28700000047683716 1.5820000171661377 -1.1579999923706055
H -0.3387031555175781 -0.19304965436458588 0.8243895173072815
H 1.2083327770233154 0.4530850052833557 0.22694678604602814
H 1.4504930973052979 -1.5089550018310547 -1.2681680917739868
H -0.09654296189546585 -2.1550896167755127 -0.670725405216217
H 2.5715725421905518 -4.539363384246826 1.0080106258392334
H 1.1157716512680054 -4.446414470672607 -0.009433655068278313
H 2.6628074645996094 -3.800279378890991 -0.6068764328956604
H 1.6160000562667847 0.34200000762939453 -3.8940000534057617
