N -1.815999984741211 0.1420000046491623 -1.1660000085830688
C -0.3919999897480011 0.49900001287460327 -1.2139999866485596
C 0.20600000023841858 0.0020000000949949026 -2.503999948501587
O -0.23600000143051147 -0.9890000224113464 -3.0329999923706055
C 0.33399996161460876 -0.14499996602535248 -0.031999923288822174
C 0.6450596451759338 -1.60560941696167 -0.35728058218955994
S 1.505584478378296 -2.368419885635376 1.0452736616134644
C 1.7410684823989868 -4.045722961425781 0.3971535861492157
O 1.2319999933242798 0.6610000133514404 -3.065999984741211
H -1.8650000095367432 -0.8640000224113464 -1.2200000286102295
H -2.1489999294281006 0.39899998903274536 -0.24799999594688416
H -0.28700000047683716 1.5820000171661377 -1.1579999923706055
H -0.300261527299881 -0.09678288549184799 0.8532280921936035
H 1.264203429222107 0.39118462800979614 0.1589045524597168
H 1.2801626920700073 -1.6533645391464233 -1.2422289848327637
H -0.28430232405662537 -2.141331911087036 -0.547905445098877
H 2.2597479820251465 -4.653025150299072 1.1376100778579712
H 0.7707035541534424 -4.489963054656982 0.1787848323583603
H 2.3351683616638184 -4.001995086669922 -0.51553875207901
H 1.6160000562667847 0.34200000762939453 -3.8940000534057617
