N -1.815999984741211 0.1420000046491623 -1.1660000085830688
C -0.3919999897480011 0.49900001287460327 -1.2139999866485596
C 0.20600000023841858 0.0020000000949949026 -2.503999948501587
O -0.23600000143051147 -0.9890000224113464 -3.0329999923706055
C 0.33399996161460876 -0.14499996602535248 -0.03199993073940277
C -0.2863743305206299 -1.5093796253204346 0.26724812388420105
S 0.5750446319580078 -2.271949291229248 1.6693843603134155
C -0.344232976436615 -3.830120325088501 1.79544198513031
O 1.2319999933242798 0.6610000133514404 -3.065999984741211
H -1.8650000095367432 -0.8640000224113464 -1.2200000286102295
H -2.1489999294281006 0.39899998903274536 -0.24799999594688416
H -0.28700000047683716 1.5820000171661377 -1.1579999923706055
H 0.24093803763389587 0.49675801396369934 0.8442005515098572
H 1.3887617588043213 -0.2712167203426361 -0.27850306034088135
H -0.192325159907341 -2.151243209838867 -0.6090714931488037
H -1.34014892578125 -1.3832683563232422 0.5136321783065796
H 0.05843555927276611 -4.425624370574951 2.613581895828247
H -1.3955471515655518 -3.61692476272583 1.9849897623062134
H -0.24772334098815918 -4.384899139404297 0.8622859716415405
H 1.6160000562667847 0.34200000762939453 -3.8940000534057617
