N -1.815999984741211 0.1420000046491623 -1.1660000085830688
C -0.3919999897480011 0.49900001287460327 -1.2139999866485596
C 0.20600000023841858 0.0020000000949949026 -2.503999948501587
O -0.23600000143051147 -0.9890000224113464 -3.0329999923706055
C 0.33399996161460876 -0.14499996602535248 -0.03199993446469307
C -0.4605557918548584 -1.3550471067428589 0.4583190977573395
S 0.4010736644268036 -2.11767578125 1.8602938652038574
C -0.7341705560684204 -3.484555721282959 2.223223924636841
O 1.2319999933242798 0.6610000133514404 -3.065999984741211
H -1.8650000095367432 -0.8640000224113464 -1.2200000286102295
H -2.1489999294281006 0.39899998903274536 -0.24799999594688416
H -0.28700000047683716 1.5820000171661377 -1.1579999923706055
H 0.4265698790550232 0.5808287262916565 0.7759880423545837
H 1.3276187181472778 -0.4656202793121338 -0.3468669056892395
H -0.5521830320358276 -2.081153392791748 -0.34985432028770447
H -1.453231930732727 -1.0347042083740234 0.7730006575584412
H -0.3532208204269409 -4.060887336730957 3.0651493072509766
H -1.716246485710144 -3.084305763244629 2.4721593856811523
H -0.8151975274085999 -4.130754470825195 1.3493040800094604
H 1.6160000562667847 0.34200000762939453 -3.8940000534057617
