N -0.2930000126361847 1.6859999895095825 0.09399999678134918
C -0.4480000138282776 0.2919999957084656 -0.3400000035762787
C -1.8459999561309814 -0.17900000512599945 -0.03099999949336052
O -2.509999990463257 0.4020000100135803 0.7940000295639038
C 0.5619999766349792 -0.5879998803138733 0.4009999632835388
C -0.1708085685968399 -1.5234081745147705 1.32711923122406
O -1.381990671157837 -1.4891144037246704 1.3894546031951904
N 0.5188198089599609 -2.3968544006347656 2.087094306945801
O -2.3529999256134033 -1.2430000305175781 -0.6729999780654907
H -0.9039999842643738 2.296999931335449 -0.4269999861717224
H -0.453000009059906 1.7760000228881836 1.0859999656677246
H -0.27000001072883606 0.22300000488758087 -1.4129999876022339
H 1.1361119747161865 -1.1682276725769043 -0.32185906171798706
H 1.2366762161254883 0.04195443168282509 0.9797472357749939
H 1.4872910976409912 -2.423712968826294 2.0371744632720947
H 0.04788358509540558 -2.9990620613098145 2.6834559440612793
H -3.253999948501587 -1.5080000162124634 -0.4410000145435333
