N -0.2930000126361847 1.6859999895095825 0.09399999678134918
C -0.4480000138282776 0.2919999957084656 -0.3400000035762787
C -1.8459999561309814 -0.17900000512599945 -0.03099999949336052
O -2.509999990463257 0.4020000100135803 0.7940000295639038
C 0.5619999766349792 -0.5879998803138733 0.4009999632835388
C -0.14525364339351654 -1.3643767833709717 1.481150507926941
O -1.3397276401519775 -1.226779818534851 1.643393635749817
N 0.5488486886024475 -2.2102293968200684 2.2677972316741943
O -2.3529999256134033 -1.2430000305175781 -0.6729999780654907
H -0.9039999842643738 2.296999931335449 -0.4269999861717224
H -0.453000009059906 1.7760000228881836 1.0859999656677246
H -0.27000001072883606 0.22300000488758087 -1.4129999876022339
H 1.023050308227539 -1.2817256450653076 -0.3025418817996979
H 1.3310627937316895 0.040273599326610565 0.8490999937057495
H 1.5039929151535034 -2.3197021484375 2.1379311084747314
H 0.09437130391597748 -2.7101080417633057 2.963249444961548
H -3.253999948501587 -1.5080000162124634 -0.4410000145435333
