N -0.2930000126361847 1.6859999895095825 0.09399999678134918
C -0.4480000138282776 0.2919999957084656 -0.3400000035762787
C -1.8459999561309814 -0.17900000512599945 -0.03099999949336052
O -2.509999990463257 0.4020000100135803 0.7940000295639038
C 0.5619999766349792 -0.5879999399185181 0.40099993348121643
C 0.16940483450889587 -0.691098153591156 1.8518389463424683
O -0.8204147219657898 -0.11635890603065491 2.2542765140533447
N 0.9181997776031494 -1.4202046394348145 2.7025842666625977
O -2.3529999256134033 -1.2430000305175781 -0.6729999780654907
H -0.9039999842643738 2.296999931335449 -0.4269999861717224
H -0.453000009059906 1.7760000228881836 1.0859999656677246
H -0.27000001072883606 0.22300000488758087 -1.4129999876022339
H 0.5711866617202759 -1.5830906629562378 -0.04453777149319649
H 1.55463445186615 -0.14566963911056519 0.32354339957237244
H 1.7097599506378174 -1.8793376684188843 2.3804361820220947
H 0.6662266850471497 -1.4868906736373901 3.6364712715148926
H -3.253999948501587 -1.5080000162124634 -0.4410000145435333
