N -0.2930000126361847 1.6859999895095825 0.09399999678134918
C -0.4480000138282776 0.2919999957084656 -0.3400000035762787
C -1.8459999561309814 -0.17900000512599945 -0.03099999949336052
O -2.509999990463257 0.4020000100135803 0.7940000295639038
C 0.5619999766349792 -0.5879999995231628 0.4009999632835388
C 1.3660372495651245 0.2607395350933075 1.3511890172958374
O 1.1531662940979004 1.452737808227539 1.4276748895645142
N 2.3223299980163574 -0.3035935163497925 2.114792585372925
O -2.3529999256134033 -1.2430000305175781 -0.6729999780654907
H -0.9039999842643738 2.296999931335449 -0.4269999861717224
H -0.453000009059906 1.7760000228881836 1.0859999656677246
H -0.27000001072883606 0.22300000488758087 -1.4129999876022339
H 0.029941663146018982 -1.3568520545959473 0.9618692398071289
H 1.2297662496566772 -1.0596857070922852 -0.3191247880458832
H 2.4924285411834717 -1.2566978931427002 2.0530781745910645
H 2.840280294418335 0.24203386902809143 2.7264299392700195
H -3.253999948501587 -1.5080000162124634 -0.4410000145435333
