N -0.2930000126361847 1.6859999895095825 0.09399999678134918
C -0.4480000138282776 0.2919999957084656 -0.3400000035762787
C -1.8459999561309814 -0.17900000512599945 -0.03099999949336052
O -2.509999990463257 0.4020000100135803 0.7940000295639038
C 0.5619999766349792 -0.5879998803138733 0.40099993348121643
C 0.10382251441478729 -0.7917923331260681 1.8216462135314941
O -0.928618848323822 -0.28241288661956787 2.2045581340789795
N 0.8412303924560547 -1.538352370262146 2.667184829711914
O -2.3529999256134033 -1.2430000305175781 -0.6729999780654907
H -0.9039999842643738 2.296999931335449 -0.4269999861717224
H -0.453000009059906 1.7760000228881836 1.0859999656677246
H -0.27000001072883606 0.22300000488758087 -1.4129999876022339
H 0.6363625526428223 -1.5540902614593506 -0.09893355518579483
H 1.5369890928268433 -0.10181746631860733 0.39967265725135803
H 1.6668695211410522 -1.9451996088027954 2.360679864883423
H 0.5470553636550903 -1.669823169708252 3.5816566944122314
H -3.253999948501587 -1.5080000162124634 -0.4410000145435333
