N -0.2930000126361847 1.6859999895095825 0.09399999678134918
C -0.4480000138282776 0.2919999957084656 -0.3400000035762787
C -1.8459999561309814 -0.17900000512599945 -0.03099999949336052
O -2.509999990463257 0.4020000100135803 0.7940000295639038
C 0.5619999766349792 -0.5879999399185181 0.4010000228881836
C 0.9814170002937317 -1.72954261302948 -0.488192617893219
O 0.5174134969711304 -1.8303228616714478 -1.6046907901763916
N 1.8704969882965088 -2.639188766479492 -0.04306493699550629
O -2.3529999256134033 -1.2430000305175781 -0.6729999780654907
H -0.9039999842643738 2.296999931335449 -0.4269999861717224
H -0.453000009059906 1.7760000228881836 1.0859999656677246
H -0.27000001072883606 0.22300000488758087 -1.4129999876022339
H 1.4365010261535645 0.0073549868538975716 0.6648073792457581
H 0.10376061499118805 -0.9825255274772644 1.3072808980941772
H 2.2410168647766113 -2.5584030151367188 0.8498732447624207
H 2.1407785415649414 -3.374201536178589 -0.6147173047065735
H -3.253999948501587 -1.5080000162124634 -0.4410000145435333
