N -0.2930000126361847 1.6859999895095825 0.09399999678134918
C -0.4480000138282776 0.2919999957084656 -0.3400000035762787
C -1.8459999561309814 -0.17900000512599945 -0.03099999949336052
O -2.509999990463257 0.4020000100135803 0.7940000295639038
C 0.5619999766349792 -0.5879998803138733 0.40099993348121643
C -0.11394181102514267 -1.2514317035675049 1.572603464126587
O -1.288012146949768 -1.0404813289642334 1.794149398803711
N 0.585617184638977 -2.0776917934417725 2.3750803470611572
O -2.3529999256134033 -1.2430000305175781 -0.6729999780654907
H -0.9039999842643738 2.296999931335449 -0.4269999861717224
H -0.453000009059906 1.7760000228881836 1.0859999656677246
H -0.27000001072883606 0.22300000488758087 -1.4129999876022339
H 0.9444615840911865 -1.350912094116211 -0.2775883674621582
H 1.3868749141693115 0.0276794470846653 0.7580702304840088
H 1.524464726448059 -2.2458317279815674 2.1977550983428955
H 0.15129658579826355 -2.5048978328704834 3.1293632984161377
H -3.253999948501587 -1.5080000162124634 -0.4410000145435333
