N -0.2930000126361847 1.6859999895095825 0.09399999678134918
C -0.4480000138282776 0.2919999957084656 -0.3400000035762787
C -1.8459999561309814 -0.17900000512599945 -0.03099999949336052
O -2.509999990463257 0.4020000100135803 0.7940000295639038
C 0.5619999766349792 -0.5879999995231628 0.4009999930858612
C 1.8245126008987427 -0.6990150809288025 -0.4135129451751709
O 1.9082142114639282 -0.13105855882167816 -1.4823644161224365
N 2.8598973751068115 -1.430100440979004 0.0442538820207119
O -2.3529999256134033 -1.2430000305175781 -0.6729999780654907
H -0.9039999842643738 2.296999931335449 -0.4269999861717224
H -0.453000009059906 1.7760000228881836 1.0859999656677246
H -0.27000001072883606 0.22300000488758087 -1.4129999876022339
H 0.7917875647544861 -0.14028321206569672 1.3682337999343872
H 0.13778461515903473 -1.5802149772644043 0.5510989427566528
H 2.792418956756592 -1.8843374252319336 0.8988096714019775
H 3.6726768016815186 -1.5021147727966309 -0.47946909070014954
H -3.253999948501587 -1.5080000162124634 -0.4410000145435333
