N -0.2930000126361847 1.6859999895095825 0.09399999678134918
C -0.4480000138282776 0.2919999957084656 -0.3400000035762787
C -1.8459999561309814 -0.17900000512599945 -0.03099999949336052
O -2.509999990463257 0.4020000100135803 0.7940000295639038
C 0.5619999766349792 -0.5879999995231628 0.4009999930858612
C 1.955522060394287 -0.07243682444095612 0.15203270316123962
O 2.1247215270996094 0.9025008678436279 -0.550029993057251
N 3.0137851238250732 -0.6948147416114807 0.7077152729034424
O -2.3529999256134033 -1.2430000305175781 -0.6729999780654907
H -0.9039999842643738 2.296999931335449 -0.4269999861717224
H -0.453000009059906 1.7760000228881836 1.0859999656677246
H -0.27000001072883606 0.22300000488758087 -1.4129999876022339
H 0.35026419162750244 -0.5611509084701538 1.4702244997024536
H 0.4838118553161621 -1.613101601600647 0.04040020704269409
H 2.8780596256256104 -1.4745349884033203 1.268754482269287
H 3.910919427871704 -0.3636609613895416 0.5478108525276184
H -3.253999948501587 -1.5080000162124634 -0.4410000145435333
