N -0.2930000126361847 1.6859999895095825 0.09399999678134918
C -0.4480000138282776 0.2919999957084656 -0.3400000035762787
C -1.8459999561309814 -0.17900000512599945 -0.03099999949336052
O -2.509999990463257 0.4020000100135803 0.7940000295639038
C 0.5619999766349792 -0.5879999399185181 0.40099993348121643
C 0.9731243252754211 0.08885756880044937 1.6826139688491821
O 0.5052605867385864 1.1695668697357178 1.9744958877563477
N 1.8613287210464478 -0.5051655173301697 2.5037641525268555
O -2.3529999256134033 -1.2430000305175781 -0.6729999780654907
H -0.9039999842643738 2.296999931335449 -0.4269999861717224
H -0.453000009059906 1.7760000228881836 1.0859999656677246
H -0.27000001072883606 0.22300000488758087 -1.4129999876022339
H 0.10472989827394485 -1.5511291027069092 0.6292106509208679
H 1.439184308052063 -0.74148029088974 -0.22667063772678375
H 2.2354273796081543 -1.369152545928955 2.269827127456665
H 2.1264922618865967 -0.07008412480354309 3.3286728858947754
H -3.253999948501587 -1.5080000162124634 -0.4410000145435333
