N -0.2930000126361847 1.6859999895095825 0.09399999678134918
C -0.4480000138282776 0.2919999957084656 -0.3400000035762787
C -1.8459999561309814 -0.17900000512599945 -0.03099999949336052
O -2.509999990463257 0.4020000100135803 0.7940000295639038
C 0.5619999766349792 -0.5879999995231628 0.4009999930858612
C 1.7858357429504395 -0.77956223487854 -0.4564519226551056
O 1.844383716583252 -0.26390179991722107 -1.5531244277954102
N 2.8144986629486084 -1.5246139764785767 -0.006109251640737057
O -2.3529999256134033 -1.2430000305175781 -0.6729999780654907
H -0.9039999842643738 2.296999931335449 -0.4269999861717224
H -0.453000009059906 1.7760000228881836 1.0859999656677246
H -0.27000001072883606 0.22300000488758087 -1.4129999876022339
H 0.8457118272781372 -0.10512592643499374 1.3364861011505127
H 0.11191848665475845 -1.5570751428604126 0.6138356328010559
H 2.7671265602111816 -1.937020182609558 0.8707186579704285
H 3.602386951446533 -1.648452877998352 -0.5574511885643005
H -3.253999948501587 -1.5080000162124634 -0.4410000145435333
