N -0.2930000126361847 1.6859999895095825 0.09399999678134918
C -0.4480000138282776 0.2919999957084656 -0.3400000035762787
C -1.8459999561309814 -0.17900000512599945 -0.03099999949336052
O -2.509999990463257 0.4020000100135803 0.7940000295639038
C 0.5619999766349792 -0.5879999399185181 0.40099993348121643
C 0.27035874128341675 -0.5526710748672485 1.8786301612854004
O -0.6538650393486023 0.11190927773714066 2.2983531951904297
N 1.0366771221160889 -1.2577877044677734 2.733980894088745
O -2.3529999256134033 -1.2430000305175781 -0.6729999780654907
H -0.9039999842643738 2.296999931335449 -0.4269999861717224
H -0.453000009059906 1.7760000228881836 1.0859999656677246
H -0.27000001072883606 0.22300000488758087 -1.4129999876022339
H 0.4829888343811035 -1.6135910749435425 0.03945615515112877
H 1.569687843322754 -0.2153051793575287 0.2203272432088852
H 1.7757844924926758 -1.7887941598892212 2.3979711532592773
H 0.8496655821800232 -1.2354137897491455 3.6850898265838623
H -3.253999948501587 -1.5080000162124634 -0.4410000145435333
