N -0.2930000126361847 1.6859999895095825 0.09399999678134918
C -0.4480000138282776 0.2919999957084656 -0.3400000035762787
C -1.8459999561309814 -0.17900000512599945 -0.03099999949336052
O -2.509999990463257 0.4020000100135803 0.7940000295639038
C 0.5619999766349792 -0.5879999399185181 0.4010000228881836
C 1.0184855461120605 -1.7014644145965576 -0.5053727626800537
O 0.578548789024353 -1.7840379476547241 -1.6330523490905762
N 1.9139928817749023 -2.606250524520874 -0.06323398649692535
O -2.3529999256134033 -1.2430000305175781 -0.6729999780654907
H -0.9039999842643738 2.296999931335449 -0.4269999861717224
H -0.453000009059906 1.7760000228881836 1.0859999656677246
H -0.27000001072883606 0.22300000488758087 -1.4129999876022339
H 1.420764446258545 0.015563852153718472 0.6960053443908691
H 0.09266898781061172 -1.0110204219818115 1.288559079170227
H 2.2652621269226074 -2.5400357246398926 0.8386393189430237
H 2.2081246376037598 -3.3232009410858154 -0.6459439992904663
H -3.253999948501587 -1.5080000162124634 -0.4410000145435333
