N -0.2930000126361847 1.6859999895095825 0.09399999678134918
C -0.4480000138282776 0.2919999957084656 -0.3400000035762787
C -1.8459999561309814 -0.17900000512599945 -0.03099999949336052
O -2.509999990463257 0.4020000100135803 0.7940000295639038
C 0.5619999766349792 -0.5879999399185181 0.4010000228881836
C 1.2885687351226807 -1.4614099264144897 -0.5884173512458801
O 1.0240124464035034 -1.3882787227630615 -1.7702319622039795
N 2.2309165000915527 -2.3246285915374756 -0.16075828671455383
O -2.3529999256134033 -1.2430000305175781 -0.6729999780654907
H -0.9039999842643738 2.296999931335449 -0.4269999861717224
H -0.453000009059906 1.7760000228881836 1.0859999656677246
H -0.27000001072883606 0.22300000488758087 -1.4129999876022339
H 1.280146598815918 0.0451093353331089 0.9227585196495056
H 0.03777033090591431 -1.2140724658966064 1.1222457885742188
H 2.4419102668762207 -2.3830087184906006 0.7843466997146606
H 2.6988251209259033 -2.887148141860962 -0.796930730342865
H -3.253999948501587 -1.5080000162124634 -0.4410000145435333
