N -0.2930000126361847 1.6859999895095825 0.09399999678134918
C -0.4480000138282776 0.2919999957084656 -0.3400000035762787
C -1.8459999561309814 -0.17900000512599945 -0.03099999949336052
O -2.509999990463257 0.4020000100135803 0.7940000295639038
C 0.5619999766349792 -0.5879999995231628 0.4010000228881836
C 1.5014859437942505 -1.220474362373352 -0.592496931552887
O 1.3752321004867554 -0.9910091161727905 -1.7771613597869873
N 2.480776071548462 -2.0419514179229736 -0.16561946272850037
O -2.3529999256134033 -1.2430000305175781 -0.6729999780654907
H -0.9039999842643738 2.296999931335449 -0.4269999861717224
H -0.453000009059906 1.7760000228881836 1.0859999656677246
H -0.27000001072883606 0.22300000488758087 -1.4129999876022339
H 1.1314646005630493 0.024303074926137924 1.1007063388824463
H 0.03225234895944595 -1.367498517036438 0.9475606083869934
H 2.5811643600463867 -2.2254114151000977 0.7817002534866333
H 3.0856857299804688 -2.44946551322937 -0.8044454455375671
H -3.253999948501587 -1.5080000162124634 -0.4410000145435333
