N -0.2930000126361847 1.6859999895095825 0.09399999678134918
C -0.4480000138282776 0.2919999957084656 -0.3400000035762787
C -1.8459999561309814 -0.17900000512599945 -0.03099999949336052
O -2.509999990463257 0.4020000100135803 0.7940000295639038
C 0.5619999766349792 -0.5879999995231628 0.4009999632835388
C 1.3492629528045654 0.25641772150993347 1.3689202070236206
O 1.1255083084106445 1.445624589920044 1.4569257497787476
N 2.302649736404419 -0.3086593449115753 2.135601043701172
O -2.3529999256134033 -1.2430000305175781 -0.6729999780654907
H -0.9039999842643738 2.296999931335449 -0.4269999861717224
H -0.453000009059906 1.7760000228881836 1.0859999656677246
H -0.27000001072883606 0.22300000488758087 -1.4129999876022339
H 0.030927298590540886 -1.367719292640686 0.9476200342178345
H 1.2409101724624634 -1.0457128286361694 -0.3177202641963959
H 2.4814565181732178 -1.2595261335372925 2.0646746158599854
H 2.8098084926605225 0.23418943583965302 2.758647918701172
H -3.253999948501587 -1.5080000162124634 -0.4410000145435333
