N -0.2930000126361847 1.6859999895095825 0.09399999678134918
C -0.4480000138282776 0.2919999957084656 -0.3400000035762787
C -1.8459999561309814 -0.17900000512599945 -0.03099999949336052
O -2.509999990463257 0.4020000100135803 0.7940000295639038
C 0.5619999766349792 -0.5879999399185181 0.40099993348121643
C 0.39701592922210693 -0.40050387382507324 1.886704921722412
O -0.44492900371551514 0.36281973123550415 2.3115458488464355
N 1.1853127479553223 -1.0792549848556519 2.7434096336364746
O -2.3529999256134033 -1.2430000305175781 -0.6729999780654907
H -0.9039999842643738 2.296999931335449 -0.4269999861717224
H -0.453000009059906 1.7760000228881836 1.0859999656677246
H -0.27000001072883606 0.22300000488758087 -1.4129999876022339
H 0.38807186484336853 -1.6335119009017944 0.14517255127429962
H 1.5728651285171509 -0.30543580651283264 0.10895882546901703
H 1.8586211204528809 -1.6892616748809814 2.403266191482544
H 1.0797996520996094 -0.9589834213256836 3.6996963024139404
H -3.253999948501587 -1.5080000162124634 -0.4410000145435333
