N -0.2930000126361847 1.6859999895095825 0.09399999678134918
C -0.4480000138282776 0.2919999957084656 -0.3400000035762787
C -1.8459999561309814 -0.17900000512599945 -0.03099999949336052
O -2.509999990463257 0.4020000100135803 0.7940000295639038
C 0.5619999766349792 -0.5879999995231628 0.4009999930858612
C 1.9402371644973755 -0.35281962156295776 -0.16011178493499756
O 2.0992884635925293 0.43995824456214905 -1.0646724700927734
N 2.995767116546631 -1.0238580703735352 0.34150758385658264
O -2.3529999256134033 -1.2430000305175781 -0.6729999780654907
H -0.9039999842643738 2.296999931335449 -0.4269999861717224
H -0.453000009059906 1.7760000228881836 1.0859999656677246
H -0.27000001072883606 0.22300000488758087 -1.4129999876022339
H 0.5534629821777344 -0.3352164924144745 1.4615761041641235
H 0.2920215427875519 -1.6359227895736694 0.27471280097961426
H 2.868086576461792 -1.6579097509384155 1.0645748376846313
H 3.8830349445343018 -0.8731210827827454 -0.019208816811442375
H -3.253999948501587 -1.5080000162124634 -0.4410000145435333
