N -0.2930000126361847 1.6859999895095825 0.09399999678134918
C -0.4480000138282776 0.2919999957084656 -0.3400000035762787
C -1.8459999561309814 -0.17900000512599945 -0.03099999949336052
O -2.509999990463257 0.4020000100135803 0.7940000295639038
C 0.5619999766349792 -0.5879998803138733 0.4009999632835388
C -0.1433117687702179 -1.7901864051818848 0.9728187322616577
O -1.3368818759918213 -1.9292556047439575 0.8052654266357422
N 0.5509955883026123 -2.7099475860595703 1.6714134216308594
O -2.3529999256134033 -1.2430000305175781 -0.6729999780654907
H -0.9039999842643738 2.296999931335449 -0.4269999861717224
H -0.453000009059906 1.7760000228881836 1.0859999656677246
H -0.27000001072883606 0.22300000488758087 -1.4129999876022339
H 1.3349074125289917 -0.9167797565460205 -0.29420632123947144
H 1.01835036277771 -0.016171295195817947 1.2083011865615845
H 1.505301833152771 -2.5981857776641846 1.805424451828003
H 0.09771667420864105 -3.4838240146636963 2.0398366451263428
H -3.253999948501587 -1.5080000162124634 -0.4410000145435333
