N -0.2930000126361847 1.6859999895095825 0.09399999678134918
C -0.4480000138282776 0.2919999957084656 -0.3400000035762787
C -1.8459999561309814 -0.17900000512599945 -0.03099999949336052
O -2.509999990463257 0.4020000100135803 0.7940000295639038
C 0.5619999766349792 -0.5879999995231628 0.4009999930858612
C 1.910185694694519 0.08437526971101761 0.4000549018383026
O 2.050110340118408 1.1612443923950195 -0.14105315506458282
N 2.960646629333496 -0.5107681751251221 0.9987149238586426
O -2.3529999256134033 -1.2430000305175781 -0.6729999780654907
H -0.9039999842643738 2.296999931335449 -0.4269999861717224
H -0.453000009059906 1.7760000228881836 1.0859999656677246
H -0.27000001072883606 0.22300000488758087 -1.4129999876022339
H 0.22962604463100433 -0.7342644929885864 1.4290701150894165
H 0.6370158791542053 -1.5536671876907349 -0.09783701598644257
H 2.8483893871307373 -1.371983289718628 1.4309844970703125
H 3.828634023666382 -0.07870350033044815 0.998378574848175
H -3.253999948501587 -1.5080000162124634 -0.4410000145435333
