N -0.2930000126361847 1.6859999895095825 0.09399999678134918
C -0.4480000138282776 0.2919999957084656 -0.3400000035762787
C -1.8459999561309814 -0.17900000512599945 -0.03099999949336052
O -2.509999990463257 0.4020000100135803 0.7940000295639038
C 0.5619999766349792 -0.5879999995231628 0.4009999930858612
C 1.8947010040283203 -0.5215428471565247 -0.29841795563697815
O 2.024075984954834 0.16165445744991302 -1.2926652431488037
N 2.942294120788574 -1.2218499183654785 0.17926053702831268
O -2.3529999256134033 -1.2430000305175781 -0.6729999780654907
H -0.9039999842643738 2.296999931335449 -0.4269999861717224
H -0.453000009059906 1.7760000228881836 1.0859999656677246
H -0.27000001072883606 0.22300000488758087 -1.4129999876022339
H 0.6710237860679626 -0.23078708350658417 1.4253567457199097
H 0.20759007334709167 -1.6181821823120117 0.4108632802963257
H 2.83831524848938 -1.768261194229126 0.9741021394729614
H 3.8002476692199707 -1.1796754598617554 -0.2704271376132965
H -3.253999948501587 -1.5080000162124634 -0.4410000145435333
