N -0.2930000126361847 1.6859999895095825 0.09399999678134918
C -0.4480000138282776 0.2919999957084656 -0.3400000035762787
C -1.8459999561309814 -0.17900000512599945 -0.03099999949336052
O -2.509999990463257 0.4020000100135803 0.7940000295639038
C 0.5619999766349792 -0.5879999995231628 0.4009999930858612
C 1.8982270956039429 0.10658588260412216 0.442731648683548
O 2.030413866043091 1.1978979110717773 -0.0706772655248642
N 2.946624279022217 -0.4846981167793274 1.0487881898880005
O -2.3529999256134033 -1.2430000305175781 -0.6729999780654907
H -0.9039999842643738 2.296999931335449 -0.4269999861717224
H -0.453000009059906 1.7760000228881836 1.0859999656677246
H -0.27000001072883606 0.22300000488758087 -1.4129999876022339
H 0.21182040870189667 -0.7635883092880249 1.4185150861740112
H 0.6634361743927002 -1.5404531955718994 -0.11815567314624786
H 2.840564727783203 -1.3574585914611816 1.4588987827301025
H 3.8069212436676025 -0.03833978623151779 1.0759090185165405
H -3.253999948501587 -1.5080000162124634 -0.4410000145435333
