N -0.2930000126361847 1.6859999895095825 0.09399999678134918
C -0.4480000138282776 0.2919999957084656 -0.3400000035762787
C -1.8459999561309814 -0.17900000512599945 -0.03099999949336052
O -2.509999990463257 0.4020000100135803 0.7940000295639038
C 0.5619999766349792 -0.5879999399185181 0.40099993348121643
C 0.2114332616329193 -0.6313115358352661 1.8655548095703125
O -0.7510761022567749 -0.01776840351521969 2.276850938796997
N 0.9675241112709045 -1.3500561714172363 2.718661308288574
O -2.3529999256134033 -1.2430000305175781 -0.6729999780654907
H -0.9039999842643738 2.296999931335449 -0.4269999861717224
H -0.453000009059906 1.7760000228881836 1.0859999656677246
H -0.27000001072883606 0.22300000488758087 -1.4129999876022339
H 0.5328898429870605 -1.5976290702819824 -0.00960384588688612
H 1.5624775886535645 -0.17438232898712158 0.2787543833255768
H 1.7372466325759888 -1.8402321338653564 2.3894121646881104
H 0.7425956130027771 -1.378277063369751 3.6613664627075195
H -3.253999948501587 -1.5080000162124634 -0.4410000145435333
