N -0.2930000126361847 1.6859999895095825 0.09399999678134918
C -0.4480000138282776 0.2919999957084656 -0.3400000035762787
C -1.8459999561309814 -0.17900000512599945 -0.03099999949336052
O -2.509999990463257 0.4020000100135803 0.7940000295639038
C 0.5619999766349792 -0.5879999995231628 0.4009999930858612
C 1.9572179317474365 -0.08719794452190399 0.13219118118286133
O 2.12750506401062 0.8781472444534302 -0.5827458500862122
N 3.0157699584960938 -0.7121385931968689 0.6844362616539001
O -2.3529999256134033 -1.2430000305175781 -0.6729999780654907
H -0.9039999842643738 2.296999931335449 -0.4269999861717224
H -0.453000009059906 1.7760000228881836 1.0859999656677246
H -0.27000001072883606 0.22300000488758087 -1.4129999876022339
H 0.3612864017486572 -0.5470867156982422 1.4719034433364868
H 0.47158297896385193 -1.6164687871932983 0.05306960642337799
H 2.8791701793670654 -1.4841887950897217 1.255776047706604
H 3.9139935970306396 -0.39048340916633606 0.5117668509483337
H -3.253999948501587 -1.5080000162124634 -0.4410000145435333
