N -0.2930000126361847 1.6859999895095825 0.09399999678134918
C -0.4480000138282776 0.2919999957084656 -0.3400000035762787
C -1.8459999561309814 -0.17900000512599945 -0.03099999949336052
O -2.509999990463257 0.4020000100135803 0.7940000295639038
C 0.5619999766349792 -0.5879999995231628 0.4010000228881836
C 1.657700777053833 -1.0023233890533447 -0.5463487505912781
O 1.6329524517059326 -0.6312721967697144 -1.7012221813201904
N 2.66410756111145 -1.7859930992126465 -0.11153261363506317
O -2.3529999256134033 -1.2430000305175781 -0.6729999780654907
H -0.9039999842643738 2.296999931335449 -0.4269999861717224
H -0.453000009059906 1.7760000228881836 1.0859999656677246
H -0.27000001072883606 0.22300000488758087 -1.4129999876022339
H 0.9920972585678101 -0.02626313827931881 1.2306156158447266
H 0.05843169987201691 -1.4747436046600342 0.7845149636268616
H 2.6833295822143555 -2.0827219486236572 0.8119025826454163
H 3.3695385456085205 -2.053154706954956 -0.7206910848617554
H -3.253999948501587 -1.5080000162124634 -0.4410000145435333
