N -0.2930000126361847 1.6859999895095825 0.09399999678134918
C -0.4480000138282776 0.2919999957084656 -0.3400000035762787
C -1.8459999561309814 -0.17900000512599945 -0.03099999949336052
O -2.509999990463257 0.4020000100135803 0.7940000295639038
C 0.5619999766349792 -0.5879999995231628 0.4010000228881836
C 1.5756287574768066 -1.122405767440796 -0.5770905613899231
O 1.497546911239624 -0.8292951583862305 -1.7518302202224731
N 2.5677874088287354 -1.926888108253479 -0.14757050573825836
O -2.3529999256134033 -1.2430000305175781 -0.6729999780654907
H -0.9039999842643738 2.296999931335449 -0.4269999861717224
H -0.453000009059906 1.7760000228881836 1.0859999656677246
H -0.27000001072883606 0.22300000488758087 -1.4129999876022339
H 1.0693211555480957 0.004970078356564045 1.1624497175216675
H 0.040681496262550354 -1.4191027879714966 0.8747870326042175
H 2.6296546459198 -2.1612656116485596 0.791785478591919
H 3.2204058170318604 -2.271308183670044 -0.776495099067688
H -3.253999948501587 -1.5080000162124634 -0.4410000145435333
