N -0.2930000126361847 1.6859999895095825 0.09399999678134918
C -0.4480000138282776 0.2919999957084656 -0.3400000035762787
C -1.8459999561309814 -0.17900000512599945 -0.03099999949336052
O -2.509999990463257 0.4020000100135803 0.7940000295639038
C 0.5619999766349792 -0.5879998803138733 0.4009999632835388
C -0.16644077003002167 -1.6957964897155762 1.1164401769638062
O -1.3749338388442993 -1.7735141515731812 1.042087197303772
N 0.5238907337188721 -2.599165916442871 1.8399205207824707
O -2.3529999256134033 -1.2430000305175781 -0.6729999780654907
H -0.9039999842643738 2.296999931335449 -0.4269999861717224
H -0.453000009059906 1.7760000228881836 1.0859999656677246
H -0.27000001072883606 0.22300000488758087 -1.4129999876022339
H 1.262831687927246 -1.0173722505569458 -0.3154274523258209
H 1.107021450996399 0.016000669449567795 1.1256471872329712
H 1.490163803100586 -2.536456346511841 1.8993667364120483
H 0.05574387311935425 -3.3123016357421875 2.300743818283081
H -3.253999948501587 -1.5080000162124634 -0.4410000145435333
