N -0.2930000126361847 1.6859999895095825 0.09399999678134918
C -0.4480000138282776 0.2919999957084656 -0.3400000035762787
C -1.8459999561309814 -0.17900000512599945 -0.03099999949336052
O -2.509999990463257 0.4020000100135803 0.7940000295639038
C 0.5619999766349792 -0.5879999399185181 0.40099993348121643
C 0.898685872554779 0.0414041243493557 1.7277203798294067
O 0.38250061869621277 1.0913548469543457 2.0489370822906494
N 1.7739861011505127 -0.5608282685279846 2.5567097663879395
O -2.3529999256134033 -1.2430000305175781 -0.6729999780654907
H -0.9039999842643738 2.296999931335449 -0.4269999861717224
H -0.453000009059906 1.7760000228881836 1.0859999656677246
H -0.27000001072883606 0.22300000488758087 -1.4129999876022339
H 0.129795104265213 -1.575232744216919 0.5664210915565491
H 1.4679819345474243 -0.6831103563308716 -0.19660326838493347
H 2.186739206314087 -1.400195598602295 2.2993240356445312
H 1.991256833076477 -0.15627139806747437 3.410647392272949
H -3.253999948501587 -1.5080000162124634 -0.4410000145435333
