N -0.2930000126361847 1.6859999895095825 0.09399999678134918
C -0.4480000138282776 0.2919999957084656 -0.3400000035762787
C -1.8459999561309814 -0.17900000512599945 -0.03099999949336052
O -2.509999990463257 0.4020000100135803 0.7940000295639038
C 0.5619999766349792 -0.5879999995231628 0.4009999930858612
C 1.850553274154663 -0.6391520500183105 -0.3779144883155823
O 1.951195240020752 -0.03232606127858162 -1.4236953258514404
N 2.89046573638916 -1.3598564863204956 0.08600940555334091
O -2.3529999256134033 -1.2430000305175781 -0.6729999780654907
H -0.9039999842643738 2.296999931335449 -0.4269999861717224
H -0.453000009059906 1.7760000228881836 1.0859999656677246
H -0.27000001072883606 0.22300000488758087 -1.4129999876022339
H 0.7513598203659058 -0.16875863075256348 1.3895208835601807
H 0.15931397676467896 -1.5950703620910645 0.5041118264198303
H 2.8094475269317627 -1.8451836109161377 0.9220978021621704
H 3.7200045585632324 -1.3933541774749756 -0.4148153066635132
H -3.253999948501587 -1.5080000162124634 -0.4410000145435333
