N -0.2930000126361847 1.6859999895095825 0.09399999678134918
C -0.4480000138282776 0.2919999957084656 -0.3400000035762787
C -1.8459999561309814 -0.17900000512599945 -0.03099999949336052
O -2.509999990463257 0.4020000100135803 0.7940000295639038
C 0.5619999766349792 -0.5879999399185181 0.40099993348121643
C 1.192673683166504 0.20217955112457275 1.5179426670074463
O 0.8673076033592224 1.356300950050354 1.70278000831604
N 2.118929386138916 -0.3722544312477112 2.3104918003082275
O -2.3529999256134033 -1.2430000305175781 -0.6729999780654907
H -0.9039999842643738 2.296999931335449 -0.4269999861717224
H -0.453000009059906 1.7760000228881836 1.0859999656677246
H -0.27000001072883606 0.22300000488758087 -1.4129999876022339
H 0.050295621156692505 -1.4573129415512085 0.8148204684257507
H 1.3347893953323364 -0.9170628190040588 -0.2928970456123352
H 2.3790314197540283 -1.2950153350830078 2.1621360778808594
H 2.52534556388855 0.13571564853191376 3.0294315814971924
H -3.253999948501587 -1.5080000162124634 -0.4410000145435333
