N -0.2930000126361847 1.6859999895095825 0.09399999678134918
C -0.4480000138282776 0.2919999957084656 -0.3400000035762787
C -1.8459999561309814 -0.17900000512599945 -0.03099999949336052
O -2.509999990463257 0.4020000100135803 0.7940000295639038
C 0.5619999766349792 -0.5879999995231628 0.4009999930858612
C 1.934634804725647 0.023787809535861015 0.29477739334106445
O 2.090366840362549 1.0612668991088867 -0.31465572118759155
N 2.9893107414245605 -0.5818807482719421 0.8751930594444275
O -2.3529999256134033 -1.2430000305175781 -0.6729999780654907
H -0.9039999842643738 2.296999931335449 -0.4269999861717224
H -0.453000009059906 1.7760000228881836 1.0859999656677246
H -0.27000001072883606 0.22300000488758087 -1.4129999876022339
H 0.2771367132663727 -0.6613636016845703 1.45088791847229
H 0.5719121098518372 -1.5826352834701538 -0.043501146137714386
H 2.8643877506256104 -1.4116053581237793 1.3621236085891724
H 3.8730194568634033 -0.1888059675693512 0.8071244359016418
H -3.253999948501587 -1.5080000162124634 -0.4410000145435333
