N -0.2930000126361847 1.6859999895095825 0.09399999678134918
C -0.4480000138282776 0.2919999957084656 -0.3400000035762787
C -1.8459999561309814 -0.17900000512599945 -0.03099999949336052
O -2.509999990463257 0.4020000100135803 0.7940000295639038
C 0.5619999766349792 -0.5879999995231628 0.4009999632835388
C 1.8630110025405884 0.1568147987127304 0.5503830909729004
O 1.972397804260254 1.2807972431182861 0.10684969276189804
N 2.9053256511688232 -0.4257380962371826 1.1750991344451904
O -2.3529999256134033 -1.2430000305175781 -0.6729999780654907
H -0.9039999842643738 2.296999931335449 -0.4269999861717224
H -0.453000009059906 1.7760000228881836 1.0859999656677246
H -0.27000001072883606 0.22300000488758087 -1.4129999876022339
H 0.17049266397953033 -0.8369941711425781 1.3876700401306152
H 0.7301523089408875 -1.503491759300232 -0.16519656777381897
H 2.8175241947174072 -1.3246121406555176 1.5293114185333252
H 3.742973804473877 0.05294620618224144 1.2714807987213135
H -3.253999948501587 -1.5080000162124634 -0.4410000145435333
