N -0.2930000126361847 1.6859999895095825 0.09399999678134918
C -0.4480000138282776 0.2919999957084656 -0.3400000035762787
C -1.8459999561309814 -0.17900000512599945 -0.03099999949336052
O -2.509999990463257 0.4020000100135803 0.7940000295639038
C 0.5619999766349792 -0.5879999399185181 0.4010000228881836
C 1.2184419631958008 -1.5300533771514893 -0.5743528008460999
O 0.9083430767059326 -1.5014528036117554 -1.7469757795333862
N 2.1486258506774902 -2.405160903930664 -0.1442328691482544
O -2.3529999256134033 -1.2430000305175781 -0.6729999780654907
H -0.9039999842643738 2.296999931335449 -0.4269999861717224
H -0.453000009059906 1.7760000228881836 1.0859999656677246
H -0.27000001072883606 0.22300000488758087 -1.4129999876022339
H 1.3212780952453613 0.04282403364777565 0.8639813661575317
H 0.04741259664297104 -1.162162184715271 1.1707508563995361
H 2.3960444927215576 -2.4279096126556396 0.79353928565979
H 2.5714125633239746 -3.0118408203125 -0.7713475227355957
H -3.253999948501587 -1.5080000162124634 -0.4410000145435333
