N -0.2930000126361847 1.6859999895095825 0.09399999678134918
C -0.4480000138282776 0.2919999957084656 -0.3400000035762787
C -1.8459999561309814 -0.17900000512599945 -0.03099999949336052
O -2.509999990463257 0.4020000100135803 0.7940000295639038
C 0.5619999766349792 -0.5879999995231628 0.4009999632835388
C 1.569210171699524 0.2850553095340729 1.1031367778778076
O 1.4881404638290405 1.492651343345642 1.0184980630874634
N 2.5606908798217773 -0.275131493806839 1.8237022161483765
O -2.3529999256134033 -1.2430000305175781 -0.6729999780654907
H -0.9039999842643738 2.296999931335449 -0.4269999861717224
H -0.453000009059906 1.7760000228881836 1.0859999656677246
H -0.27000001072883606 0.22300000488758087 -1.4129999876022339
H 0.038516201078891754 -1.2013131380081177 1.1348974704742432
H 1.0743136405944824 -1.232531189918518 -0.3125077188014984
H 2.625328302383423 -1.2407732009887695 1.8908448219299316
H 3.209348201751709 0.28611376881599426 2.275730848312378
H -3.253999948501587 -1.5080000162124634 -0.4410000145435333
