N -0.2930000126361847 1.6859999895095825 0.09399999678134918
C -0.4480000138282776 0.2919999957084656 -0.3400000035762787
C -1.8459999561309814 -0.17900000512599945 -0.03099999949336052
O -2.509999990463257 0.4020000100135803 0.7940000295639038
C 0.5619999766349792 -0.5879999399185181 0.4009999930858612
C 0.4547121822834015 -2.0054678916931152 -0.09796648472547531
O -0.35115039348602295 -2.285005569458008 -0.9607921838760376
N 1.252504825592041 -2.9628140926361084 0.41494008898735046
O -2.3529999256134033 -1.2430000305175781 -0.6729999780654907
H -0.9039999842643738 2.296999931335449 -0.4269999861717224
H -0.453000009059906 1.7760000228881836 1.0859999656677246
H -0.27000001072883606 0.22300000488758087 -1.4129999876022339
H 1.5700634717941284 -0.21424651145935059 0.21958816051483154
H 0.35123884677886963 -0.5618208050727844 1.4695847034454346
H 1.896507740020752 -2.738917589187622 1.105070948600769
H 1.1839171648025513 -3.875303030014038 0.09440632164478302
H -3.253999948501587 -1.5080000162124634 -0.4410000145435333
