N -0.2930000126361847 1.6859999895095825 0.09399999678134918
C -0.4480000138282776 0.2919999957084656 -0.3400000035762787
C -1.8459999561309814 -0.17900000512599945 -0.03099999949336052
O -2.509999990463257 0.4020000100135803 0.7940000295639038
C 0.5619999766349792 -0.5879999399185181 0.4009999930858612
C 0.666584849357605 -1.923158884048462 -0.28900474309921265
O -0.0017851993907243013 -2.1494269371032715 -1.275973916053772
N 1.5010899305343628 -2.8662960529327393 0.1907363086938858
O -2.3529999256134033 -1.2430000305175781 -0.6729999780654907
H -0.9039999842643738 2.296999931335449 -0.4269999861717224
H -0.453000009059906 1.7760000228881836 1.0859999656677246
H -0.27000001072883606 0.22300000488758087 -1.4129999876022339
H 1.5373278856277466 -0.10063374042510986 0.39913225173950195
H 0.23073363304138184 -0.7347429394721985 1.4284765720367432
H 2.035092830657959 -2.6850638389587402 0.9801321625709534
H 1.5688127279281616 -3.725851058959961 -0.25272828340530396
H -3.253999948501587 -1.5080000162124634 -0.4410000145435333
