N -0.2930000126361847 1.6859999895095825 0.09399999678134918
C -0.4480000138282776 0.2919999957084656 -0.3400000035762787
C -1.8459999561309814 -0.17900000512599945 -0.03099999949336052
O -2.509999990463257 0.4020000100135803 0.7940000295639038
C 0.5619999766349792 -0.5879999995231628 0.4009999632835388
C 1.8468416929244995 0.1747230589389801 0.5936897993087769
O 1.9457558393478394 1.3103572130203247 0.17826826870441437
N 2.886362075805664 -0.40471556782722473 1.2259129285812378
O -2.3529999256134033 -1.2430000305175781 -0.6729999780654907
H -0.9039999842643738 2.296999931335449 -0.4269999861717224
H -0.453000009059906 1.7760000228881836 1.0859999656677246
H -0.27000001072883606 0.22300000488758087 -1.4129999876022339
H 0.15528897941112518 -0.8663011193275452 1.3735885620117188
H 0.7570196390151978 -1.487183928489685 -0.18245044350624084
H 2.80694580078125 -1.3129017353057861 1.5576372146606445
H 3.7136104106903076 0.0854945033788681 1.350157618522644
H -3.253999948501587 -1.5080000162124634 -0.4410000145435333
