N -0.2930000126361847 1.6859999895095825 0.09399999678134918
C -0.4480000138282776 0.2919999957084656 -0.3400000035762787
C -1.8459999561309814 -0.17900000512599945 -0.03099999949336052
O -2.509999990463257 0.4020000100135803 0.7940000295639038
C 0.5619999766349792 -0.5879999995231628 0.4010000228881836
C 1.3734816312789917 -1.3716413974761963 -0.597547709941864
O 1.1640759706497192 -1.2402682304382324 -1.7853668928146362
N 2.3305602073669434 -2.2193098068237305 -0.1715000867843628
O -2.3529999256134033 -1.2430000305175781 -0.6729999780654907
H -0.9039999842643738 2.296999931335449 -0.4269999861717224
H -0.453000009059906 1.7760000228881836 1.0859999656677246
H -0.27000001072883606 0.22300000488758087 -1.4129999876022339
H 1.2254748344421387 0.04220177233219147 0.9938244223594666
H 0.03095421753823757 -1.276072382926941 1.057906150817871
H 2.497446298599243 -2.3242900371551514 0.778383195400238
H 2.853105068206787 -2.7240777015686035 -0.813558042049408
H -3.253999948501587 -1.5080000162124634 -0.4410000145435333
