N -0.2930000126361847 1.6859999895095825 0.09399999678134918
C -0.4480000138282776 0.2919999957084656 -0.3400000035762787
C -1.8459999561309814 -0.17900000512599945 -0.03099999949336052
O -2.509999990463257 0.4020000100135803 0.7940000295639038
C 0.5619999766349792 -0.5879999399185181 0.4010000228881836
C 0.8511310815811157 -1.8194222450256348 -0.41734960675239563
O 0.3025471270084381 -1.9784716367721558 -1.4877620935440063
N 1.7176234722137451 -2.7446212768554688 0.040095098316669464
O -2.3529999256134033 -1.2430000305175781 -0.6729999780654907
H -0.9039999842643738 2.296999931335449 -0.4269999861717224
H -0.453000009059906 1.7760000228881836 1.0859999656677246
H -0.27000001072883606 0.22300000488758087 -1.4129999876022339
H 1.4853652715682983 -0.029010610654950142 0.5550169348716736
H 0.14917850494384766 -0.8812412023544312 1.3656589984893799
H 2.1558010578155518 -2.617199182510376 0.8961991667747498
H 1.9040796756744385 -3.5374507904052734 -0.4859636127948761
H -3.253999948501587 -1.5080000162124634 -0.4410000145435333
