N -0.2930000126361847 1.6859999895095825 0.09399999678134918
C -0.4480000138282776 0.2919999957084656 -0.3400000035762787
C -1.8459999561309814 -0.17900000512599945 -0.03099999949336052
O -2.509999990463257 0.4020000100135803 0.7940000295639038
C 0.5619999766349792 -0.5879999995231628 0.4009999632835388
C 1.7144429683685303 0.2590729892253876 0.8743249177932739
O 1.727551817893982 1.4496434926986694 0.6410995125770569
N 2.7310638427734375 -0.3056766390800476 1.555205225944519
O -2.3529999256134033 -1.2430000305175781 -0.6729999780654907
H -0.9039999842643738 2.296999931335449 -0.4269999861717224
H -0.453000009059906 1.7760000228881836 1.0859999656677246
H -0.27000001072883606 0.22300000488758087 -1.4129999876022339
H 0.07637888938188553 -1.0531362295150757 1.2592623233795166
H 0.9315146803855896 -1.3616622686386108 -0.2712235748767853
H 2.720331907272339 -1.2577502727508545 1.741190791130066
H 3.4731481075286865 0.2388291209936142 1.8600108623504639
H -3.253999948501587 -1.5080000162124634 -0.4410000145435333
