N -0.2930000126361847 1.6859999895095825 0.09399999678134918
C -0.4480000138282776 0.2919999957084656 -0.3400000035762787
C -1.8459999561309814 -0.17900000512599945 -0.03099999949336052
O -2.509999990463257 0.4020000100135803 0.7940000295639038
C 0.5619999766349792 -0.5879999399185181 0.40099993348121643
C 0.8242222666740417 -0.010523009113967419 1.7675480842590332
O 0.25969550013542175 1.0057624578475952 2.114675283432007
N 1.6866127252578735 -0.6217411756515503 2.6034624576568604
O -2.3529999256134033 -1.2430000305175781 -0.6729999780654907
H -0.9039999842643738 2.296999931335449 -0.4269999861717224
H -0.453000009059906 1.7760000228881836 1.0859999656677246
H -0.27000001072883606 0.22300000488758087 -1.4129999876022339
H 0.15813086926937103 -1.5955417156219482 0.5036802291870117
H 1.4935328960418701 -0.625294029712677 -0.16276811063289642
H 2.1380350589752197 -1.4341644048690796 2.3253681659698486
H 1.8559738397598267 -0.2505875527858734 3.4830329418182373
H -3.253999948501587 -1.5080000162124634 -0.4410000145435333
