N -0.2930000126361847 1.6859999895095825 0.09399999678134918
C -0.4480000138282776 0.2919999957084656 -0.3400000035762787
C -1.8459999561309814 -0.17900000512599945 -0.03099999949336052
O -2.509999990463257 0.4020000100135803 0.7940000295639038
C 0.5619999766349792 -0.5879999995231628 0.4009999632835388
C 1.5399644374847412 0.2851952016353607 1.1431654691696167
O 1.4399256706237793 1.4929109811782837 1.084524393081665
N 2.526381254196167 -0.2749566435813904 1.870674729347229
O -2.3529999256134033 -1.2430000305175781 -0.6729999780654907
H -0.9039999842643738 2.296999931335449 -0.4269999861717224
H -0.453000009059906 1.7760000228881836 1.0859999656677246
H -0.27000001072883606 0.22300000488758087 -1.4129999876022339
H 0.03461819142103195 -1.2268074750900269 1.109933853149414
H 1.0993492603302002 -1.207182765007019 -0.3165286183357239
H 2.6061975955963135 -1.2406848669052124 1.917025089263916
H 3.156224250793457 0.2863827645778656 2.348459243774414
H -3.253999948501587 -1.5080000162124634 -0.4410000145435333
