N -0.2930000126361847 1.6859999895095825 0.09399999678134918
C -0.4480000138282776 0.2919999957084656 -0.3400000035762787
C -1.8459999561309814 -0.17900000512599945 -0.03099999949336052
O -2.509999990463257 0.4020000100135803 0.7940000295639038
C 0.5619999766349792 -0.5879998803138733 0.40099993348121643
C -0.04641805589199066 -1.0747188329696655 1.6904284954071045
O -1.176543951034546 -0.7490183115005493 1.9883524179458618
N 0.664887547492981 -1.8703315258026123 2.5132908821105957
O -2.3529999256134033 -1.2430000305175781 -0.6729999780654907
H -0.9039999842643738 2.296999931335449 -0.4269999861717224
H -0.453000009059906 1.7760000228881836 1.0859999656677246
H -0.27000001072883606 0.22300000488758087 -1.4129999876022339
H 0.8239076733589172 -1.4430800676345825 -0.22272779047489166
H 1.4583972692489624 -0.008077548816800117 0.6181190609931946
H 1.5686181783676147 -2.1302525997161865 2.2748329639434814
H 0.2740269601345062 -2.1838369369506836 3.3433659076690674
H -3.253999948501587 -1.5080000162124634 -0.4410000145435333
