N -0.2930000126361847 1.6859999895095825 0.09399999678134918
C -0.4480000138282776 0.2919999957084656 -0.3400000035762787
C -1.8459999561309814 -0.17900000512599945 -0.03099999949336052
O -2.509999990463257 0.4020000100135803 0.7940000295639038
C 0.5619999766349792 -0.5879998803138733 0.4009999632835388
C -0.0979824811220169 -1.8813155889511108 0.8028103709220886
O -1.2622274160385132 -2.0796396732330322 0.5249160528182983
N 0.604145884513855 -2.816910743713379 1.4719408750534058
O -2.3529999256134033 -1.2430000305175781 -0.6729999780654907
H -0.9039999842643738 2.296999931335449 -0.4269999861717224
H -0.453000009059906 1.7760000228881836 1.0859999656677246
H -0.27000001072883606 0.22300000488758087 -1.4129999876022339
H 1.4074782133102417 -0.7997069358825684 -0.2540881931781769
H 0.9131342768669128 -0.06715207546949387 1.2911690473556519
H 1.534961462020874 -2.657780170440674 1.6942243576049805
H 0.18001700937747955 -3.64943265914917 1.7309852838516235
H -3.253999948501587 -1.5080000162124634 -0.4410000145435333
