N -0.2930000126361847 1.6859999895095825 0.09399999678134918
C -0.4480000138282776 0.2919999957084656 -0.3400000035762787
C -1.8459999561309814 -0.17900000512599945 -0.03099999949336052
O -2.509999990463257 0.4020000100135803 0.7940000295639038
C 0.5619999766349792 -0.5879999399185181 0.40099993348121643
C 0.9359309077262878 0.06570503115653992 1.7058138847351074
O 0.443923681974411 1.1314080953598022 2.0127828121185303
N 1.8176878690719604 -0.5323230624198914 2.5309956073760986
O -2.3529999256134033 -1.2430000305175781 -0.6729999780654907
H -0.9039999842643738 2.296999931335449 -0.4269999861717224
H -0.453000009059906 1.7760000228881836 1.0859999656677246
H -0.27000001072883606 0.22300000488758087 -1.4129999876022339
H 0.11684566736221313 -1.5636483430862427 0.5978289246559143
H 1.453980565071106 -0.7122438549995422 -0.2121175229549408
H 2.2111001014709473 -1.38429856300354 2.284998655319214
H 2.0589218139648438 -0.11213445663452148 3.3708348274230957
H -3.253999948501587 -1.5080000162124634 -0.4410000145435333
