N -0.2930000126361847 1.6859999895095825 0.09399999678134918
C -0.4480000138282776 0.2919999957084656 -0.3400000035762787
C -1.8459999561309814 -0.17900000512599945 -0.03099999949336052
O -2.509999990463257 0.4020000100135803 0.7940000295639038
C 0.5619999766349792 -0.5879998803138733 0.4009999930858612
C 0.08464830368757248 -2.0169026851654053 0.39285939931869507
O -0.9612528085708618 -2.3035032749176025 -0.1511763036251068
N 0.8183585405349731 -2.9760982990264893 0.9909152984619141
O -2.3529999256134033 -1.2430000305175781 -0.6729999780654907
H -0.9039999842643738 2.296999931335449 -0.4269999861717224
H -0.453000009059906 1.7760000228881836 1.0859999656677246
H -0.27000001072883606 0.22300000488758087 -1.4129999876022339
H 1.5304027795791626 -0.5255772471427917 -0.09608491510152817
H 0.6583846807479858 -0.24277053773403168 1.4298369884490967
H 1.6544382572174072 -2.7464358806610107 1.4260886907577515
H 0.5117023587226868 -3.895892858505249 0.986198365688324
H -3.253999948501587 -1.5080000162124634 -0.4410000145435333
