N -0.2930000126361847 1.6859999895095825 0.09399999678134918
C -0.4480000138282776 0.2919999957084656 -0.3400000035762787
C -1.8459999561309814 -0.17900000512599945 -0.03099999949336052
O -2.509999990463257 0.4020000100135803 0.7940000295639038
C 0.5619999766349792 -0.5879999399185181 0.4009999930858612
C 0.523649275302887 -1.9833778142929077 -0.16569536924362183
O -0.2374812513589859 -2.2486307621002197 -1.0725278854370117
N 1.3333855867385864 -2.9369149208068848 0.3354552090167999
O -2.3529999256134033 -1.2430000305175781 -0.6729999780654907
H -0.9039999842643738 2.296999931335449 -0.4269999861717224
H -0.453000009059906 1.7760000228881836 1.0859999656677246
H -0.27000001072883606 0.22300000488758087 -1.4129999876022339
H 1.56284499168396 -0.1732785403728485 0.2780800461769104
H 0.3086033761501312 -0.6186878085136414 1.4601634740829468
H 1.9415996074676514 -2.7244629859924316 1.0607757568359375
H 1.3091486692428589 -3.8351991176605225 -0.02866045944392681
H -3.253999948501587 -1.5080000162124634 -0.4410000145435333
