N -0.2930000126361847 1.6859999895095825 0.09399999678134918
C -0.4480000138282776 0.2919999957084656 -0.3400000035762787
C -1.8459999561309814 -0.17900000512599945 -0.03099999949336052
O -2.509999990463257 0.4020000100135803 0.7940000295639038
C 0.5619999766349792 -0.5879999995231628 0.4010000228881836
C 1.5898517370224 -1.102543592453003 -0.5728888511657715
O 1.5210118293762207 -0.7965419292449951 -1.7449162006378174
N 2.584479331970215 -1.9035837650299072 -0.14264601469039917
O -2.3529999256134033 -1.2430000305175781 -0.6729999780654907
H -0.9039999842643738 2.296999931335449 -0.4269999861717224
H -0.453000009059906 1.7760000228881836 1.0859999656677246
H -0.27000001072883606 0.22300000488758087 -1.4129999876022339
H 1.0566320419311523 0.000366140971891582 1.174277663230896
H 0.04306506738066673 -1.4288671016693115 0.8599421381950378
H 2.6389565467834473 -2.1482741832733154 0.7945353388786316
H 3.2462499141693115 -2.235224962234497 -0.7688694596290588
H -3.253999948501587 -1.5080000162124634 -0.4410000145435333
