N -0.2930000126361847 1.6859999895095825 0.09399999678134918
C -0.4480000138282776 0.2919999957084656 -0.3400000035762787
C -1.8459999561309814 -0.17900000512599945 -0.03099999949336052
O -2.509999990463257 0.4020000100135803 0.7940000295639038
C 0.5619999766349792 -0.5879999995231628 0.4009999930858612
C 1.9522463083267212 -0.28173691034317017 -0.09206383675336838
O 2.1191463470458984 0.5572141408920288 -0.9524879455566406
N 3.0098776817321777 -0.940441906452179 0.4213383197784424
O -2.3529999256134033 -1.2430000305175781 -0.6729999780654907
H -0.9039999842643738 2.296999931335449 -0.4269999861717224
H -0.453000009059906 1.7760000228881836 1.0859999656677246
H -0.27000001072883606 0.22300000488758087 -1.4129999876022339
H 0.5030036568641663 -0.38543787598609924 1.4707111120224
H 0.3337094783782959 -1.6371822357177734 0.21639534831047058
H 2.8759357929229736 -1.611419677734375 1.1090872287750244
H 3.904879570007324 -0.7439666986465454 0.10439804941415787
H -3.253999948501587 -1.5080000162124634 -0.4410000145435333
