N -0.2930000126361847 1.6859999895095825 0.09399999678134918
C -0.4480000138282776 0.2919999957084656 -0.3400000035762787
C -1.8459999561309814 -0.17900000512599945 -0.03099999949336052
O -2.509999990463257 0.4020000100135803 0.7940000295639038
C 0.5619999766349792 -0.5879999995231628 0.4009999930858612
C 1.888093113899231 -0.5409083962440491 -0.31240954995155334
O 2.0131659507751465 0.12971295416355133 -1.315727949142456
N 2.9345359802246094 -1.2445743083953857 0.16284766793251038
O -2.3529999256134033 -1.2430000305175781 -0.6729999780654907
H -0.9039999842643738 2.296999931335449 -0.4269999861717224
H -0.453000009059906 1.7760000228881836 1.0859999656677246
H -0.27000001072883606 0.22300000488758087 -1.4129999876022339
H 0.6843377351760864 -0.21999947726726532 1.420020580291748
H 0.19907692074775696 -1.6149495840072632 0.426305890083313
H 2.8339946269989014 -1.7809271812438965 0.964949369430542
H 3.788236618041992 -1.214860200881958 -0.29584041237831116
H -3.253999948501587 -1.5080000162124634 -0.4410000145435333
