N -0.2930000126361847 1.6859999895095825 0.09399999678134918
C -0.4480000138282776 0.2919999957084656 -0.3400000035762787
C -1.8459999561309814 -0.17900000512599945 -0.03099999949336052
O -2.509999990463257 0.4020000100135803 0.7940000295639038
C 0.5619999766349792 -0.5879999399185181 0.4009999930858612
C 0.7768412828445435 -1.8645508289337158 -0.36968475580215454
O 0.1800341159105301 -2.0528483390808105 -1.4091025590896606
N 1.6304559707641602 -2.797555685043335 0.09604240208864212
O -2.3529999256134033 -1.2430000305175781 -0.6729999780654907
H -0.9039999842643738 2.296999931335449 -0.4269999861717224
H -0.453000009059906 1.7760000228881836 1.0859999656677246
H -0.27000001072883606 0.22300000488758087 -1.4129999876022339
H 1.5087484121322632 -0.05496872588992119 0.4923177659511566
H 0.17954781651496887 -0.8227010369300842 1.3937863111495972
H 2.1072096824645996 -2.646721839904785 0.9273696541786194
H 1.7691152095794678 -3.6194136142730713 -0.3993416428565979
H -3.253999948501587 -1.5080000162124634 -0.4410000145435333
