N -0.2930000126361847 1.6859999895095825 0.09399999678134918
C -0.4480000138282776 0.2919999957084656 -0.3400000035762787
C -1.8459999561309814 -0.17900000512599945 -0.03099999949336052
O -2.509999990463257 0.4020000100135803 0.7940000295639038
C 0.5619999766349792 -0.5879998803138733 0.4009999632835388
C -0.1584485024213791 -1.7378307580947876 1.0556273460388184
O -1.361792802810669 -1.8428674936294556 0.9418127536773682
N 0.5332539677619934 -2.648499011993408 1.768571138381958
O -2.3529999256134033 -1.2430000305175781 -0.6729999780654907
H -0.9039999842643738 2.296999931335449 -0.4269999861717224
H -0.453000009059906 1.7760000228881836 1.0859999656677246
H -0.27000001072883606 0.22300000488758087 -1.4129999876022339
H 1.2946293354034424 -0.9745781421661377 -0.30794674158096313
H 1.0695013999938965 0.003672397695481777 1.1621471643447876
H 1.4953956604003906 -2.56394624710083 1.8595890998840332
H 0.07024363428354263 -3.388683557510376 2.190270185470581
H -3.253999948501587 -1.5080000162124634 -0.4410000145435333
