N -0.2930000126361847 1.6859999895095825 0.09399999678134918
C -0.4480000138282776 0.2919999957084656 -0.3400000035762787
C -1.8459999561309814 -0.17900000512599945 -0.03099999949336052
O -2.509999990463257 0.4020000100135803 0.7940000295639038
C 0.5619999766349792 -0.5879999399185181 0.4009999930858612
C 0.4889342486858368 -1.9951040744781494 -0.13230396807193756
O -0.2947227358818054 -2.26794171333313 -1.0174397230148315
N 1.2926558256149292 -2.9506638050079346 0.3746427595615387
O -2.3529999256134033 -1.2430000305175781 -0.6729999780654907
H -0.9039999842643738 2.296999931335449 -0.4269999861717224
H -0.453000009059906 1.7760000228881836 1.0859999656677246
H -0.27000001072883606 0.22300000488758087 -1.4129999876022339
H 1.5669207572937012 -0.1933952420949936 0.24863441288471222
H 0.3296336233615875 -0.5901284217834473 1.4654154777526855
H 1.918892502784729 -2.732135772705078 1.0826139450073242
H 1.2460849285125732 -3.8564887046813965 0.03201374039053917
H -3.253999948501587 -1.5080000162124634 -0.4410000145435333
