N -0.2930000126361847 1.6859999895095825 0.09399999678134918
C -0.4480000138282776 0.2919999957084656 -0.3400000035762787
C -1.8459999561309814 -0.17900000512599945 -0.03099999949336052
O -2.509999990463257 0.4020000100135803 0.7940000295639038
C 0.5619999766349792 -0.5879999399185181 0.4009999930858612
C 0.17553775012493134 -2.0359089374542236 0.24640336632728577
O -0.8114269971847534 -2.334948778152466 -0.3927364945411682
N 0.9249802231788635 -2.998436689376831 0.8190587162971497
O -2.3529999256134033 -1.2430000305175781 -0.6729999780654907
H -0.9039999842643738 2.296999931335449 -0.4269999861717224
H -0.453000009059906 1.7760000228881836 1.0859999656677246
H -0.27000001072883606 0.22300000488758087 -1.4129999876022339
H 1.556107521057129 -0.43050262331962585 -0.018211981281638145
H 0.567012369632721 -0.3239363729953766 1.4579882621765137
H 1.7138936519622803 -2.7588562965393066 1.3302991390228271
H 0.6767922043800354 -3.930474281311035 0.7201088070869446
H -3.253999948501587 -1.5080000162124634 -0.4410000145435333
