N -0.2930000126361847 1.6859999895095825 0.09399999678134918
C -0.4480000138282776 0.2919999957084656 -0.3400000035762787
C -1.8459999561309814 -0.17900000512599945 -0.03099999949336052
O -2.509999990463257 0.4020000100135803 0.7940000295639038
C 0.5619999766349792 -0.5879999399185181 0.4010000228881836
C 1.1467323303222656 -1.5955145359039307 -0.5543514490127563
O 0.790066659450531 -1.6093754768371582 -1.7139296531677246
N 2.064478874206543 -2.4819579124450684 -0.12074171751737595
O -2.3529999256134033 -1.2430000305175781 -0.6729999780654907
H -0.9039999842643738 2.296999931335449 -0.4269999861717224
H -0.453000009059906 1.7760000228881836 1.0859999656677246
H -0.27000001072883606 0.22300000488758087 -1.4129999876022339
H 1.3598753213882446 0.03645046055316925 0.8038032054901123
H 0.06072909012436867 -1.1084716320037842 1.2163622379302979
H 2.3491427898406982 -2.4707295894622803 0.8066149950027466
H 2.4411261081695557 -3.1307501792907715 -0.7349790334701538
H -3.253999948501587 -1.5080000162124634 -0.4410000145435333
