N -0.2930000126361847 1.6859999895095825 0.09399999678134918
C -0.4480000138282776 0.2919999957084656 -0.3400000035762787
C -1.8459999561309814 -0.17900000512599945 -0.03099999949336052
O -2.509999990463257 0.4020000100135803 0.7940000295639038
C 0.5619999766349792 -0.5879998803138733 0.40099993348121643
C 0.055661529302597046 -0.872850775718689 1.7910270690917969
O -1.0080854892730713 -0.41609033942222595 2.1541197299957275
N 0.7847050428390503 -1.6334625482559204 2.6312787532806396
O -2.3529999256134033 -1.2430000305175781 -0.6729999780654907
H -0.9039999842643738 2.296999931335449 -0.4269999861717224
H -0.453000009059906 1.7760000228881836 1.0859999656677246
H -0.27000001072883606 0.22300000488758087 -1.4129999876022339
H 0.6894301176071167 -1.5267256498336792 -0.1387680619955063
H 1.5188350677490234 -0.07052897661924362 0.4615746736526489
H 1.6353733539581299 -1.9982178211212158 2.340646505355835
H 0.4595377445220947 -1.81708562374115 3.5260586738586426
H -3.253999948501587 -1.5080000162124634 -0.4410000145435333
