N -0.2930000126361847 1.6859999895095825 0.09399999678134918
C -0.4480000138282776 0.2919999957084656 -0.3400000035762787
C -1.8459999561309814 -0.17900000512599945 -0.03099999949336052
O -2.509999990463257 0.4020000100135803 0.7940000295639038
C 0.5619999766349792 -0.5879998803138733 0.4009999632835388
C -0.16266374289989471 -1.4544682502746582 1.3978896141052246
O -1.3685054779052734 -1.3753896951675415 1.5061315298080444
N 0.5283961892127991 -2.3159515857696533 2.1701204776763916
O -2.3529999256134033 -1.2430000305175781 -0.6729999780654907
H -0.9039999842643738 2.296999931335449 -0.4269999861717224
H -0.453000009059906 1.7760000228881836 1.0859999656677246
H -0.27000001072883606 0.22300000488758087 -1.4129999876022339
H 1.0867191553115845 -1.2199739217758179 -0.31598860025405884
H 1.2800934314727783 0.04376630485057831 0.9227203726768494
H 1.492612600326538 -2.378624677658081 2.0834672451019287
H 0.06270787864923477 -2.8737993240356445 2.8120102882385254
H -3.253999948501587 -1.5080000162124634 -0.4410000145435333
