N -0.2930000126361847 1.6859999895095825 0.09399999678134918
C -0.4480000138282776 0.2919999957084656 -0.3400000035762787
C -1.8459999561309814 -0.17900000512599945 -0.03099999949336052
O -2.509999990463257 0.4020000100135803 0.7940000295639038
C 0.5619999766349792 -0.5879999399185181 0.4009999930858612
C 0.16186478734016418 -2.034247875213623 0.26701265573501587
O -0.8339670300483704 -2.3321948051452637 -0.3587433099746704
N 0.9089401960372925 -2.9964823722839355 0.8432427048683167
O -2.3529999256134033 -1.2430000305175781 -0.6729999780654907
H -0.9039999842643738 2.296999931335449 -0.4269999861717224
H -0.453000009059906 1.7760000228881836 1.0859999656677246
H -0.27000001072883606 0.22300000488758087 -1.4129999876022339
H 1.5531173944473267 -0.44378310441970825 -0.029908010736107826
H 0.5798827409744263 -0.3118802607059479 1.4547632932662964
H 1.7049496173858643 -2.7577714920043945 1.3437784910202026
H 0.6519563794136047 -3.9274489879608154 0.7575533390045166
H -3.253999948501587 -1.5080000162124634 -0.4410000145435333
