N -0.2930000126361847 1.6859999895095825 0.09399999678134918
C -0.4480000138282776 0.2919999957084656 -0.3400000035762787
C -1.8459999561309814 -0.17900000512599945 -0.03099999949336052
O -2.509999990463257 0.4020000100135803 0.7940000295639038
C 0.5619999766349792 -0.5879998803138733 0.40099993348121643
C -0.09412039071321487 -1.1933410167694092 1.6145740747451782
O -1.2552858591079712 -0.9446665048599243 1.863330602645874
N 0.6088886857032776 -2.0095255374908447 2.424314022064209
O -2.3529999256134033 -1.2430000305175781 -0.6729999780654907
H -0.9039999842643738 2.296999931335449 -0.4269999861717224
H -0.453000009059906 1.7760000228881836 1.0859999656677246
H -0.27000001072883606 0.22300000488758087 -1.4129999876022339
H 0.9045236706733704 -1.38327157497406 -0.261581689119339
H 1.4124116897583008 0.01798265427350998 0.7117471098899841
H 1.5374252796173096 -2.2078375816345215 2.225210666656494
H 0.18732641637325287 -2.3993544578552246 3.2055954933166504
H -3.253999948501587 -1.5080000162124634 -0.4410000145435333
