N -0.2930000126361847 1.6859999895095825 0.09399999678134918
C -0.4480000138282776 0.2919999957084656 -0.3400000035762787
C -1.8459999561309814 -0.17900000512599945 -0.03099999949336052
O -2.509999990463257 0.4020000100135803 0.7940000295639038
C 0.5619999766349792 -0.5879999995231628 0.4009999930858612
C 1.8334801197052002 -0.6789984703063965 -0.4019642770290375
O 1.923014760017395 -0.0980452373623848 -1.463331699371338
N 2.8704237937927246 -1.406612753868103 0.057799819856882095
O -2.3529999256134033 -1.2430000305175781 -0.6729999780654907
H -0.9039999842643738 2.296999931335449 -0.4269999861717224
H -0.453000009059906 1.7760000228881836 1.0859999656677246
H -0.27000001072883606 0.22300000488758087 -1.4129999876022339
H 0.7783033847808838 -0.1495789736509323 1.3755736351013184
H 0.14476172626018524 -1.5854074954986572 0.5354223847389221
H 2.798283100128174 -1.8712453842163086 0.9063647389411926
H 3.688974380493164 -1.4657481908798218 -0.4584946632385254
H -3.253999948501587 -1.5080000162124634 -0.4410000145435333
