N -0.2930000126361847 1.6859999895095825 0.09399999678134918
C -0.4480000138282776 0.2919999957084656 -0.3400000035762787
C -1.8459999561309814 -0.17900000512599945 -0.03099999949336052
O -2.509999990463257 0.4020000100135803 0.7940000295639038
C 0.5619999766349792 -0.5879999399185181 0.40099993348121643
C 0.25533124804496765 -0.5721979737281799 1.8759231567382812
O -0.6786558628082275 0.07970993220806122 2.2939040660858154
N 1.0190415382385254 -1.280698299407959 2.7308101654052734
O -2.3529999256134033 -1.2430000305175781 -0.6729999780654907
H -0.9039999842643738 2.296999931335449 -0.4269999861717224
H -0.453000009059906 1.7760000228881836 1.0859999656677246
H -0.27000001072883606 0.22300000488758087 -1.4129999876022339
H 0.4953281581401825 -1.6099711656570435 0.02693633735179901
H 1.5682350397109985 -0.20480085909366608 0.23478220403194427
H 1.7659562826156616 -1.801566481590271 2.3961989879608154
H 0.8223602771759033 -1.2708873748779297 3.6801795959472656
H -3.253999948501587 -1.5080000162124634 -0.4410000145435333
