N -0.2930000126361847 1.6859999895095825 0.09399999678134918
C -0.4480000138282776 0.2919999957084656 -0.3400000035762787
C -1.8459999561309814 -0.17900000512599945 -0.03099999949336052
O -2.509999990463257 0.4020000100135803 0.7940000295639038
C 0.5619999766349792 -0.5879998803138733 0.40099993348121643
C -0.018667887896299362 -1.0145124197006226 1.7241045236587524
O -1.1307443380355835 -0.6497212052345276 2.0438501834869385
N 0.6974613666534424 -1.7996853590011597 2.552790403366089
O -2.3529999256134033 -1.2430000305175781 -0.6729999780654907
H -0.9039999842643738 2.296999931335449 -0.4269999861717224
H -0.453000009059906 1.7760000228881836 1.0859999656677246
H -0.27000001072883606 0.22300000488758087 -1.4129999876022339
H 0.7834505438804626 -1.470365047454834 -0.1999870389699936
H 1.47871994972229 -0.024369528517127037 0.571070671081543
H 1.586764931678772 -2.090873956680298 2.2968637943267822
H 0.32446005940437317 -2.074453353881836 3.404526710510254
H -3.253999948501587 -1.5080000162124634 -0.4410000145435333
