N -0.2930000126361847 1.6859999895095825 0.09399999678134918
C -0.4480000138282776 0.2919999957084656 -0.3400000035762787
C -1.8459999561309814 -0.17900000512599945 -0.03099999949336052
O -2.509999990463257 0.4020000100135803 0.7940000295639038
C 0.5619999766349792 -0.5879999995231628 0.4010000228881836
C 1.4547417163848877 -1.2781071662902832 -0.5972274541854858
O 1.2981208562850952 -1.0860419273376465 -1.7849162817001343
N 2.425920009613037 -2.1095705032348633 -0.17115290462970734
O -2.3529999256134033 -1.2430000305175781 -0.6729999780654907
H -0.9039999842643738 2.296999931335449 -0.4269999861717224
H -0.453000009059906 1.7760000228881836 1.0859999656677246
H -0.27000001072883606 0.22300000488758087 -1.4129999876022339
H 1.16757333278656 0.032912477850914 1.061713695526123
H 0.030003027990460396 -1.334424376487732 0.9899047613143921
H 2.5505926609039307 -2.263108968734741 0.7786011099815369
H 3.0007517337799072 -2.5541632175445557 -0.8130158185958862
H -3.253999948501587 -1.5080000162124634 -0.4410000145435333
