N -0.2930000126361847 1.6859999895095825 0.09399999678134918
C -0.4480000138282776 0.2919999957084656 -0.3400000035762787
C -1.8459999561309814 -0.17900000512599945 -0.03099999949336052
O -2.509999990463257 0.4020000100135803 0.7940000295639038
C 0.5619999766349792 -0.5879999995231628 0.4009999930858612
C 1.9590976238250732 -0.2135535478591919 -0.02042873576283455
O 2.1304984092712402 0.6696919202804565 -0.834384024143219
N 3.0179362297058105 -0.8604264259338379 0.5053793787956238
O -2.3529999256134033 -1.2430000305175781 -0.6729999780654907
H -0.9039999842643738 2.296999931335449 -0.4269999861717224
H -0.453000009059906 1.7760000228881836 1.0859999656677246
H -0.27000001072883606 0.22300000488758087 -1.4129999876022339
H 0.4539966583251953 -0.4376610815525055 1.4754893779754639
H 0.3776768743991852 -1.6343473196029663 0.1598336100578308
H 2.880411148071289 -1.566826343536377 1.1559454202651978
H 3.917353868484497 -0.6200780272483826 0.2345236986875534
H -3.253999948501587 -1.5080000162124634 -0.4410000145435333
