N -0.2930000126361847 1.6859999895095825 0.09399999678134918
C -0.4480000138282776 0.2919999957084656 -0.3400000035762787
C -1.8459999561309814 -0.17900000512599945 -0.03099999949336052
O -2.509999990463257 0.4020000100135803 0.7940000295639038
C 0.5619999766349792 -0.5879999399185181 0.40099993348121643
C 0.5333372354507446 -0.2576083540916443 1.8705964088439941
O -0.22006835043430328 0.5984247326850891 2.2848565578460693
N 1.3452829122543335 -0.9116069078445435 2.7244629859924316
O -2.3529999256134033 -1.2430000305175781 -0.6729999780654907
H -0.9039999842643738 2.296999931335449 -0.4269999861717224
H -0.453000009059906 1.7760000228881836 1.0859999656677246
H -0.27000001072883606 0.22300000488758087 -1.4129999876022339
H 0.30119413137435913 -1.6371378898620605 0.2592827379703522
H 1.5610302686691284 -0.40512916445732117 0.006695833522826433
H 1.9477802515029907 -1.5957919359207153 2.3927433490753174
H 1.3274842500686646 -0.6994050741195679 3.67036771774292
H -3.253999948501587 -1.5080000162124634 -0.4410000145435333
