N -0.2930000126361847 1.6859999895095825 0.09399999678134918
C -0.4480000138282776 0.2919999957084656 -0.3400000035762787
C -1.8459999561309814 -0.17900000512599945 -0.03099999949336052
O -2.509999990463257 0.4020000100135803 0.7940000295639038
C 0.5619999766349792 -0.5879999995231628 0.4009999930858612
C 1.9437202215194702 -0.33479583263397217 -0.14345453679561615
O 2.105045795440674 0.469689279794693 -1.0372116565704346
N 2.999858856201172 -1.0027071237564087 0.3610489070415497
O -2.3529999256134033 -1.2430000305175781 -0.6729999780654907
H -0.9039999842643738 2.296999931335449 -0.4269999861717224
H -0.453000009059906 1.7760000228881836 1.0859999656677246
H -0.27000001072883606 0.22300000488758087 -1.4129999876022339
H 0.5407253503799438 -0.34757059812545776 1.4642661809921265
H 0.3022185266017914 -1.6366214752197266 0.25998425483703613
H 2.870363473892212 -1.646121621131897 1.0754709243774414
H 3.889369487762451 -0.8403728604316711 0.011048260144889355
H -3.253999948501587 -1.5080000162124634 -0.4410000145435333
