N -0.2930000126361847 1.6859999895095825 0.09399999678134918
C -0.4480000138282776 0.2919999957084656 -0.3400000035762787
C -1.8459999561309814 -0.17900000512599945 -0.03099999949336052
O -2.509999990463257 0.4020000100135803 0.7940000295639038
C 0.5619999766349792 -0.5879999995231628 0.4009999930858612
C 1.9535027742385864 -0.05792074277997017 0.17202416062355042
O 2.1214046478271484 0.9264506101608276 -0.5170665979385376
N 3.011420726776123 -0.6777783632278442 0.7311702966690063
O -2.3529999256134033 -1.2430000305175781 -0.6729999780654907
H -0.9039999842643738 2.296999931335449 -0.4269999861717224
H -0.453000009059906 1.7760000228881836 1.0859999656677246
H -0.27000001072883606 0.22300000488758087 -1.4129999876022339
H 0.33937934041023254 -0.5752867460250854 1.4682732820510864
H 0.4961375296115875 -1.6094857454299927 0.027894191443920135
H 2.876737356185913 -1.4650415182113647 1.281830906867981
H 3.907257556915283 -0.33728355169296265 0.5841273665428162
H -3.253999948501587 -1.5080000162124634 -0.4410000145435333
