N -0.2930000126361847 1.6859999895095825 0.09399999678134918
C -0.4480000138282776 0.2919999957084656 -0.3400000035762787
C -1.8459999561309814 -0.17900000512599945 -0.03099999949336052
O -2.509999990463257 0.4020000100135803 0.7940000295639038
C 0.5619999766349792 -0.5879998803138733 0.4009999930858612
C 0.02703799121081829 -1.9928946495056152 0.49989503622055054
O -1.056209921836853 -2.2638394832611084 0.02535664290189743
N 0.7507800459861755 -2.947902202606201 1.116511583328247
O -2.3529999256134033 -1.2430000305175781 -0.6729999780654907
H -0.9039999842643738 2.296999931335449 -0.4269999861717224
H -0.453000009059906 1.7760000228881836 1.0859999656677246
H -0.27000001072883606 0.22300000488758087 -1.4129999876022339
H 1.5053569078445435 -0.5960441827774048 -0.1456322968006134
H 0.725038468837738 -0.18978527188301086 1.4019107818603516
H 1.6167514324188232 -2.730740547180176 1.496096134185791
H 0.4070652425289154 -3.8522400856018066 1.1806623935699463
H -3.253999948501587 -1.5080000162124634 -0.4410000145435333
