N -0.2930000126361847 1.6859999895095825 0.09399999678134918
C -0.4480000138282776 0.2919999957084656 -0.3400000035762787
C -1.8459999561309814 -0.17900000512599945 -0.03099999949336052
O -2.509999990463257 0.4020000100135803 0.7940000295639038
C 0.5619999766349792 -0.5879999399185181 0.4009999930858612
C 0.33941277861595154 -2.0308454036712646 0.029051391407847404
O -0.5412558913230896 -2.3267574310302734 -0.7512579560279846
N 1.1172327995300293 -2.992554187774658 0.564000129699707
O -2.3529999256134033 -1.2430000305175781 -0.6729999780654907
H -0.9039999842643738 2.296999931335449 -0.4269999861717224
H -0.453000009059906 1.7760000228881836 1.0859999656677246
H -0.27000001072883606 0.22300000488758087 -1.4129999876022339
H 1.573670506477356 -0.29263633489608765 0.12157723307609558
H 0.4309992492198944 -0.465221107006073 1.4755897521972656
H 1.8210890293121338 -2.7555270195007324 1.1881431341171265
H 0.974468469619751 -3.921356439590454 0.32519733905792236
H -3.253999948501587 -1.5080000162124634 -0.4410000145435333
