N -0.2930000126361847 1.6859999895095825 0.09399999678134918
C -0.4480000138282776 0.2919999957084656 -0.3400000035762787
C -1.8459999561309814 -0.17900000512599945 -0.03099999949336052
O -2.509999990463257 0.4020000100135803 0.7940000295639038
C 0.5619999766349792 -0.5879999995231628 0.4009999930858612
C 1.904360294342041 0.09562869369983673 0.4213593304157257
O 2.040515899658203 1.179815411567688 -0.10592132061719894
N 2.9538161754608154 -0.49755939841270447 1.0237116813659668
O -2.3529999256134033 -1.2430000305175781 -0.6729999780654907
H -0.9039999842643738 2.296999931335449 -0.4269999861717224
H -0.453000009059906 1.7760000228881836 1.0859999656677246
H -0.27000001072883606 0.22300000488758087 -1.4129999876022339
H 0.2206348180770874 -0.7489191889762878 1.4239217042922974
H 0.6502029895782471 -1.5471744537353516 -0.10810065269470215
H 2.8445777893066406 -1.3646240234375 1.444919466972351
H 3.8180575370788574 -0.058252591639757156 1.0370820760726929
H -3.253999948501587 -1.5080000162124634 -0.4410000145435333
