N -0.2930000126361847 1.6859999895095825 0.09399999678134918
C -0.4480000138282776 0.2919999957084656 -0.3400000035762787
C -1.8459999561309814 -0.17900000512599945 -0.03099999949336052
O -2.509999990463257 0.4020000100135803 0.7940000295639038
C 0.5619999766349792 -0.5879999399185181 0.40099993348121643
C 0.6949409246444702 -0.11138772964477539 1.8239761590957642
O 0.04647601395845413 0.8394902348518372 2.2078359127044678
N 1.5349143743515015 -0.7400658130645752 2.669710397720337
O -2.3529999256134033 -1.2430000305175781 -0.6729999780654907
H -0.9039999842643738 2.296999931335449 -0.4269999861717224
H -0.453000009059906 1.7760000228881836 1.0859999656677246
H -0.27000001072883606 0.22300000488758087 -1.4129999876022339
H 0.21516437828540802 -1.62166428565979 0.3949194848537445
H 1.5300697088241577 -0.5262925624847412 -0.09499603509902954
H 2.0534770488739014 -1.5001448392868042 2.362265110015869
H 1.6210949420928955 -0.4337976574897766 3.5856006145477295
H -3.253999948501587 -1.5080000162124634 -0.4410000145435333
