N -0.2930000126361847 1.6859999895095825 0.09399999678134918
C -0.4480000138282776 0.2919999957084656 -0.3400000035762787
C -1.8459999561309814 -0.17900000512599945 -0.03099999949336052
O -2.509999990463257 0.4020000100135803 0.7940000295639038
C 0.5619999766349792 -0.5879999995231628 0.4009999930858612
C 1.9563193321228027 -0.24726168811321259 -0.056673262268304825
O 2.125890016555786 0.6140851378440857 -0.8941406011581421
N 3.0146665573120117 -0.8999843001365662 0.462857723236084
O -2.3529999256134033 -1.2430000305175781 -0.6729999780654907
H -0.9039999842643738 2.296999931335449 -0.4269999861717224
H -0.453000009059906 1.7760000228881836 1.0859999656677246
H -0.27000001072883606 0.22300000488758087 -1.4129999876022339
H 0.4783034920692444 -0.4113149344921112 1.473646879196167
H 0.35542139410972595 -1.6362762451171875 0.1878775805234909
H 2.8785970211029053 -1.5888720750808716 1.1322370767593384
H 3.912292957305908 -0.6813257932662964 0.1686849445104599
H -3.253999948501587 -1.5080000162124634 -0.4410000145435333
