N -0.2930000126361847 1.6859999895095825 0.09399999678134918
C -0.4480000138282776 0.2919999957084656 -0.3400000035762787
C -1.8459999561309814 -0.17900000512599945 -0.03099999949336052
O -2.509999990463257 0.4020000100135803 0.7940000295639038
C 0.5619999766349792 -0.5879999399185181 0.40099993348121643
C 0.30097851157188416 -0.513919472694397 1.8829154968261719
O -0.603352427482605 0.17580892145633698 2.305389404296875
N 1.072610855102539 -1.212321162223816 2.7389976978302
O -2.3529999256134033 -1.2430000305175781 -0.6729999780654907
H -0.9039999842643738 2.296999931335449 -0.4269999861717224
H -0.453000009059906 1.7760000228881836 1.0859999656677246
H -0.27000001072883606 0.22300000488758087 -1.4129999876022339
H 0.4586046040058136 -1.6200830936431885 0.06498262286186218
H 1.571891188621521 -0.23684187233448029 0.19174739718437195
H 1.795810341835022 -1.7634469270706177 2.4007773399353027
H 0.905302107334137 -1.1650159358978271 3.692859411239624
H -3.253999948501587 -1.5080000162124634 -0.4410000145435333
