N 1.4220000505447388 1.7960000038146973 0.1979999989271164
C 1.3940000534057617 0.35499998927116394 0.48399999737739563
C 2.6570000648498535 -0.2840000092983246 -0.03200000151991844
O 3.315999984741211 0.2750000059604645 -0.8759999871253967
C 0.18400010466575623 -0.27799999713897705 -0.20599991083145142
C -0.4904772937297821 -1.2630740404129028 0.7520575523376465
C -1.7012183666229248 -1.8967289924621582 0.06220470368862152
C -2.375391721725464 -2.8809521198272705 1.0187844038009644
N -3.5370686054229736 -3.490558385848999 0.35693785548210144
O 3.049999952316284 -1.4759999513626099 0.44600000977516174
H 1.4889999628067017 1.8910000324249268 -0.8040000200271606
H 0.5210000276565552 2.1619999408721924 0.46399998664855957
H 1.3220000267028809 0.20000000298023224 1.559999942779541
H -0.5244585871696472 0.5008392333984375 -0.4846188724040985
H 0.5115718841552734 -0.808222234249115 -1.1003682613372803
H 0.2181842178106308 -2.0423405170440674 1.029795527458191
H -0.8187904357910156 -0.7335068583488464 1.6465730667114258
H -2.4103169441223145 -1.1172665357589722 -0.21686391532421112
H -1.3729054927825928 -2.4262962341308594 -0.8323108553886414
H -1.6670342683792114 -3.661069631576538 1.2980000972747803
H -2.7030646800994873 -2.352008104324341 1.9137494564056396
H -4.193109512329102 -2.767821788787842 0.09943384677171707
H -3.233705759048462 -3.9799695014953613 -0.4708619713783264
H -3.9825499057769775 -4.139481067657471 0.9879050850868225
H 3.8610000610351562 -1.8860000371932983 0.11500000208616257
