N 1.4220000505447388 1.7960000038146973 0.1979999989271164
C 1.3940000534057617 0.35499998927116394 0.48399999737739563
C 2.6570000648498535 -0.2840000092983246 -0.03200000151991844
O 3.315999984741211 0.2750000059604645 -0.8759999871253967
C 0.18400026857852936 -0.2779999077320099 -0.20599982142448425
C 0.4178425371646881 -1.7824671268463135 -0.36430594325065613
C -0.7925131916999817 -2.4163429737091064 -1.0546315908432007
C -0.5594648718833923 -3.919280767440796 -1.2131123542785645
N -1.7203819751739502 -4.5283708572387695 -1.8767644166946411
O 3.049999952316284 -1.4759999513626099 0.44600000977516174
H 1.4889999628067017 1.8910000324249268 -0.8040000200271606
H 0.5210000276565552 2.1619999408721924 0.46399998664855957
H 1.3220000267028809 0.20000000298023224 1.559999942779541
H -0.7074154019355774 -0.11021186411380768 0.3967920243740082
H 0.048422470688819885 0.17357419431209564 -1.1888697147369385
H 1.3090089559555054 -1.949830174446106 -0.9679679274559021
H 0.5530642867088318 -2.234917402267456 0.6182381510734558
H -1.684829592704773 -2.248326301574707 -0.4514700472354889
H -0.9277350902557373 -1.963892936706543 -2.0371756553649902
H 0.3324955701828003 -4.0881733894348145 -1.816599726676941
H -0.42334243655204773 -4.371959209442139 -0.2309379279613495
H -2.545894145965576 -4.372486591339111 -1.317054033279419
H -1.8460307121276855 -4.109586715698242 -2.785410165786743
H -1.5673481225967407 -5.520037651062012 -1.980936884880066
H 3.8610000610351562 -1.8860000371932983 0.11500000208616257
