N 1.4220000505447388 1.7960000038146973 0.1979999989271164
C 1.3940000534057617 0.35499998927116394 0.48399999737739563
C 2.6570000648498535 -0.2840000092983246 -0.03200000151991844
O 3.315999984741211 0.2750000059604645 -0.8759999871253967
C 0.18400004506111145 -0.27800002694129944 -0.20600000023841858
C -0.9600390791893005 0.7375952005386353 -0.2599049210548401
C -2.170978546142578 0.10478807240724564 -0.9501877427101135
C -3.314208984375 1.1188633441925049 -1.004280686378479
N -4.477454662322998 0.5118212699890137 -1.6657284498214722
O 3.049999952316284 -1.4759999513626099 0.44600000977516174
H 1.4889999628067017 1.8910000324249268 -0.8040000200271606
H 0.5210000276565552 2.1619999408721924 0.46399998664855957
H 1.3220000267028809 0.20000000298023224 1.559999942779541
H 0.4558919370174408 -0.5732248425483704 -1.2184475660324097
H -0.1363663375377655 -1.1560664176940918 0.3549801707267761
H -1.2322293519973755 1.0319538116455078 0.752943217754364
H -0.6406124234199524 1.6158545017242432 -0.8211680054664612
H -1.8989189863204956 -0.19089765846729279 -1.963506817817688
H -2.490405559539795 -0.7734712362289429 -0.388924777507782
H -3.5872080326080322 1.41474187374115 0.00875552836805582
H -2.9949498176574707 1.9975833892822266 -1.5646722316741943
H -4.224364757537842 0.2388734370470047 -2.6040732860565186
H -4.7727437019348145 -0.30095237493515015 -1.1470682621002197
H -5.231720447540283 1.1807196140289307 -1.7022273540496826
H 3.8610000610351562 -1.8860000371932983 0.11500000208616257
