N 1.4220000505447388 1.7960000038146973 0.1979999989271164
C 1.3940000534057617 0.35499998927116394 0.48399999737739563
C 2.6570000648498535 -0.2840000092983246 -0.03200000151991844
O 3.315999984741211 0.2750000059604645 -0.8759999871253967
C 0.18400026857852936 -0.2779999077320099 -0.20599982142448425
C 0.43884801864624023 -1.7736291885375977 -0.40924951434135437
C -0.7714987993240356 -2.407501220703125 -1.0995941162109375
C -0.5174711346626282 -3.9016096591949463 -1.3029648065567017
N -1.6783849000930786 -4.510653972625732 -1.9666649103164673
O 3.049999952316284 -1.4759999513626099 0.44600000977516174
H 1.4889999628067017 1.8910000324249268 -0.8040000200271606
H 0.5210000276565552 2.1619999408721924 0.46399998664855957
H 1.3220000267028809 0.20000000298023224 1.559999942779541
H -0.7009848356246948 -0.14107300341129303 0.41382691264152527
H 0.027031028643250465 0.19820111989974976 -1.1739497184753418
H 1.3235645294189453 -1.910111427307129 -1.029930591583252
H 0.595470130443573 -2.2507026195526123 0.5583555102348328
H -1.6573824882507324 -2.2703702449798584 -0.4793787896633148
H -0.928121030330658 -1.9304280281066895 -2.067199230194092
H 0.3680655360221863 -4.039612770080566 -1.923525094985962
H -0.3599504232406616 -4.378886699676514 -0.3357483446598053
H -2.4979279041290283 -4.383389949798584 -1.3911659717559814
H -1.8238298892974854 -4.069108009338379 -2.8614766597747803
H -1.5115023851394653 -5.496517181396484 -2.1004462242126465
H 3.8610000610351562 -1.8860000371932983 0.11500000208616257
