N 1.4220000505447388 1.7960000038146973 0.1979999989271164
C 1.3940000534057617 0.35499998927116394 0.48399999737739563
C 2.6570000648498535 -0.2840000092983246 -0.03200000151991844
O 3.315999984741211 0.2750000059604645 -0.8759999871253967
C 0.18400008976459503 -0.27799999713897705 -0.2059999704360962
C -0.7005639672279358 0.8241022825241089 -0.7942872047424316
C -1.9113932847976685 0.19133153557777405 -1.4847965240478516
C -2.795470714569092 1.291833758354187 -2.0726335048675537
N -3.9586589336395264 0.6853229999542236 -2.7346694469451904
O 3.049999952316284 -1.4759999513626099 0.44600000977516174
H 1.4889999628067017 1.8910000324249268 -0.8040000200271606
H 0.5210000276565552 2.1619999408721924 0.46399998664855957
H 1.3220000267028809 0.20000000298023224 1.559999942779541
H 0.523736834526062 -0.9362562298774719 -1.0043798685073853
H -0.3889976441860199 -0.8539462089538574 0.5208379626274109
H -1.040827989578247 1.4817359447479248 0.0046709561720490456
H -0.12839581072330475 1.4002777338027954 -1.5216346979141235
H -1.5714720487594604 -0.46767306327819824 -2.283813714981079
H -2.4835617542266846 -0.38484397530555725 -0.757449209690094
H -3.136221408843994 1.951067566871643 -1.274125576019287
H -2.22348690032959 1.8687573671340942 -2.7993433475494385
H -3.6425836086273193 0.07569627463817596 -3.474600076675415
H -4.487751483917236 0.15180468559265137 -2.062192916870117
H -4.541865825653076 1.410980463027954 -3.123211622238159
H 3.8610000610351562 -1.8860000371932983 0.11500000208616257
