N 1.4220000505447388 1.7960000038146973 0.1979999989271164
C 1.3940000534057617 0.35499998927116394 0.48399999737739563
C 2.6570000648498535 -0.2840000092983246 -0.03200000151991844
O 3.315999984741211 0.2750000059604645 -0.8759999871253967
C 0.184000164270401 -0.27799996733665466 -0.2059999406337738
C -0.29652759432792664 0.6393157243728638 -1.333293080329895
C -1.507185459136963 0.006466405000537634 -2.0240306854248047
C -1.987716555595398 0.9224299192428589 -3.1502413749694824
N -3.1505985260009766 0.3162243366241455 -3.8130946159362793
O 3.049999952316284 -1.4759999513626099 0.44600000977516174
H 1.4889999628067017 1.8910000324249268 -0.8040000200271606
H 0.5210000276565552 2.1619999408721924 0.46399998664855957
H 1.3220000267028809 0.20000000298023224 1.559999942779541
H 0.4660043716430664 -1.2451738119125366 -0.6197403073310852
H -0.6187070608139038 -0.4129621088504791 0.5191070437431335
H -0.5792797207832336 1.6062462329864502 -0.9189351201057434
H 0.5055214762687683 0.7744284868240356 -2.0591378211975098
H -1.2250946760177612 -0.961665689945221 -2.4380438327789307
H -2.309234857559204 -0.12864640355110168 -1.29818594455719
H -2.27046537399292 1.8907126188278198 -2.7369658946990967
H -1.1857539415359497 1.0585007667541504 -3.8758132457733154
H -2.887972354888916 -0.5799567103385925 -4.196413040161133
H -3.892427921295166 0.19058889150619507 -3.1417455673217773
H -3.4675586223602295 0.9198783040046692 -4.556607723236084
H 3.8610000610351562 -1.8860000371932983 0.11500000208616257
