N 1.4220000505447388 1.7960000038146973 0.1979999989271164
C 1.3940000534057617 0.35499998927116394 0.48399999737739563
C 2.6570000648498535 -0.2840000092983246 -0.03200000151991844
O 3.315999984741211 0.2750000059604645 -0.8759999871253967
C 0.18400028347969055 -0.2779999077320099 -0.20599982142448425
C 0.4784318804740906 -1.7512688636779785 -0.4991777837276459
C -0.7318981289863586 -2.385131359100342 -1.1895605325698853
C -0.4383361339569092 -3.856902599334717 -1.482751727104187
N -1.5992473363876343 -4.465850830078125 -2.1465444564819336
O 3.049999952316284 -1.4759999513626099 0.44600000977516174
H 1.4889999628067017 1.8910000324249268 -0.8040000200271606
H 0.5210000276565552 2.1619999408721924 0.46399998664855957
H 1.3220000267028809 0.20000000298023224 1.559999942779541
H -0.6859490275382996 -0.20380772650241852 0.4450121223926544
H -0.016203034669160843 0.24513545632362366 -1.1411906480789185
H 1.3480738401412964 -1.8249791860580444 -1.1510101556777954
H 0.6783048510551453 -2.2752671241760254 0.4356299638748169
H -1.602739930152893 -2.310786008834839 -0.5381242632865906
H -0.9317712783813477 -1.861133337020874 -2.12436842918396
H 0.4321754574775696 -3.9321107864379883 -2.134571075439453
H -0.2375706434249878 -4.381053924560547 -0.5483682155609131
H -2.4048357009887695 -4.39676570892334 -1.54214346408844
H -1.7846999168395996 -3.9809303283691406 -3.01098895072937
H -1.4062658548355103 -5.437021255493164 -2.3395726680755615
H 3.8610000610351562 -1.8860000371932983 0.11500000208616257
