N 1.4220000505447388 1.7960000038146973 0.1979999989271164
C 1.3940000534057617 0.35499998927116394 0.48399999737739563
C 2.6570000648498535 -0.2840000092983246 -0.03200000151991844
O 3.315999984741211 0.2750000059604645 -0.8759999871253967
C 0.18400001525878906 -0.27800002694129944 -0.20599998533725739
C -1.0429341793060303 -0.15075291693210602 0.7004246711730957
C -2.2539093494415283 -0.7839362621307373 0.010549290105700493
C -3.479900598526001 -0.6571797728538513 0.9156064391136169
N -4.642580509185791 -1.2657983303070068 0.25461214780807495
O 3.049999952316284 -1.4759999513626099 0.44600000977516174
H 1.4889999628067017 1.8910000324249268 -0.8040000200271606
H 0.5210000276565552 2.1619999408721924 0.46399998664855957
H 1.3220000267028809 0.20000000298023224 1.559999942779541
H -0.005920828320086002 0.23341894149780273 -1.14860999584198
H 0.38527387380599976 -1.3319411277770996 -0.3984343111515045
H -0.8528734445571899 -0.6631168127059937 1.642738938331604
H -1.2451833486557007 0.9030047655105591 0.892983615398407
H -2.444002151489258 -0.2722463011741638 -0.9330078959465027
H -2.0516602993011475 -1.8376940488815308 -0.18200969696044922
H -3.2907826900482178 -1.169053077697754 1.859288215637207
H -3.6819775104522705 0.39630696177482605 1.1091123819351196
H -4.8178253173828125 -0.7908216714859009 -0.618733286857605
H -4.455503463745117 -2.240400552749634 0.07584483921527863
H -5.451803684234619 -1.1818146705627441 0.8510838150978088
H 3.8610000610351562 -1.8860000371932983 0.11500000208616257
