N 1.4220000505447388 1.7960000038146973 0.1979999989271164
C 1.3940000534057617 0.35499998927116394 0.48399999737739563
C 2.6570000648498535 -0.2840000092983246 -0.03200000151991844
O 3.315999984741211 0.2750000059604645 -0.8759999871253967
C 0.1840001791715622 -0.27799996733665466 -0.20599986612796783
C -0.07919400930404663 -1.6607286930084229 0.39562681317329407
C -1.289760708808899 -2.2945525646209717 -0.29437682032585144
C -1.5531420707702637 -3.675933599472046 0.3061779737472534
N -2.714364528656006 -4.285571575164795 -0.35643595457077026
O 3.049999952316284 -1.4759999513626099 0.44600000977516174
H 1.4889999628067017 1.8910000324249268 -0.8040000200271606
H 0.5210000276565552 2.1619999408721924 0.46399998664855957
H 1.3220000267028809 0.20000000298023224 1.559999942779541
H -0.690385103225708 0.35453420877456665 -0.05942700430750847
H 0.3850941061973572 -0.3786489963531494 -1.2726603746414185
H 0.7952583432197571 -2.293304443359375 0.24805711209774017
H -0.28085488080978394 -1.5609036684036255 1.4622836112976074
H -2.1649670600891113 -1.6614528894424438 -0.14788280427455902
H -1.0880999565124512 -2.3943777084350586 -1.3610336780548096
H -0.6785024404525757 -4.30985689163208 0.1596800982952118
H -1.7539817094802856 -3.576673746109009 1.3729134798049927
H -3.5241992473602295 -3.698622226715088 -0.21967333555221558
H -2.5283005237579346 -4.377463340759277 -1.3432190418243408
H -2.888899087905884 -5.196678161621094 0.039917971938848495
H 3.8610000610351562 -1.8860000371932983 0.11500000208616257
