N 1.4220000505447388 1.7960000038146973 0.1979999989271164
C 1.3940000534057617 0.35499998927116394 0.48399999737739563
C 2.6570000648498535 -0.2840000092983246 -0.03200000151991844
O 3.315999984741211 0.2750000059604645 -0.8759999871253967
C 0.18400011956691742 -0.27799996733665466 -0.20599989593029022
C -0.38600343465805054 -1.3867087364196777 0.6822712421417236
C -1.5967001914978027 -2.020416021347046 -0.007611135020852089
C -2.1665236949920654 -3.1281213760375977 0.8792597055435181
N -3.3280699253082275 -3.7377727031707764 0.21722516417503357
O 3.049999952316284 -1.4759999513626099 0.44600000977516174
H 1.4889999628067017 1.8910000324249268 -0.8040000200271606
H 0.5210000276565552 2.1619999408721924 0.46399998664855957
H 1.3220000267028809 0.20000000298023224 1.559999942779541
H -0.5781756043434143 0.4818282425403595 -0.3729788362979889
H 0.4910334646701813 -0.7011881470680237 -1.1625436544418335
H 0.3763502538204193 -2.1468663215637207 0.8483229279518127
H -0.693733811378479 -0.9642281532287598 1.6389325857162476
H -2.3595707416534424 -1.259962558746338 -0.17494556307792664
H -1.2889699935913086 -2.442896842956543 -0.9642726182937622
H -1.4043500423431396 -3.889282464981079 1.0467116832733154
H -2.4735591411590576 -2.706265926361084 1.8362764120101929
H -4.03390645980835 -3.0326976776123047 0.06324697285890579
H -3.043787956237793 -4.128114700317383 -0.6679989099502563
H -3.704733371734619 -4.4681925773620605 0.8022769093513489
H 3.8610000610351562 -1.8860000371932983 0.11500000208616257
