N 1.4220000505447388 1.7960000038146973 0.1979999989271164
C 1.3940000534057617 0.35499998927116394 0.48399999737739563
C 2.6570000648498535 -0.2840000092983246 -0.03200000151991844
O 3.315999984741211 0.2750000059604645 -0.8759999871253967
C 0.18400031328201294 -0.2779999077320099 -0.20599980652332306
C 0.642671525478363 -1.4788564443588257 -1.0371010303497314
C -0.5675886869430542 -2.1126036643981934 -1.727711796760559
C -0.10999885201454163 -3.3122668266296387 -2.5581753253936768
N -1.2710213661193848 -3.920522928237915 -3.222407579421997
O 3.049999952316284 -1.4759999513626099 0.44600000977516174
H 1.4889999628067017 1.8910000324249268 -0.8040000200271606
H 0.5210000276565552 2.1619999408721924 0.46399998664855957
H 1.3220000267028809 0.20000000298023224 1.559999942779541
H -0.5317034125328064 -0.6082502603530884 0.5455557107925415
H -0.28761324286460876 0.45643553137779236 -0.8590841293334961
H 1.3578307628631592 -1.1479696035385132 -1.7892028093338013
H 1.1140245199203491 -2.2140395641326904 -0.3846278786659241
H -1.2840898036956787 -2.443044662475586 -0.9755834937095642
H -1.0389418601989746 -1.3774209022521973 -2.380185127258301
H 0.606241762638092 -2.9825735092163086 -3.3109147548675537
H 0.36215150356292725 -4.047259330749512 -1.9062750339508057
H -1.9335134029388428 -4.226480484008789 -2.524883270263672
H -1.7075560092926025 -3.2404801845550537 -3.8255527019500732
H -0.9696868658065796 -4.71243953704834 -3.769892692565918
H 3.8610000610351562 -1.8860000371932983 0.11500000208616257
