N 1.4220000505447388 1.7960000038146973 0.1979999989271164
C 1.3940000534057617 0.35499998927116394 0.48399999737739563
C 2.6570000648498535 -0.2840000092983246 -0.03200000151991844
O 3.315999984741211 0.2750000059604645 -0.8759999871253967
C 0.18400001525878906 -0.27800002694129944 -0.20600000023841858
C -1.082471251487732 0.04378695413470268 0.5912884473800659
C -2.2934629917144775 -0.5893139243125916 -0.0986332818865776
C -3.5589497089385986 -0.2682476341724396 0.6974257826805115
N -4.7217793464660645 -0.8766075968742371 0.03645704686641693
O 3.049999952316284 -1.4759999513626099 0.44600000977516174
H 1.4889999628067017 1.8910000324249268 -0.8040000200271606
H 0.5210000276565552 2.1619999408721924 0.46399998664855957
H 1.3220000267028809 0.20000000298023224 1.559999942779541
H 0.0899629071354866 0.12205229699611664 -1.2145872116088867
H 0.31735512614250183 -1.358824610710144 -0.2546677589416504
H -0.9883474707603455 -0.3572472333908081 1.5997071266174316
H -1.2168183326721191 1.124510645866394 0.6400344371795654
H -2.387593984603882 -0.18910130858421326 -1.1082031726837158
H -2.15911602973938 -1.6700377464294434 -0.14737935364246368
H -3.465810537338257 -0.6685612201690674 1.7070739269256592
H -3.6932027339935303 0.8123157024383545 0.7471544146537781
H -4.808104991912842 -0.5048736929893494 -0.898105800151825
H -4.597463607788086 -1.8762363195419312 -0.009292188100516796
H -5.556992530822754 -0.6644873023033142 0.5609543919563293
H 3.8610000610351562 -1.8860000371932983 0.11500000208616257
