N 1.4220000505447388 1.7960000038146973 0.1979999989271164
C 1.3940000534057617 0.35499998927116394 0.48399999737739563
C 2.6570000648498535 -0.2840000092983246 -0.03200000151991844
O 3.315999984741211 0.2750000059604645 -0.8759999871253967
C 0.184000164270401 -0.27799996733665466 -0.2059999406337738
C -0.3271945118904114 0.6621792912483215 -1.3004896640777588
C -1.537865400314331 0.029339665547013283 -1.9912134408950806
C -2.0490264892578125 0.9681376218795776 -3.084658622741699
N -3.211937665939331 0.36192330718040466 -3.7474524974823
O 3.049999952316284 -1.4759999513626099 0.44600000977516174
H 1.4889999628067017 1.8910000324249268 -0.8040000200271606
H 0.5210000276565552 2.1619999408721924 0.46399998664855957
H 1.3220000267028809 0.20000000298023224 1.559999942779541
H 0.4749058187007904 -1.228818416595459 -0.6503543257713318
H -0.6057993769645691 -0.44561856985092163 0.5264305472373962
H -0.6188350915908813 1.6127256155014038 -0.8555141687393188
H 0.46193385124206543 0.8299582004547119 -2.033644199371338
H -1.2468624114990234 -0.922427773475647 -2.435868263244629
H -2.326993942260742 -0.13843931257724762 -1.258059024810791
H -2.340700626373291 1.9200652837753296 -2.6407275199890137
H -1.259995460510254 1.136865258216858 -3.8175125122070312
H -2.941063165664673 -0.5190832614898682 -4.159156322479248
H -3.9418060779571533 0.20607461035251617 -3.0693612098693848
H -3.549103021621704 0.9806573987007141 -4.469367980957031
H 3.8610000610351562 -1.8860000371932983 0.11500000208616257
