N 1.4220000505447388 1.7960000038146973 0.1979999989271164
C 1.3940000534057617 0.35499998927116394 0.48399999737739563
C 2.6570000648498535 -0.2840000092983246 -0.03200000151991844
O 3.315999984741211 0.2750000059604645 -0.8759999871253967
C 0.18400031328201294 -0.2779999077320099 -0.20599982142448425
C 0.6261593103408813 -0.9141148328781128 -1.5262339115142822
C -0.5841076374053955 -1.5476229190826416 -2.217052459716797
C -0.14303015172481537 -2.183204412460327 -3.536043167114258
N -1.304443597793579 -2.790562152862549 -4.200413703918457
O 3.049999952316284 -1.4759999513626099 0.44600000977516174
H 1.4889999628067017 1.8910000324249268 -0.8040000200271606
H 0.5210000276565552 2.1619999408721924 0.46399998664855957
H 1.3220000267028809 0.20000000298023224 1.559999942779541
H -0.24441637098789215 -1.042734146118164 0.4403541684150696
H -0.5636666417121887 0.48978501558303833 -0.40558499097824097
H 1.0538041591644287 -0.148759126663208 -2.1727216243743896
H 1.3735589981079102 -1.682408094406128 -1.3274675607681274
H -1.0131012201309204 -2.312953472137451 -1.5701398849487305
H -1.3315074443817139 -0.7793297171592712 -2.415818929672241
H 0.2856961786746979 -1.4183820486068726 -4.183774471282959
H 0.6049463748931885 -2.9509012699127197 -3.3378350734710693
H -1.7004904747009277 -3.4993553161621094 -3.600576162338257
H -1.9961944818496704 -2.080181121826172 -4.383838176727295
H -1.0137900114059448 -3.210581064224243 -5.070343971252441
H 3.8610000610351562 -1.8860000371932983 0.11500000208616257
