N 1.4220000505447388 1.7960000038146973 0.1979999989271164
C 1.3940000534057617 0.35499998927116394 0.48399999737739563
C 2.6570000648498535 -0.2840000092983246 -0.03200000151991844
O 3.315999984741211 0.2750000059604645 -0.8759999871253967
C 0.18400007486343384 -0.27799999713897705 -0.2059999406337738
C -0.6987780928611755 -0.9618535041809082 0.8410014510154724
C -1.9096074104309082 -1.5953806638717651 0.15118610858917236
C -2.7918365001678467 -2.2787513732910156 1.1966173648834229
N -3.9538111686706543 -2.8881783485412598 0.5351285934448242
O 3.049999952316284 -1.4759999513626099 0.44600000977516174
H 1.4889999628067017 1.8910000324249268 -0.8040000200271606
H 0.5210000276565552 2.1619999408721924 0.46399998664855957
H 1.3220000267028809 0.20000000298023224 1.559999942779541
H -0.3893768787384033 0.49483686685562134 -0.7159948348999023
H 0.5244909524917603 -1.01658296585083 -0.9318752884864807
H -0.12517189979553223 -1.7353129386901855 1.3502482175827026
H -1.0400985479354858 -0.22379787266254425 1.567061424255371
H -2.4834938049316406 -0.8219655156135559 -0.3594461679458618
H -1.5682872533798218 -2.3334364891052246 -0.5748739242553711
H -2.2187793254852295 -3.0526936054229736 1.7074342966079712
H -3.1326472759246826 -1.541273832321167 1.9233145713806152
H -4.484617710113525 -2.1709375381469727 0.06305231153964996
H -3.6383209228515625 -3.570497751235962 -0.13696566224098206
H -4.536481857299805 -3.338580846786499 1.2245534658432007
H 3.8610000610351562 -1.8860000371932983 0.11500000208616257
