N 1.4220000505447388 1.7960000038146973 0.1979999989271164
C 1.3940000534057617 0.35499998927116394 0.48399999737739563
C 2.6570000648498535 -0.2840000092983246 -0.03200000151991844
O 3.315999984741211 0.2750000059604645 -0.8759999871253967
C 0.18400020897388458 -0.2779999375343323 -0.20599985122680664
C 0.12774458527565002 -1.7697306871414185 0.132732093334198
C -1.082734227180481 -2.4036006927490234 -0.5573828816413879
C -1.139427661895752 -3.8938403129577637 -0.21941541135311127
N -2.300483465194702 -4.503345489501953 -0.8824435472488403
O 3.049999952316284 -1.4759999513626099 0.44600000977516174
H 1.4889999628067017 1.8910000324249268 -0.8040000200271606
H 0.5210000276565552 2.1619999408721924 0.46399998664855957
H 1.3220000267028809 0.20000000298023224 1.559999942779541
H -0.7272968292236328 0.20783504843711853 0.13988283276557922
H 0.27479755878448486 -0.15411041676998138 -1.2852314710617065
H 1.039001703262329 -2.255413055419922 -0.21413801610469818
H 0.03646806627511978 -1.8944905996322632 1.2118486166000366
H -1.9949082136154175 -1.9172972440719604 -0.2113923877477646
H -0.9914579391479492 -2.278841018676758 -1.6364995241165161
H -0.22773271799087524 -4.381013870239258 -0.5655211210250854
H -1.2298271656036377 -4.019068241119385 0.8595932126045227
H -3.144503355026245 -4.052480220794678 -0.5608900785446167
H -2.2165777683258057 -4.387539863586426 -1.880618691444397
H -2.3386573791503906 -5.486394882202148 -0.659214973449707
H 3.8610000610351562 -1.8860000371932983 0.11500000208616257
