N 1.4220000505447388 1.7960000038146973 0.1979999989271164
C 1.3940000534057617 0.35499998927116394 0.48399999737739563
C 2.6570000648498535 -0.2840000092983246 -0.03200000151991844
O 3.315999984741211 0.2750000059604645 -0.8759999871253967
C 0.18400020897388458 -0.2779999375343323 -0.20599985122680664
C 0.1135050505399704 -1.7644175291061401 0.15282860398292542
C -1.0969798564910889 -2.398285388946533 -0.53727787733078
C -1.1678954362869263 -3.883219003677368 -0.179237499833107
N -2.328961133956909 -4.49273681640625 -0.8422364592552185
O 3.049999952316284 -1.4759999513626099 0.44600000977516174
H 1.4889999628067017 1.8910000324249268 -0.8040000200271606
H 0.5210000276565552 2.1619999408721924 0.46399998664855957
H 1.3220000267028809 0.20000000298023224 1.559999942779541
H -0.7258754372596741 0.2196846604347229 0.12651950120925903
H 0.28350764513015747 -0.16976267099380493 -1.2861465215682983
H 1.0233490467071533 -2.261962890625 -0.18068045377731323
H 0.013512403704226017 -1.8735228776931763 1.2328685522079468
H -2.0077295303344727 -1.900123953819275 -0.20466352999210358
H -0.9969874024391174 -2.289180278778076 -1.6173179149627686
H -0.25763094425201416 -4.382248401641846 -0.5119585394859314
H -1.2670141458511353 -3.9928009510040283 0.900707483291626
H -3.171666383743286 -4.030880451202393 -0.5330722332000732
H -2.236989974975586 -4.391407489776611 -1.8412752151489258
H -2.376518964767456 -5.472276210784912 -0.6057723164558411
H 3.8610000610351562 -1.8860000371932983 0.11500000208616257
