N 1.4220000505447388 1.7960000038146973 0.1979999989271164
C 1.3940000534057617 0.35499998927116394 0.48399999737739563
C 2.6570000648498535 -0.2840000092983246 -0.03200000151991844
O 3.315999984741211 0.2750000059604645 -0.8759999871253967
C 0.18400003015995026 -0.27800002694129944 -0.20600000023841858
C -1.0542101860046387 0.5866696834564209 0.043693386018276215
C -2.2651896476745605 -0.04620129615068436 -0.6464607119560242
C -3.502469778060913 0.8171168565750122 -0.39732253551483154
N -4.665655612945557 0.20968663692474365 -1.058519959449768
O 3.049999952316284 -1.4759999513626099 0.44600000977516174
H 1.4889999628067017 1.8910000324249268 -0.8040000200271606
H 0.5210000276565552 2.1619999408721924 0.46399998664855957
H 1.3220000267028809 0.20000000298023224 1.559999942779541
H 0.3701457381248474 -0.3455553650856018 -1.2769429683685303
H 0.016554411500692368 -1.2767349481582642 0.19751505553722382
H -1.2405205965042114 0.6532702445983887 1.1148837804794312
H -0.8877443075180054 1.5855337381362915 -0.35997581481933594
H -2.0789287090301514 -0.11402436345815659 -1.718360424041748
H -2.4316558837890625 -1.0450654029846191 -0.2427915632724762
H -3.6897103786468506 0.8850688934326172 0.674423098564148
H -3.3361189365386963 1.8162485361099243 -0.8000350594520569
H -4.492114543914795 0.14785879850387573 -2.0510454177856445
H -4.8194756507873535 -0.714521050453186 -0.6857137680053711
H -5.482046604156494 0.7792748212814331 -0.8949682116508484
H 3.8610000610351562 -1.8860000371932983 0.11500000208616257
