N 1.4220000505447388 1.7960000038146973 0.1979999989271164
C 1.3940000534057617 0.35499998927116394 0.48399999737739563
C 2.6570000648498535 -0.2840000092983246 -0.03200000151991844
O 3.315999984741211 0.2750000059604645 -0.8759999871253967
C 0.18400003015995026 -0.27800002694129944 -0.20600000023841858
C -1.0490802526474 0.5996978282928467 0.02274548076093197
C -2.2600576877593994 -0.03316761553287506 -0.6674175262451172
C -3.4922144412994385 0.8431639671325684 -0.4392017722129822
N -4.655406475067139 0.23576270043849945 -1.1004142761230469
O 3.049999952316284 -1.4759999513626099 0.44600000977516174
H 1.4889999628067017 1.8910000324249268 -0.8040000200271606
H 0.5210000276565552 2.1619999408721924 0.46399998664855957
H 1.3220000267028809 0.20000000298023224 1.559999942779541
H 0.37727463245391846 -0.3618145287036896 -1.2745283842086792
H 0.005761769600212574 -1.2697184085845947 0.21000437438488007
H -1.2425287961959839 0.6825624108314514 1.0915331840515137
H -0.8718195557594299 1.5915508270263672 -0.3934219479560852
H -2.0666630268096924 -0.11726394295692444 -1.7368979454040527
H -2.4373185634613037 -1.0250205993652344 -0.25125014781951904
H -3.686586618423462 0.9273947477340698 0.6301156878471375
H -3.3150737285614014 1.8352986574172974 -0.8544172048568726
H -4.475252628326416 0.15885813534259796 -2.090705156326294
H -4.819210052490234 -0.6819691061973572 -0.7160425186157227
H -5.468411445617676 0.8139259219169617 -0.9506669640541077
H 3.8610000610351562 -1.8860000371932983 0.11500000208616257
