N 1.4220000505447388 1.7960000038146973 0.1979999989271164
C 1.3940000534057617 0.35499998927116394 0.48399999737739563
C 2.6570000648498535 -0.2840000092983246 -0.03200000151991844
O 3.315999984741211 0.2750000059604645 -0.8759999871253967
C 0.18400020897388458 -0.2779999375343323 -0.20599985122680664
C 0.09916439652442932 -1.7587157487869263 0.17274591326713562
C -1.1113265752792358 -2.3925812244415283 -0.5173521041870117
C -1.1965653896331787 -3.8718206882476807 -0.1394178569316864
N -2.3576414585113525 -4.481350898742676 -0.802387535572052
O 3.049999952316284 -1.4759999513626099 0.44600000977516174
H 1.4889999628067017 1.8910000324249268 -0.8040000200271606
H 0.5210000276565552 2.1619999408721924 0.46399998664855957
H 1.3220000267028809 0.20000000298023224 1.559999942779541
H -0.7242645025253296 0.2313368171453476 0.11300492286682129
H 0.29209980368614197 -0.18549373745918274 -1.2867823839187622
H 1.0074056386947632 -2.2679266929626465 -0.14725059270858765
H -0.009426506236195564 -1.8520876169204712 1.2534302473068237
H -2.0204620361328125 -1.88275945186615 -0.19826529920101166
H -1.0027358531951904 -2.2992093563079834 -1.598036527633667
H -0.28792107105255127 -4.382507801055908 -0.4586029350757599
H -1.3042855262756348 -3.965677261352539 0.9411843419075012
H -3.1988558769226074 -4.008686065673828 -0.5057529211044312
H -2.257713556289673 -4.394570827484131 -1.8020317554473877
H -2.414649724960327 -5.45712423324585 -0.55280601978302
H 3.8610000610351562 -1.8860000371932983 0.11500000208616257
