N 1.4220000505447388 1.7960000038146973 0.1979999989271164
C 1.3940000534057617 0.35499998927116394 0.48399999737739563
C 2.6570000648498535 -0.2840000092983246 -0.03200000151991844
O 3.315999984741211 0.2750000059604645 -0.8759999871253967
C 0.18400029838085175 -0.2779999077320099 -0.20599980652332306
C 0.6172872185707092 -1.5637575387954712 -0.9146989583969116
C -0.5929837226867676 -2.197540760040283 -1.6052579879760742
C -0.16074392199516296 -3.482008218765259 -2.3134686946868896
N -1.3217202425003052 -4.0904412269592285 -2.9776196479797363
O 3.049999952316284 -1.4759999513626099 0.44600000977516174
H 1.4889999628067017 1.8910000324249268 -0.8040000200271606
H 0.5210000276565552 2.1619999408721924 0.46399998664855957
H 1.3220000267028809 0.20000000298023224 1.559999942779541
H -0.5774285197257996 -0.511398434638977 0.5368891954421997
H -0.22374017536640167 0.41983187198638916 -0.937513530254364
H 1.378226399421692 -1.3297464847564697 -1.6582084894180298
H 1.0247564315795898 -2.2623729705810547 -0.18374451994895935
H -1.355241298675537 -2.431044816970825 -0.8618190884590149
H -1.0004531145095825 -1.4989255666732788 -2.336212635040283
H 0.6012423038482666 -3.2492873668670654 -3.057466745376587
H 0.24755389988422394 -4.180517673492432 -1.5830638408660889
H -2.0266265869140625 -4.306591987609863 -2.288104295730591
H -1.6991773843765259 -3.4441661834716797 -3.653385877609253
H -1.0371476411819458 -4.938244819641113 -3.444439649581909
H 3.8610000610351562 -1.8860000371932983 0.11500000208616257
