N 1.4220000505447388 1.7960000038146973 0.1979999989271164
C 1.3940000534057617 0.35499998927116394 0.48399999737739563
C 2.6570000648498535 -0.2840000092983246 -0.03200000151991844
O 3.315999984741211 0.2750000059604645 -0.8759999871253967
C 0.1840001791715622 -0.27799996733665466 -0.20599986612796783
C -0.063988097012043 -1.670925498008728 0.37831586599349976
C -1.2745482921600342 -2.304753541946411 -0.3116951286792755
C -1.5227421522140503 -3.6963183879852295 0.27156883478164673
N -2.683950901031494 -4.305950164794922 -0.39107489585876465
O 3.049999952316284 -1.4759999513626099 0.44600000977516174
H 1.4889999628067017 1.8910000324249268 -0.8040000200271606
H 0.5210000276565552 2.1619999408721924 0.46399998664855957
H 1.3220000267028809 0.20000000298023224 1.559999942779541
H -0.6942158937454224 0.3455098569393158 -0.044430386275053024
H 0.37810999155044556 -0.3623514771461487 -1.2753641605377197
H 0.8142881393432617 -2.2944626808166504 0.215748593211174
H -0.25865840911865234 -1.58740234375 1.4476690292358398
H -2.153590440750122 -1.6806838512420654 -0.15019077062606812
H -1.0798782110214233 -2.388277053833008 -1.381048321723938
H -0.6442602872848511 -4.321216106414795 0.11005327850580215
H -1.7165863513946533 -3.6133549213409424 1.340986967086792
H -3.4973349571228027 -3.7273731231689453 -0.24040749669075012
H -2.50435733795166 -4.38276481628418 -1.3803426027297974
H -2.848466396331787 -5.223783493041992 -0.0061195120215415955
H 3.8610000610351562 -1.8860000371932983 0.11500000208616257
