N 1.4220000505447388 1.7960000038146973 0.1979999989271164
C 1.3940000534057617 0.35499998927116394 0.48399999737739563
C 2.6570000648498535 -0.2840000092983246 -0.03200000151991844
O 3.315999984741211 0.2750000059604645 -0.8759999871253967
C 0.18400031328201294 -0.2779999077320099 -0.20599980652332306
C 0.6639218926429749 -1.3137568235397339 -1.2258270978927612
C -0.5463292002677917 -1.9474341869354248 -1.9165180921554565
C -0.06752108782529831 -2.9821884632110596 -2.935476541519165
N -1.2286462783813477 -3.5901429653167725 -3.5998055934906006
O 3.049999952316284 -1.4759999513626099 0.44600000977516174
H 1.4889999628067017 1.8910000324249268 -0.8040000200271606
H 0.5210000276565552 2.1619999408721924 0.46399998664855957
H 1.3220000267028809 0.20000000298023224 1.559999942779541
H -0.4453437030315399 -0.7647784352302551 0.5377108454704285
H -0.3892521560192108 0.49574705958366394 -0.716911792755127
H 1.2926356792449951 -0.8263217210769653 -1.96995210647583
H 1.2369229793548584 -2.088181495666504 -0.7156064510345459
H -1.176407814025879 -2.434544324874878 -1.172215223312378
H -1.1193304061889648 -1.1730096340179443 -2.426738977432251
H 0.5623061656951904 -2.495755910873413 -3.6804704666137695
H 0.5062144994735718 -3.756281614303589 -2.4258477687835693
H -1.8110374212265015 -4.04123592376709 -2.9096016883850098
H -1.7591718435287476 -2.873898506164551 -4.07133674621582
H -0.9132456183433533 -4.273357391357422 -4.271679401397705
H 3.8610000610351562 -1.8860000371932983 0.11500000208616257
