N 1.4220000505447388 1.7960000038146973 0.1979999989271164
C 1.3940000534057617 0.35499998927116394 0.48399999737739563
C 2.6570000648498535 -0.2840000092983246 -0.03200000151991844
O 3.315999984741211 0.2750000059604645 -0.8759999871253967
C 0.18400001525878906 -0.27800002694129944 -0.20600000023841858
C -1.0887619256973267 0.45518630743026733 0.2249058336019516
C -2.2997562885284424 -0.17774033546447754 -0.4651713967323303
C -3.5715408325195312 0.5542450547218323 -0.035041745752096176
N -4.734652519226074 -0.053452018648386 -0.6961238384246826
O 3.049999952316284 -1.4759999513626099 0.44600000977516174
H 1.4889999628067017 1.8910000324249268 -0.8040000200271606
H 0.5210000276565552 2.1619999408721924 0.46399998664855957
H 1.3220000267028809 0.20000000298023224 1.559999942779541
H 0.29976600408554077 -0.20095062255859375 -1.2861826419830322
H 0.11165090650320053 -1.3280258178710938 0.07780534774065018
H -1.2046111822128296 0.3771495521068573 1.305222988128662
H -1.0174072980880737 1.505285382270813 -0.05897679552435875
H -2.1839237213134766 -0.10083116590976715 -1.5463420152664185
H -2.3711111545562744 -1.2278395891189575 -0.18128883838653564
H -3.6883673667907715 0.4774091839790344 1.0460516214370728
H -3.5002522468566895 1.6044843196868896 -0.3179364502429962
H -4.626394271850586 0.018805021420121193 -1.6971757411956787
H -4.8005194664001465 -1.0249662399291992 -0.43415674567222595
H -5.573864936828613 0.42958131432533264 -0.4131474196910858
H 3.8610000610351562 -1.8860000371932983 0.11500000208616257
