N 1.4220000505447388 1.7960000038146973 0.1979999989271164
C 1.3940000534057617 0.35499998927116394 0.48399999737739563
C 2.6570000648498535 -0.2840000092983246 -0.03200000151991844
O 3.315999984741211 0.2750000059604645 -0.8759999871253967
C 0.18400005996227264 -0.27799999713897705 -0.20599998533725739
C -0.8859749436378479 0.7915344834327698 -0.43926888704299927
C -2.0968830585479736 0.15875011682510376 -1.1296277046203613
C -3.166142225265503 1.2267075777053833 -1.3628692626953125
N -4.3293914794921875 0.6198650598526001 -2.024493932723999
O 3.049999952316284 -1.4759999513626099 0.44600000977516174
H 1.4889999628067017 1.8910000324249268 -0.8040000200271606
H 0.5210000276565552 2.1619999408721924 0.46399998664855957
H 1.3220000267028809 0.20000000298023224 1.559999942779541
H 0.4902133047580719 -0.7003166079521179 -1.1620413064956665
H -0.22345976531505585 -1.0671331882476807 0.4261227548122406
H -1.1925643682479858 1.2130544185638428 0.5172455310821533
H -0.4794234037399292 1.5808833837509155 -1.0717506408691406
H -1.7904858589172363 -0.26413118839263916 -2.0864737033843994
H -2.503434896469116 -0.630598783493042 -0.4971461296081543
H -3.473447561264038 1.6498044729232788 -0.40638217329978943
H -2.7597744464874268 2.0166211128234863 -1.9945462942123413
H -4.04445219039917 0.2290566861629486 -2.9105663299560547
H -4.705269813537598 -0.11073099076747894 -1.4399000406265259
H -5.034820079803467 1.3242238759994507 -2.179166078567505
H 3.8610000610351562 -1.8860000371932983 0.11500000208616257
