N 1.4220000505447388 1.7960000038146973 0.1979999989271164
C 1.3940000534057617 0.35499998927116394 0.48399999737739563
C 2.6570000648498535 -0.2840000092983246 -0.03200000151991844
O 3.315999984741211 0.2750000059604645 -0.8759999871253967
C 0.18400025367736816 -0.2779999375343323 -0.20599982142448425
C 0.37353241443634033 -1.7954049110412598 -0.27473369240760803
C -0.8368421196937561 -2.429286003112793 -0.9650213122367859
C -0.648048996925354 -3.945150136947632 -1.0340368747711182
N -1.8089772462844849 -4.554327964782715 -1.6975890398025513
O 3.049999952316284 -1.4759999513626099 0.44600000977516174
H 1.4889999628067017 1.8910000324249268 -0.8040000200271606
H 0.5210000276565552 2.1619999408721924 0.46399998664855957
H 1.3220000267028809 0.20000000298023224 1.559999942779541
H -0.7180628776550293 -0.04968998581171036 0.35994136333465576
H 0.0906239002943039 0.12215080857276917 -1.2156997919082642
H 1.275384545326233 -2.0233314037323 -0.8415740132331848
H 0.466533899307251 -2.196437120437622 0.7346783876419067
H -1.739808201789856 -2.200699806213379 -0.39875051379203796
H -0.9298437833786011 -2.0282540321350098 -1.9744335412979126
H 0.2545422315597534 -4.174617767333984 -1.6005955934524536
H -0.5541446208953857 -4.346458435058594 -0.02495439350605011
H -2.6443748474121094 -4.342314720153809 -1.1720350980758667
H -1.8955687284469604 -4.183076858520508 -2.6311194896698
H -1.6851540803909302 -5.554479122161865 -1.742753267288208
H 3.8610000610351562 -1.8860000371932983 0.11500000208616257
