N 1.4220000505447388 1.7960000038146973 0.1979999989271164
C 1.3940000534057617 0.35499998927116394 0.48399999737739563
C 2.6570000648498535 -0.2840000092983246 -0.03200000151991844
O 3.315999984741211 0.2750000059604645 -0.8759999871253967
C 0.18400028347969055 -0.2779999077320099 -0.20599985122680664
C 0.44765499234199524 -0.37153932452201843 -1.71095871925354
C -0.7626874446868896 -1.0048174858093262 -2.401855945587158
C -0.4999144673347473 -1.0984704494476318 -3.9053282737731934
N -1.6617764234542847 -1.7052098512649536 -4.569479942321777
O 3.049999952316284 -1.4759999513626099 0.44600000977516174
H 1.4889999628067017 1.8910000324249268 -0.8040000200271606
H 0.5210000276565552 2.1619999408721924 0.46399998664855957
H 1.3220000267028809 0.20000000298023224 1.559999942779541
H 0.016796927899122238 -1.276125192642212 0.19639524817466736
H -0.6983122229576111 0.3374544680118561 -0.029720723628997803
H 0.6139883995056152 0.6270402669906616 -2.1131625175476074
H 1.3296247720718384 -0.9872720241546631 -1.888135313987732
H -0.9302453398704529 -2.003788948059082 -1.9990628957748413
H -1.6446573734283447 -0.3890848457813263 -2.224679470062256
H -0.33269938826560974 -0.09977716207504272 -4.309018611907959
H 0.3824097514152527 -1.713356852531433 -4.082902431488037
H -1.815598964691162 -2.6303365230560303 -4.195949554443359
H -2.4778597354888916 -1.1361453533172607 -4.405229091644287
H -1.4885857105255127 -1.767798900604248 -5.5613274574279785
H 3.8610000610351562 -1.8860000371932983 0.11500000208616257
