N 1.4220000505447388 1.7960000038146973 0.1979999989271164
C 1.3940000534057617 0.35499998927116394 0.48399999737739563
C 2.6570000648498535 -0.2840000092983246 -0.03200000151991844
O 3.315999984741211 0.2750000059604645 -0.8759999871253967
C 0.18400029838085175 -0.2779999077320099 -0.20599983632564545
C 0.5219563841819763 -0.5548698306083679 -1.6730695962905884
C -0.6883546113967896 -1.1882256269454956 -2.363950490951538
C -0.35136494040489197 -1.4649895429611206 -3.8295867443084717
N -1.5130690336227417 -2.0719168186187744 -4.493842601776123
O 3.049999952316284 -1.4759999513626099 0.44600000977516174
H 1.4889999628067017 1.8910000324249268 -0.8040000200271606
H 0.5210000276565552 2.1619999408721924 0.46399998664855957
H 1.3220000267028809 0.20000000298023224 1.559999942779541
H -0.07019171863794327 -1.2130917310714722 0.29111430048942566
H -0.6640458703041077 0.4047808349132538 -0.15157562494277954
H 0.7753012180328369 0.38074594736099243 -2.170095920562744
H 1.369691252708435 -1.238006591796875 -1.7283750772476196
H -0.9429771900177002 -2.124091386795044 -1.866371512413025
H -1.5360896587371826 -0.5050889849662781 -2.308645248413086
H -0.09705370664596558 -0.5294797420501709 -4.328046798706055
H 0.49680039286613464 -2.147352457046509 -3.8853566646575928
H -1.7475531101226807 -2.9386255741119385 -4.032454490661621
H -2.2975358963012695 -1.4404433965682983 -4.442288398742676
H -1.2909698486328125 -2.255288600921631 -5.4606523513793945
H 3.8610000610351562 -1.8860000371932983 0.11500000208616257
