N 1.4220000505447388 1.7960000038146973 0.1979999989271164
C 1.3940000534057617 0.35499998927116394 0.48399999737739563
C 2.6570000648498535 -0.2840000092983246 -0.03200000151991844
O 3.315999984741211 0.2750000059604645 -0.8759999871253967
C 0.1840001791715622 -0.27799996733665466 -0.2059999257326126
C -0.15789104998111725 0.5198659896850586 -1.4668270349502563
C -1.368490219116211 -0.11303403973579407 -2.157621145248413
C -1.7105509042739868 0.6836301684379578 -3.41721248626709
N -2.8732895851135254 0.07743768393993378 -4.080328941345215
O 3.049999952316284 -1.4759999513626099 0.44600000977516174
H 1.4889999628067017 1.8910000324249268 -0.8040000200271606
H 0.5210000276565552 2.1619999408721924 0.46399998664855957
H 1.3220000267028809 0.20000000298023224 1.559999942779541
H 0.417535662651062 -1.3062005043029785 -0.4787589907646179
H -0.6688162684440613 -0.2668149173259735 0.47290560603141785
H -0.3922263979911804 1.5479532480239868 -1.1934787034988403
H 0.6943259835243225 0.508780837059021 -2.146527051925659
H -1.1349235773086548 -1.1422232389450073 -2.430527925491333
H -2.220707416534424 -0.10194893181324005 -1.4779213666915894
H -1.9447168111801147 1.7129192352294922 -3.1450998783111572
H -0.8583648800849915 0.6735334992408752 -4.09676456451416
H -2.6555838584899902 -0.8753718733787537 -4.332923412322998
H -3.6615700721740723 0.08703039586544037 -3.4515790939331055
H -3.0989129543304443 0.6023234724998474 -4.9117512702941895
H 3.8610000610351562 -1.8860000371932983 0.11500000208616257
