N 1.4220000505447388 1.7960000038146973 0.1979999989271164
C 1.3940000534057617 0.35499998927116394 0.48399999737739563
C 2.6570000648498535 -0.2840000092983246 -0.03200000151991844
O 3.315999984741211 0.2750000059604645 -0.8759999871253967
C 0.18400003015995026 -0.27800002694129944 -0.20599998533725739
C -1.0052167177200317 -0.2853724956512451 0.7577812671661377
C -2.2161757946014404 -0.9186128377914429 0.06793025135993958
C -3.4044911861419678 -0.9263159036636353 1.0302698612213135
N -4.5670623779296875 -1.5350978374481201 0.3692355453968048
O 3.049999952316284 -1.4759999513626099 0.44600000977516174
H 1.4889999628067017 1.8910000324249268 -0.8040000200271606
H 0.5210000276565552 2.1619999408721924 0.46399998664855957
H 1.3220000267028809 0.20000000298023224 1.559999942779541
H -0.07132893055677414 0.29876232147216797 -1.0938541889190674
H 0.423956960439682 -1.301595687866211 -0.4941084682941437
H -0.7497186660766602 -0.8630444407463074 1.6452561616897583
H -1.2461329698562622 0.7379827499389648 1.0460387468338013
H -2.471731424331665 -0.3415118455886841 -0.8208373188972473
H -1.975259780883789 -1.9419682025909424 -0.22032728791236877
H -3.1498944759368896 -1.503657341003418 1.9191864728927612
H -3.6451804637908936 0.09670066088438034 1.3194406032562256
H -4.802962779998779 -0.9995492696762085 -0.4533121883869171
H -4.344254016876221 -2.481525421142578 0.1019604355096817
H -5.351473331451416 -1.5397915840148926 1.0035475492477417
H 3.8610000610351562 -1.8860000371932983 0.11500000208616257
