N 1.4220000505447388 1.7960000038146973 0.1979999989271164
C 1.3940000534057617 0.35499998927116394 0.48399999737739563
C 2.6570000648498535 -0.2840000092983246 -0.03200000151991844
O 3.315999984741211 0.2750000059604645 -0.8759999871253967
C 0.18400008976459503 -0.27799999713897705 -0.2059999704360962
C -0.6744300723075867 0.82098788022995 -0.8372591137886047
C -1.8852483034133911 0.18821583688259125 -1.5277866125106812
C -2.7432239055633545 1.2856093645095825 -2.1585445404052734
N -3.906398296356201 0.6791328191757202 -2.820636034011841
O 3.049999952316284 -1.4759999513626099 0.44600000977516174
H 1.4889999628067017 1.8910000324249268 -0.8040000200271606
H 0.5210000276565552 2.1619999408721924 0.46399998664855957
H 1.3220000267028809 0.20000000298023224 1.559999942779541
H 0.524522066116333 -0.9633296132087708 -0.9809199571609497
H -0.408383309841156 -0.8246076107025146 0.5279181599617004
H -1.0154972076416016 1.505719542503357 -0.06175175681710243
H -0.0828651636838913 1.3678234815597534 -1.5717049837112427
H -1.5445446968078613 -0.49788224697113037 -2.3033204078674316
H -2.476813554763794 -0.358619749546051 -0.7933409214019775
H -3.0847456455230713 1.9719352722167969 -1.3835383653640747
H -2.1518404483795166 1.833213210105896 -2.89237642288208
H -3.5895886421203613 0.04439576342701912 -3.538818597793579
H -4.453436851501465 0.1727428287267685 -2.141575813293457
H -4.472380638122559 1.4027187824249268 -3.237483263015747
H 3.8610000610351562 -1.8860000371932983 0.11500000208616257
