N 1.4220000505447388 1.7960000038146973 0.1979999989271164
C 1.3940000534057617 0.35499998927116394 0.48399999737739563
C 2.6570000648498535 -0.2840000092983246 -0.03200000151991844
O 3.315999984741211 0.2750000059604645 -0.8759999871253967
C 0.18400001525878906 -0.27800002694129944 -0.20599998533725739
C -1.0535169839859009 -0.106630340218544 0.6785051226615906
C -2.2644965648651123 -0.7397949695587158 -0.011379573494195938
C -3.501059055328369 -0.5689682364463806 0.8717859983444214
N -4.663773536682129 -1.1775305271148682 0.21080097556114197
O 3.049999952316284 -1.4759999513626099 0.44600000977516174
H 1.4889999628067017 1.8910000324249268 -0.8040000200271606
H 0.5210000276565552 2.1619999408721924 0.46399998664855957
H 1.3220000267028809 0.20000000298023224 1.559999942779541
H 0.015679076313972473 0.2099885642528534 -1.1649932861328125
H 0.3711665868759155 -1.3398698568344116 -0.36642172932624817
H -0.8850669860839844 -0.5955737233161926 1.6372307538986206
H -1.2416632175445557 0.9550747871398926 0.8390421271324158
H -2.432971477508545 -0.2515591084957123 -0.9713295698165894
H -2.076350450515747 -1.8015002012252808 -0.171916663646698
H -3.3335635662078857 -1.0573687553405762 1.8318512439727783
H -3.6890509128570557 0.49248966574668884 1.033279538154602
H -4.818987846374512 -0.7242743372917175 -0.6777445673942566
H -4.4897308349609375 -2.1595022678375244 0.06165080890059471
H -5.479956150054932 -1.0644835233688354 0.7928147315979004
H 3.8610000610351562 -1.8860000371932983 0.11500000208616257
