N 1.4220000505447388 1.7960000038146973 0.1979999989271164
C 1.3940000534057617 0.35499998927116394 0.48399999737739563
C 2.6570000648498535 -0.2840000092983246 -0.03200000151991844
O 3.315999984741211 0.2750000059604645 -0.8759999871253967
C 0.1840001493692398 -0.27799996733665466 -0.2059999406337738
C -0.3577289581298828 0.6836408376693726 -1.2666324377059937
C -1.5684127807617188 0.050810351967811584 -1.9573417901992798
C -2.1100716590881348 1.0110423564910889 -3.0169692039489746
N -3.2730109691619873 0.40481728315353394 -3.679703712463379
O 3.049999952316284 -1.4759999513626099 0.44600000977516174
H 1.4889999628067017 1.8910000324249268 -0.8040000200271606
H 0.5210000276565552 2.1619999408721924 0.46399998664855957
H 1.3220000267028809 0.20000000298023224 1.559999942779541
H 0.48310235142707825 -1.2114880084991455 -0.6806268095970154
H -0.592279851436615 -0.478254109621048 0.5326619148254395
H -0.6575525403022766 1.6168280839920044 -0.7913818359375
H 0.41786694526672363 0.8840644359588623 -2.0060038566589355
H -1.2692028284072876 -0.8836163282394409 -2.4322967529296875
H -2.3440089225769043 -0.14961327612400055 -1.217970371246338
H -2.4099655151367188 1.9456385374069214 -2.5427236557006836
H -1.3345834016799927 1.212404489517212 -3.756012439727783
H -2.994541645050049 -0.4601108431816101 -4.119476318359375
H -3.9903528690338135 0.2187759131193161 -2.995880603790283
H -3.6302950382232666 1.0377081632614136 -4.379325866699219
H 3.8610000610351562 -1.8860000371932983 0.11500000208616257
