N 1.4220000505447388 1.7960000038146973 0.1979999989271164
C 1.3940000534057617 0.35499998927116394 0.48399999737739563
C 2.6570000648498535 -0.2840000092983246 -0.03200000151991844
O 3.315999984741211 0.2750000059604645 -0.8759999871253967
C 0.18400031328201294 -0.2779999077320099 -0.20599983632564545
C 0.600342333316803 -0.8041159510612488 -1.5818727016448975
C -0.6099355220794678 -1.4375773668289185 -2.272714853286743
C -0.19464728236198425 -1.9632904529571533 -3.647273302078247
N -1.356147050857544 -2.570507287979126 -4.311622142791748
O 3.049999952316284 -1.4759999513626099 0.44600000977516174
H 1.4889999628067017 1.8910000324249268 -0.8040000200271606
H 0.5210000276565552 2.1619999408721924 0.46399998664855957
H 1.3220000267028809 0.20000000298023224 1.559999942779541
H -0.1905156970024109 -1.1017873287200928 0.4000075161457062
H -0.5992909669876099 0.4706602096557617 -0.32556843757629395
H 0.9740588665008545 0.02026875503361225 -2.18794322013855
H 1.3833553791046143 -1.553237795829773 -1.4631465673446655
H -0.9849839806556702 -2.2620205879211426 -1.6661721467971802
H -1.3929487466812134 -0.6884557008743286 -2.3914411067962646
H 0.18012303113937378 -1.1393086910247803 -4.254658222198486
H 0.588898241519928 -2.7117562294006348 -3.5290822982788086
H -1.7022089958190918 -3.3340439796447754 -3.7492177486419678
H -2.080812454223633 -1.877905011177063 -4.421016693115234
H -1.0824707746505737 -2.9180707931518555 -5.218250274658203
H 3.8610000610351562 -1.8860000371932983 0.11500000208616257
