N 1.4220000505447388 1.7960000038146973 0.1979999989271164
C 1.3940000534057617 0.35499998927116394 0.48399999737739563
C 2.6570000648498535 -0.2840000092983246 -0.03200000151991844
O 3.315999984741211 0.2750000059604645 -0.8759999871253967
C 0.18400011956691742 -0.27799996733665466 -0.205999955534935
C -0.5071201920509338 0.7690653800964355 -1.083024263381958
C -1.717867374420166 0.1362711787223816 -1.773655891418457
C -2.4087369441986084 1.1818161010742188 -2.6498894691467285
N -3.57180118560791 0.5755061507225037 -3.3123269081115723
O 3.049999952316284 -1.4759999513626099 0.44600000977516174
H 1.4889999628067017 1.8910000324249268 -0.8040000200271606
H 0.5210000276565552 2.1619999408721924 0.46399998664855957
H 1.3220000267028809 0.20000000298023224 1.559999942779541
H 0.5131932497024536 -1.1109884977340698 -0.8255923390388489
H -0.5161057710647583 -0.6397300362586975 0.5472177863121033
H -0.8369603753089905 1.60161292552948 -0.4628099799156189
H 0.1922381967306137 1.1310012340545654 -1.8368738889694214
H -1.3885236978530884 -0.6975911259651184 -2.3937110900878906
H -2.4172260761260986 -0.22566469013690948 -1.0198065042495728
H -2.73882794380188 2.0158841609954834 -2.030465841293335
H -1.709528923034668 1.5446255207061768 -3.403275966644287
H -3.265458822250366 -0.19619187712669373 -3.8865065574645996
H -4.218583583831787 0.24009400606155396 -2.6152071952819824
H -4.027522563934326 1.2647680044174194 -3.891040802001953
H 3.8610000610351562 -1.8860000371932983 0.11500000208616257
