N 1.4220000505447388 1.7960000038146973 0.1979999989271164
C 1.3940000534057617 0.35499998927116394 0.48399999737739563
C 2.6570000648498535 -0.2840000092983246 -0.03200000151991844
O 3.315999984741211 0.2750000059604645 -0.8759999871253967
C 0.18400001525878906 -0.27800002694129944 -0.20600000023841858
C -1.093253254890442 0.12631599605083466 0.5344847440719604
C -2.3042495250701904 -0.5067499279975891 -0.1554611176252365
C -3.58050799369812 -0.10325168818235397 0.5838653445243835
N -4.743398666381836 -0.7114930152893066 -0.0771055594086647
O 3.049999952316284 -1.4759999513626099 0.44600000977516174
H 1.4889999628067017 1.8910000324249268 -0.8040000200271606
H 0.5210000276565552 2.1619999408721924 0.46399998664855957
H 1.3220000267028809 0.20000000298023224 1.559999942779541
H 0.1311844140291214 0.06802880018949509 -1.2373135089874268
H 0.28373274207115173 -1.363438367843628 -0.19147419929504395
H -1.0403780937194824 -0.22070471942424774 1.5656863451004028
H -1.1939826011657715 1.2116883993148804 0.5200130343437195
H -2.357126235961914 -0.16061289608478546 -1.1877669095993042
H -2.2035205364227295 -1.5921224355697632 -0.1409895122051239
H -3.528627634048462 -0.4494546949863434 1.616225242614746
H -3.681175947189331 0.9820124506950378 0.5703858733177185
H -4.791495323181152 -0.38984450697898865 -1.032759666442871
H -4.65015983581543 -1.715459942817688 -0.06437806040048599
H -5.585689067840576 -0.4450184404850006 0.40993836522102356
H 3.8610000610351562 -1.8860000371932983 0.11500000208616257
