N 1.4220000505447388 1.7960000038146973 0.1979999989271164
C 1.3940000534057617 0.35499998927116394 0.48399999737739563
C 2.6570000648498535 -0.2840000092983246 -0.03200000151991844
O 3.315999984741211 0.2750000059604645 -0.8759999871253967
C 0.18400001525878906 -0.27800002694129944 -0.20600000023841858
C -1.0997735261917114 0.2058495134115219 0.4729553163051605
C -2.31077241897583 -0.42718273401260376 -0.21701665222644806
C -3.593546152114868 0.055755745619535446 0.46085694432258606
N -4.75649356842041 -0.5523653626441956 -0.2001243531703949
O 3.049999952316284 -1.4759999513626099 0.44600000977516174
H 1.4889999628067017 1.8910000324249268 -0.8040000200271606
H 0.5210000276565552 2.1619999408721924 0.46399998664855957
H 1.3220000267028809 0.20000000298023224 1.559999942779541
H 0.17126187682151794 0.011586377397179604 -1.2558144330978394
H 0.24822336435317993 -1.3634968996047974 -0.1291504055261612
H -1.0870046615600586 -0.08473483473062515 1.5227141380310059
H -1.1649960279464722 1.2913141250610352 0.3961337208747864
H -2.323540449142456 -0.13754166662693024 -1.2678292989730835
H -2.2455501556396484 -1.5126475095748901 -0.1401951014995575
H -3.5817770957946777 -0.23391760885715485 1.51169753074646
H -3.658738613128662 1.1411656141281128 0.38503342866897583
H -4.767421245574951 -0.28304651379585266 -1.1729520559310913
H -4.696079730987549 -1.556456208229065 -0.12972010672092438
H -5.603053092956543 -0.2335125207901001 0.2463545799255371
H 3.8610000610351562 -1.8860000371932983 0.11500000208616257
