N 1.4220000505447388 1.7960000038146973 0.1979999989271164
C 1.3940000534057617 0.35499998927116394 0.48399999737739563
C 2.6570000648498535 -0.2840000092983246 -0.03200000151991844
O 3.315999984741211 0.2750000059604645 -0.8759999871253967
C 0.18400011956691742 -0.27799999713897705 -0.20599991083145142
C -0.4461096525192261 -1.3175859451293945 0.7242621779441833
C -1.6568318605422974 -1.9512640237808228 0.034397564828395844
C -2.2866902351379395 -2.98993182182312 0.9632125496864319
N -3.448310136795044 -3.599560499191284 0.3012867271900177
O 3.049999952316284 -1.4759999513626099 0.44600000977516174
H 1.4889999628067017 1.8910000324249268 -0.8040000200271606
H 0.5210000276565552 2.1619999408721924 0.46399998664855957
H 1.3220000267028809 0.20000000298023224 1.559999942779541
H -0.5482972860336304 0.4943762421607971 -0.4368855953216553
H 0.5038778781890869 -0.7629523873329163 -1.128406047821045
H 0.2863808870315552 -2.0903477668762207 0.9542456865310669
H -0.7667099237442017 -0.8333117365837097 1.646803617477417
H -2.3897933959960938 -1.1782621145248413 -0.19689777493476868
H -1.3362318277359009 -2.4355382919311523 -0.8881440162658691
H -1.5544511079788208 -3.7636120319366455 1.1946431398391724
H -2.606626272201538 -2.5062832832336426 1.886163592338562
H -4.126450061798096 -2.88283109664917 0.08804714679718018
H -3.152099847793579 -4.0470685958862305 -0.5524115562438965
H -3.8645668029785156 -4.284414768218994 0.9139684438705444
H 3.8610000610351562 -1.8860000371932983 0.11500000208616257
