N 1.4220000505447388 1.7960000038146973 0.1979999989271164
C 1.3940000534057617 0.35499998927116394 0.48399999737739563
C 2.6570000648498535 -0.2840000092983246 -0.03200000151991844
O 3.315999984741211 0.2750000059604645 -0.8759999871253967
C 0.18400028347969055 -0.2779999077320099 -0.20599985122680664
C 0.46750688552856445 -0.4172976016998291 -1.7037931680679321
C -0.7428271770477295 -1.0505951642990112 -2.3946871757507324
C -0.46022507548332214 -1.1899515390396118 -3.8910045623779297
N -1.622046947479248 -1.7967358827590942 -4.555185317993164
O 3.049999952316284 -1.4759999513626099 0.44600000977516174
H 1.4889999628067017 1.8910000324249268 -0.8040000200271606
H 0.5210000276565552 2.1619999408721924 0.46399998664855957
H 1.3220000267028809 0.20000000298023224 1.559999942779541
H -0.004796075168997049 -1.2618709802627563 0.22118455171585083
H -0.6908085346221924 0.3557399809360504 -0.059654321521520615
H 0.6554380059242249 0.5670464038848877 -2.1308114528656006
H 1.341981291770935 -1.0513352155685425 -1.851033091545105
H -0.9319971203804016 -2.0352954864501953 -1.9670870304107666
H -1.6173018217086792 -0.41655758023262024 -2.2474474906921387
H -0.27138951420783997 -0.20554876327514648 -4.3194990158081055
H 0.4146229326725006 -1.8231598138809204 -4.038660049438477
H -1.7958917617797852 -2.708653211593628 -4.158661842346191
H -2.4312100410461426 -1.2107248306274414 -4.41861629486084
H -1.4357877969741821 -1.8894726037979126 -5.542292594909668
H 3.8610000610351562 -1.8860000371932983 0.11500000208616257
