N 1.4220000505447388 1.7960000038146973 0.1979999989271164
C 1.3940000534057617 0.35499998927116394 0.48399999737739563
C 2.6570000648498535 -0.2840000092983246 -0.03200000151991844
O 3.315999984741211 0.2750000059604645 -0.8759999871253967
C 0.18400029838085175 -0.2779999077320099 -0.20599985122680664
C 0.4957103729248047 -0.4860803484916687 -1.6901508569717407
C -0.7146117687225342 -1.119407057762146 -2.3810389041900635
C -0.40383830666542053 -1.3274637460708618 -3.8637332916259766
N -1.565600872039795 -1.9343180656433105 -4.527953624725342
O 3.049999952316284 -1.4759999513626099 0.44600000977516174
H 1.4889999628067017 1.8910000324249268 -0.8040000200271606
H 0.5210000276565552 2.1619999408721924 0.46399998664855957
H 1.3220000267028809 0.20000000298023224 1.559999942779541
H -0.03740311786532402 -1.2385915517807007 0.25700876116752625
H -0.6782147288322449 0.3813702464103699 -0.10525214672088623
H 0.716256856918335 0.4750106930732727 -2.153032064437866
H 1.3576029539108276 -1.1457773447036743 -1.791787028312683
H -0.936417281627655 -2.080801248550415 -1.9175893068313599
H -1.5765044689178467 -0.4597100615501404 -2.2794029712677
H -0.18235519528388977 -0.36639633774757385 -4.328071117401123
H 0.4584563374519348 -1.9863582849502563 -3.9658102989196777
H -1.7696808576583862 -2.8246607780456543 -4.098201274871826
H -2.363144874572754 -1.3245497941970825 -4.4335551261901855
H -1.3607765436172485 -2.072370767593384 -5.506044864654541
H 3.8610000610351562 -1.8860000371932983 0.11500000208616257
