N 1.4220000505447388 1.7960000038146973 0.1979999989271164
C 1.3940000534057617 0.35499998927116394 0.48399999737739563
C 2.6570000648498535 -0.2840000092983246 -0.03200000151991844
O 3.315999984741211 0.2750000059604645 -0.8759999871253967
C 0.18400004506111145 -0.27800002694129944 -0.2059999704360962
C -0.89460688829422 -0.5826837420463562 0.8365641236305237
C -2.1055192947387695 -1.216050148010254 0.1467466950416565
C -3.183349847793579 -1.5207089185714722 1.1877626180648804
N -4.345669746398926 -2.1298105716705322 0.5265806317329407
O 3.049999952316284 -1.4759999513626099 0.44600000977516174
H 1.4889999628067017 1.8910000324249268 -0.8040000200271606
H 0.5210000276565552 2.1619999408721924 0.46399998664855957
H 1.3220000267028809 0.20000000298023224 1.559999942779541
H -0.21329990029335022 0.41217225790023804 -0.948931872844696
H 0.48746466636657715 -1.2036184072494507 -0.695360541343689
H -0.4970935881137848 -1.2736620903015137 1.5789440870285034
H -1.1989840269088745 0.34256812930107117 1.3261072635650635
H -2.5031685829162598 -0.5254131555557251 -0.5969989895820618
H -1.8011422157287598 -2.1413021087646484 -0.3427964448928833
H -2.7866127490997314 -2.21171236038208 1.9316908121109009
H -3.487377405166626 -0.5959216356277466 1.6781193017959595
H -4.713216781616211 -1.489148497581482 -0.16153791546821594
H -4.0642409324646 -2.9853901863098145 0.07316472381353378
H -5.057281017303467 -2.3303725719451904 1.212917447090149
H 3.8610000610351562 -1.8860000371932983 0.11500000208616257
