N 1.4220000505447388 1.7960000038146973 0.1979999989271164
C 1.3940000534057617 0.35499998927116394 0.48399999737739563
C 2.6570000648498535 -0.2840000092983246 -0.03200000151991844
O 3.315999984741211 0.2750000059604645 -0.8759999871253967
C 0.18400031328201294 -0.2779999077320099 -0.20599980652332306
C 0.6618077158927917 -1.3489551544189453 -1.1898289918899536
C -0.5484442710876465 -1.98264741897583 -1.8805046081542969
C -0.07174652069807053 -3.0525593757629395 -2.863509178161621
N -1.2328487634658813 -3.660574197769165 -3.527822732925415
O 3.049999952316284 -1.4759999513626099 0.44600000977516174
H 1.4889999628067017 1.8910000324249268 -0.8040000200271606
H 0.5210000276565552 2.1619999408721924 0.46399998664855957
H 1.3220000267028809 0.20000000298023224 1.559999942779541
H -0.4635353088378906 -0.7341416478157043 0.5415061116218567
H -0.36952313780784607 0.49010518193244934 -0.7463332414627075
H 1.3087295293807983 -0.8921589255332947 -1.9377763271331787
H 1.2150788307189941 -2.11775279045105 -0.6501715183258057
H -1.196727991104126 -2.4390926361083984 -1.1324083805084229
H -1.1017155647277832 -1.2138499021530151 -2.4201622009277344
H 0.5762849450111389 -2.596806287765503 -3.612281084060669
H 0.4822726845741272 -3.8210532665252686 -2.32444167137146
H -1.8321125507354736 -4.083261013031006 -2.8340904712677
H -1.7451316118240356 -2.9495155811309814 -4.026587963104248
H -0.918854296207428 -4.366965293884277 -4.175968647003174
H 3.8610000610351562 -1.8860000371932983 0.11500000208616257
