N 1.4220000505447388 1.7960000038146973 0.1979999989271164
C 1.3940000534057617 0.35499998927116394 0.48399999737739563
C 2.6570000648498535 -0.2840000092983246 -0.03200000151991844
O 3.315999984741211 0.2750000059604645 -0.8759999871253967
C 0.18400001525878906 -0.27800002694129944 -0.20600000023841858
C -1.097271203994751 0.38907599449157715 0.3004768490791321
C -2.3082690238952637 -0.24387864768505096 -0.3895683288574219
C -3.588550090789795 0.4220728278160095 0.1160396859049797
N -4.751620769500732 -0.18574507534503937 -0.5450035929679871
O 3.049999952316284 -1.4759999513626099 0.44600000977516174
H 1.4889999628067017 1.8910000324249268 -0.8040000200271606
H 0.5210000276565552 2.1619999408721924 0.46399998664855957
H 1.3220000267028809 0.20000000298023224 1.559999942779541
H 0.26518526673316956 -0.13827255368232727 -1.2830413579940796
H 0.15234985947608948 -1.3437671661376953 0.02087574265897274
H -1.178505301475525 0.24835310876369476 1.377599835395813
H -1.0666191577911377 1.4548884630203247 0.07355589419603348
H -2.2270424365997314 -0.10423493385314941 -1.467605471611023
H -2.338921308517456 -1.309691309928894 -0.16264742612838745
H -3.670774459838867 0.28247442841529846 1.1940315961837769
H -3.557939052581787 1.4879690408706665 -0.10988560318946838
H -4.675436973571777 -0.05537189915776253 -1.5431241989135742
H -4.779850959777832 -1.1717551946640015 -0.33573824167251587
H -5.596465587615967 0.2537611126899719 -0.21221861243247986
H 3.8610000610351562 -1.8860000371932983 0.11500000208616257
