N 1.4220000505447388 1.7960000038146973 0.1979999989271164
C 1.3940000534057617 0.35499998927116394 0.48399999737739563
C 2.6570000648498535 -0.2840000092983246 -0.03200000151991844
O 3.315999984741211 0.2750000059604645 -0.8759999871253967
C 0.18400026857852936 -0.2779999077320099 -0.20599986612796783
C 0.38333168625831604 -0.23534181714057922 -1.7231063842773438
C -0.827038049697876 -0.8685622215270996 -2.414008617401123
C -0.6285142302513123 -0.8261817693710327 -3.929608106613159
N -1.7904974222183228 -1.4327951669692993 -4.593662738800049
O 3.049999952316284 -1.4759999513626099 0.44600000977516174
H 1.4889999628067017 1.8910000324249268 -0.8040000200271606
H 0.5210000276565552 2.1619999408721924 0.46399998664855957
H 1.3220000267028809 0.20000000298023224 1.559999942779541
H 0.08059121668338776 -1.3126282691955566 0.1180117055773735
H -0.716443657875061 0.2770937979221344 0.05744929611682892
H 0.4858606159687042 0.7996806502342224 -2.0468533039093018
H 1.2834055423736572 -0.7906560897827148 -1.9874581098556519
H -0.9307445287704468 -1.9040828943252563 -2.0896570682525635
H -1.7271121740341187 -0.31324800848960876 -2.1496570110321045
H -0.5251777768135071 0.20911842584609985 -4.254862308502197
H 0.2718571126461029 -1.3806037902832031 -4.194299697875977
H -1.885168194770813 -2.391745090484619 -4.29283332824707
H -2.623288154602051 -0.9196578860282898 -4.348806381225586
H -1.6596554517745972 -1.4056464433670044 -5.593571662902832
H 3.8610000610351562 -1.8860000371932983 0.11500000208616257
