N 1.4220000505447388 1.7960000038146973 0.1979999989271164
C 1.3940000534057617 0.35499998927116394 0.48399999737739563
C 2.6570000648498535 -0.2840000092983246 -0.03200000151991844
O 3.315999984741211 0.2750000059604645 -0.8759999871253967
C 0.184000164270401 -0.27799996733665466 -0.2059999406337738
C -0.2503605782985687 0.6024531126022339 -1.3804351091384888
C -1.4609988927841187 -0.030411889776587486 -2.071192741394043
C -1.895418405532837 0.8487356901168823 -3.2444911003112793
N -3.0582544803619385 0.24253922700881958 -3.907432794570923
O 3.049999952316284 -1.4759999513626099 0.44600000977516174
H 1.4889999628067017 1.8910000324249268 -0.8040000200271606
H 0.5210000276565552 2.1619999408721924 0.46399998664855957
H 1.3220000267028809 0.20000000298023224 1.559999942779541
H 0.4513545632362366 -1.267835259437561 -0.5732606053352356
H -0.6368871331214905 -0.3640252351760864 0.5060938000679016
H -0.518481433391571 1.5920883417129517 -1.0125640630722046
H 0.5698881149291992 0.6886133551597595 -2.0932865142822266
H -1.1935752630233765 -1.021217703819275 -2.4386844635009766
H -2.281247854232788 -0.11657217144966125 -1.3583412170410156
H -2.163480520248413 1.8396764993667603 -2.8777568340301514
H -1.075238823890686 0.9358663558959961 -3.957111120223999
H -2.8092048168182373 -0.6746683120727539 -4.247653961181641
H -3.8169331550598145 0.16218169033527374 -3.2480738162994385
H -3.3447978496551514 0.8218823671340942 -4.681983470916748
H 3.8610000610351562 -1.8860000371932983 0.11500000208616257
