N 1.4220000505447388 1.7960000038146973 0.1979999989271164
C 1.3940000534057617 0.35499998927116394 0.48399999737739563
C 2.6570000648498535 -0.2840000092983246 -0.03200000151991844
O 3.315999984741211 0.2750000059604645 -0.8759999871253967
C 0.18400001525878906 -0.27800002694129944 -0.20599998533725739
C -1.0584275722503662 -0.08474019914865494 0.6670346260070801
C -2.2694091796875 -0.7178955674171448 -0.022854924201965332
C -3.5108771324157715 -0.525204598903656 0.8488547205924988
N -4.673608779907227 -1.1337385177612305 0.18787361681461334
O 3.049999952316284 -1.4759999513626099 0.44600000977516174
H 1.4889999628067017 1.8910000324249268 -0.8040000200271606
H 0.5210000276565552 2.1619999408721924 0.46399998664855957
H 1.3220000267028809 0.20000000298023224 1.559999942779541
H 0.026426151394844055 0.1979798525571823 -1.1728228330612183
H 0.3638949394226074 -1.3434183597564697 -0.3504146337509155
H -0.900730311870575 -0.561679482460022 1.6336040496826172
H -1.2393043041229248 0.9805227518081665 0.8115596771240234
H -2.427128314971924 -0.24168045818805695 -0.9906389713287354
H -2.0885326862335205 -1.783158540725708 -0.16738003492355347
H -3.354139566421509 -1.0015751123428345 1.8167492151260376
H -3.691608190536499 0.5398231148719788 0.9943407773971558
H -4.818856716156006 -0.6916148066520691 -0.7079363465309143
H -4.506284713745117 -2.1190102100372314 0.053533196449279785
H -5.493020534515381 -1.0062729120254517 0.7623220682144165
H 3.8610000610351562 -1.8860000371932983 0.11500000208616257
