N 1.4220000505447388 1.7960000038146973 0.1979999989271164
C 1.3940000534057617 0.35499998927116394 0.48399999737739563
C 2.6570000648498535 -0.2840000092983246 -0.03200000151991844
O 3.315999984741211 0.2750000059604645 -0.8759999871253967
C 0.18400005996227264 -0.27799999713897705 -0.20599998533725739
C -0.8439704179763794 0.8092077374458313 -0.5291423201560974
C -2.0548605918884277 0.1764308214187622 -1.2195392847061157
C -3.082167625427246 1.2620443105697632 -1.5425467491149902
N -4.245409965515137 0.6552937626838684 -2.204267740249634
O 3.049999952316284 -1.4759999513626099 0.44600000977516174
H 1.4889999628067017 1.8910000324249268 -0.8040000200271606
H 0.5210000276565552 2.1619999408721924 0.46399998664855957
H 1.3220000267028809 0.20000000298023224 1.559999942779541
H 0.5030725598335266 -0.7620294690132141 -1.127976655960083
H -0.2662361264228821 -1.0178868770599365 0.45595821738243103
H -1.1634576320648193 1.2924799919128418 0.3933389484882355
H -0.39462465047836304 1.549317717552185 -1.1914976835250854
H -1.7356001138687134 -0.30821260809898376 -2.142282724380493
H -2.504206657409668 -0.5636792182922363 -0.557184100151062
H -3.402318239212036 1.746910810470581 -0.6202002763748169
H -2.633009672164917 2.002768039703369 -2.2041351795196533
H -3.9485340118408203 0.20725297927856445 -3.058767557144165
H -4.660874843597412 -0.029786089435219765 -1.5920100212097168
H -4.923145771026611 1.3712570667266846 -2.4181485176086426
H 3.8610000610351562 -1.8860000371932983 0.11500000208616257
