N 1.4220000505447388 1.7960000038146973 0.1979999989271164
C 1.3940000534057617 0.35499998927116394 0.48399999737739563
C 2.6570000648498535 -0.2840000092983246 -0.03200000151991844
O 3.315999984741211 0.2750000059604645 -0.8759999871253967
C 0.18400005996227264 -0.27799999713897705 -0.20599998533725739
C -0.8547655344009399 0.805379331111908 -0.5066996812820435
C -2.065660238265991 0.17260079085826874 -1.197087049484253
C -3.1037487983703613 1.2543895244598389 -1.4976787567138672
N -4.266993522644043 0.647616446018219 -2.1593751907348633
O 3.049999952316284 -1.4759999513626099 0.44600000977516174
H 1.4889999628067017 1.8910000324249268 -0.8040000200271606
H 0.5210000276565552 2.1619999408721924 0.46399998664855957
H 1.3220000267028809 0.20000000298023224 1.559999942779541
H 0.5001326203346252 -0.7467419505119324 -1.1368458271026611
H -0.2556082308292389 -1.0304772853851318 0.4488712549209595
H -1.171303153038025 1.273353934288025 0.42464321851730347
H -0.4160522222518921 1.5580780506134033 -1.1619584560394287
H -1.7493404150009155 -0.2967430055141449 -2.128709316253662
H -2.504373788833618 -0.580098032951355 -0.5418283939361572
H -3.4209635257720947 1.723954677581787 -0.5664438605308533
H -2.665222644805908 2.007689952850342 -2.152161121368408
H -3.9728469848632812 0.2137533724308014 -3.0220954418182373
H -4.6726226806640625 -0.049100786447525024 -1.5536894798278809
H -4.951846122741699 1.361067295074463 -2.358471155166626
H 3.8610000610351562 -1.8860000371932983 0.11500000208616257
