N 1.4220000505447388 1.7960000038146973 0.1979999989271164
C 1.3940000534057617 0.35499998927116394 0.48399999737739563
C 2.6570000648498535 -0.2840000092983246 -0.03200000151991844
O 3.315999984741211 0.2750000059604645 -0.8759999871253967
C 0.18400001525878906 -0.27800002694129944 -0.20600000023841858
C -1.0909556150436401 0.10594909638166428 0.5491399168968201
C -2.3019509315490723 -0.5271254777908325 -0.14079973101615906
C -3.575913906097412 -0.14397017657756805 0.6131635904312134
N -4.7387895584106445 -0.752241313457489 -0.04780597239732742
O 3.049999952316284 -1.4759999513626099 0.44600000977516174
H 1.4889999628067017 1.8910000324249268 -0.8040000200271606
H 0.5210000276565552 2.1619999408721924 0.46399998664855957
H 1.3220000267028809 0.20000000298023224 1.559999942779541
H 0.12097854167222977 0.08177193999290466 -1.232024073600769
H 0.2923218309879303 -1.3627114295959473 -0.20720301568508148
H -1.0278676748275757 -0.254812628030777 1.575037956237793
H -1.2002729177474976 1.190585970878601 0.5504032969474792
H -2.365041494369507 -0.16723212599754333 -1.167814016342163
H -2.192633867263794 -1.6117624044418335 -0.14206314086914062
H -3.5138185024261475 -0.5039381384849548 1.6402382850646973
H -3.685161828994751 0.9405452609062195 0.6154171824455261
H -4.796351432800293 -0.41785135865211487 -0.9985508918762207
H -4.637611389160156 -1.7555183172225952 -0.049633726477622986
H -5.579573154449463 -0.49918025732040405 0.44890040159225464
H 3.8610000610351562 -1.8860000371932983 0.11500000208616257
