N 1.4220000505447388 1.7960000038146973 0.1979999989271164
C 1.3940000534057617 0.35499998927116394 0.48399999737739563
C 2.6570000648498535 -0.2840000092983246 -0.03200000151991844
O 3.315999984741211 0.2750000059604645 -0.8759999871253967
C 0.18400003015995026 -0.27800002694129944 -0.20599998533725739
C -1.018769383430481 -0.24017846584320068 0.7400869131088257
C -2.229734182357788 -0.8733996748924255 0.05022837221622467
C -3.431586980819702 -0.8359625339508057 0.9948967099189758
N -4.594195365905762 -1.4446909427642822 0.33387771248817444
O 3.049999952316284 -1.4759999513626099 0.44600000977516174
H 1.4889999628067017 1.8910000324249268 -0.8040000200271606
H 0.5210000276565552 2.1619999408721924 0.46399998664855957
H 1.3220000267028809 0.20000000298023224 1.559999942779541
H -0.049451347440481186 0.27783286571502686 -1.1130187511444092
H 0.41168513894081116 -1.312792420387268 -0.4623166024684906
H -0.7851580381393433 -0.7969337105751038 1.6467540264129639
H -1.2474195957183838 0.7943925857543945 0.9965449571609497
H -2.4633939266204834 -0.3172500729560852 -0.857715904712677
H -2.001084327697754 -1.907970905303955 -0.2062297761440277
H -3.19889235496521 -1.3923333883285522 1.902982473373413
H -3.6600286960601807 0.1982918381690979 1.2522801160812378
H -4.809807777404785 -0.9285430312156677 -0.5064486861228943
H -4.382720947265625 -2.401510238647461 0.0960119366645813
H -5.3875226974487305 -1.4196134805679321 0.9565144777297974
H 3.8610000610351562 -1.8860000371932983 0.11500000208616257
