N 1.4220000505447388 1.7960000038146973 0.1979999989271164
C 1.3940000534057617 0.35499998927116394 0.48399999737739563
C 2.6570000648498535 -0.2840000092983246 -0.03200000151991844
O 3.315999984741211 0.2750000059604645 -0.8759999871253967
C 0.18400028347969055 -0.2779999077320099 -0.20599982142448425
C 0.5394272208213806 -1.6974178552627563 -0.6555430293083191
C -0.6708768606185913 -2.3312575817108154 -1.345992088317871
C -0.3163965046405792 -3.7492356300354004 -1.7953604459762573
N -1.4773168563842773 -4.358004093170166 -2.459301710128784
O 3.049999952316284 -1.4759999513626099 0.44600000977516174
H 1.4889999628067017 1.8910000324249268 -0.8040000200271606
H 0.5210000276565552 2.1619999408721924 0.46399998664855957
H 1.3220000267028809 0.20000000298023224 1.559999942779541
H -0.6528618335723877 -0.31604036688804626 0.4899509847164154
H -0.09275920689105988 0.31924551725387573 -1.074927806854248
H 1.3759139776229858 -1.658838152885437 -1.3522475957870483
H 0.8158822655677795 -2.2955033779144287 0.21293561160564423
H -1.5086145401000977 -2.369237184524536 -0.649561882019043
H -0.9473320841789246 -1.7331722974777222 -2.214470863342285
H 0.5210368633270264 -3.7120959758758545 -2.4922399520874023
H -0.039065875113010406 -4.347381591796875 -0.9273611903190613
H -2.2522037029266357 -4.392998695373535 -1.8132586479187012
H -1.7336046695709229 -3.8046112060546875 -3.2623445987701416
H -1.244112253189087 -5.29376220703125 -2.7553536891937256
H 3.8610000610351562 -1.8860000371932983 0.11500000208616257
