N 1.4220000505447388 1.7960000038146973 0.1979999989271164
C 1.3940000534057617 0.35499998927116394 0.48399999737739563
C 2.6570000648498535 -0.2840000092983246 -0.03200000151991844
O 3.315999984741211 0.2750000059604645 -0.8759999871253967
C 0.18400003015995026 -0.27800002694129944 -0.2059999704360962
C -0.9907054901123047 -0.33081403374671936 0.7740217447280884
C -2.2016584873199463 -0.964073657989502 0.08417767286300659
C -3.375478744506836 -1.0171641111373901 1.0627366304397583
N -4.538012981414795 -1.6259984970092773 0.40168482065200806
O 3.049999952316284 -1.4759999513626099 0.44600000977516174
H 1.4889999628067017 1.8910000324249268 -0.8040000200271606
H 0.5210000276565552 2.1619999408721924 0.46399998664855957
H 1.3220000267028809 0.20000000298023224 1.559999942779541
H -0.09324587881565094 0.3188057541847229 -1.0738078355789185
H 0.43558603525161743 -1.2893352508544922 -0.525749146938324
H -0.7132819890975952 -0.9285158514976501 1.6414228677749634
H -1.2432446479797363 0.680261492729187 1.0939267873764038
H -2.47914981842041 -0.36690789461135864 -0.7845304012298584
H -1.9491195678710938 -1.9751492738723755 -0.2357274442911148
H -3.098940372467041 -1.6145895719528198 1.931600570678711
H -3.627772331237793 -0.006448582746088505 1.3835417032241821
H -4.794236660003662 -1.071871042251587 -0.4022667109966278
H -4.304464817047119 -2.5610504150390625 0.10514144599437714
H -5.312875270843506 -1.6606272459030151 1.046714425086975
H 3.8610000610351562 -1.8860000371932983 0.11500000208616257
