N 1.4220000505447388 1.7960000038146973 0.1979999989271164
C 1.3940000534057617 0.35499998927116394 0.48399999737739563
C 2.6570000648498535 -0.2840000092983246 -0.03200000151991844
O 3.315999984741211 0.2750000059604645 -0.8759999871253967
C 0.18400031328201294 -0.2779999077320099 -0.20599982142448425
C 0.6645016670227051 -1.221459150314331 -1.3115168809890747
C -0.5457491278648376 -1.8550974130630493 -2.002244234085083
C -0.06636535376310349 -2.797661781311035 -3.1067864894866943
N -1.227552890777588 -3.4054641723632812 -3.7711453437805176
O 3.049999952316284 -1.4759999513626099 0.44600000977516174
H 1.4889999628067017 1.8910000324249268 -0.8040000200271606
H 0.5210000276565552 2.1619999408721924 0.46399998664855957
H 1.3220000267028809 0.20000000298023224 1.559999942779541
H -0.3980931043624878 -0.8394973874092102 0.5233976244926453
H -0.4370005428791046 0.5049139261245728 -0.6415887475013733
H 1.2459251880645752 -0.6593044400215149 -2.041259765625
H 1.2852513790130615 -2.005011558532715 -0.876655638217926
H -1.128541350364685 -2.4169955253601074 -1.2722539901733398
H -1.1664990186691284 -1.071545124053955 -2.437105655670166
H 0.5161757469177246 -2.2364017963409424 -3.8375041484832764
H 0.5550830960273743 -3.58081316947937 -2.672517776489258
H -1.7661206722259521 -3.9258346557617188 -3.0942368507385254
H -1.8022257089614868 -2.680825710296631 -4.172959804534912
H -0.9117370247840881 -4.027900695800781 -4.499504566192627
H 3.8610000610351562 -1.8860000371932983 0.11500000208616257
