N 1.4220000505447388 1.7960000038146973 0.1979999989271164
C 1.3940000534057617 0.35499998927116394 0.48399999737739563
C 2.6570000648498535 -0.2840000092983246 -0.03200000151991844
O 3.315999984741211 0.2750000059604645 -0.8759999871253967
C 0.18400031328201294 -0.2779999077320099 -0.20599982142448425
C 0.6514692306518555 -1.0624890327453613 -1.4345006942749023
C -0.5587870478630066 -1.6960599422454834 -2.1252803802490234
C -0.09242541342973709 -2.4798405170440674 -3.3526532649993896
N -1.253726840019226 -3.087402820587158 -4.017033100128174
O 3.049999952316284 -1.4759999513626099 0.44600000977516174
H 1.4889999628067017 1.8910000324249268 -0.8040000200271606
H 0.5210000276565552 2.1619999408721924 0.46399998664855957
H 1.3220000267028809 0.20000000298023224 1.559999942779541
H -0.31798699498176575 -0.9523134827613831 0.486418217420578
H -0.5079760551452637 0.5047969222068787 -0.5170170664787292
H 1.1527289152145386 -0.3875303268432617 -2.1271517276763916
H 1.343189001083374 -1.84585702419281 -1.1242634057998657
H -1.0614105463027954 -2.3708810806274414 -1.4322810173034668
H -1.2505069971084595 -0.9126920104026794 -2.4355177879333496
H 0.40994149446487427 -1.805590271949768 -4.0464324951171875
H 0.599930465221405 -3.2627007961273193 -3.042996883392334
H -1.7180019617080688 -3.7123687267303467 -3.37445068359375
H -1.8940099477767944 -2.3630120754241943 -4.303564548492432
H -0.9464439153671265 -3.605146646499634 -4.826472759246826
H 3.8610000610351562 -1.8860000371932983 0.11500000208616257
