N 1.4220000505447388 1.7960000038146973 0.1979999989271164
C 1.3940000534057617 0.35499998927116394 0.48399999737739563
C 2.6570000648498535 -0.2840000092983246 -0.03200000151991844
O 3.315999984741211 0.2750000059604645 -0.8759999871253967
C 0.18400010466575623 -0.27799999713897705 -0.2059999704360962
C -0.6477406620979309 0.8162780404090881 -0.8797415494918823
C -1.858547568321228 0.18350398540496826 -1.5702871084213257
C -2.689866304397583 1.2761952877044678 -2.2434771060943604
N -3.8530256748199463 0.6697511672973633 -2.9056248664855957
O 3.049999952316284 -1.4759999513626099 0.44600000977516174
H 1.4889999628067017 1.8910000324249268 -0.8040000200271606
H 0.5210000276565552 2.1619999408721924 0.46399998664855957
H 1.3220000267028809 0.20000000298023224 1.559999942779541
H 0.5245419144630432 -0.9897512793540955 -0.9567157030105591
H -0.42739763855934143 -0.7947863340377808 0.5339043736457825
H -0.9888454675674438 1.5274564027786255 -0.12843021750450134
H -0.03715008497238159 1.3332903385162354 -1.6201915740966797
H -1.5178276300430298 -0.5290352702140808 -2.321592330932617
H -2.4691383838653564 -0.33350834250450134 -0.8298370838165283
H -3.03139328956604 1.9889603853225708 -1.4927172660827637
H -2.079453706741333 1.7939953804016113 -2.98333740234375
H -3.53619122505188 0.01050777081400156 -3.6013689041137695
H -4.417667865753174 0.19093714654445648 -2.2209925651550293
H -4.4014177322387695 1.390214443206787 -3.3504538536071777
H 3.8610000610351562 -1.8860000371932983 0.11500000208616257
