N 1.4220000505447388 1.7960000038146973 0.1979999989271164
C 1.3940000534057617 0.35499998927116394 0.48399999737739563
C 2.6570000648498535 -0.2840000092983246 -0.03200000151991844
O 3.315999984741211 0.2750000059604645 -0.8759999871253967
C 0.18400023877620697 -0.2779999375343323 -0.20599988102912903
C 0.181707963347435 0.11033925414085388 -1.6866592168807983
C -1.0287472009658813 -0.522734522819519 -2.3775463104248047
C -1.031611680984497 -0.1350923329591751 -3.856726884841919
N -2.1939198970794678 -0.7414437532424927 -4.52045202255249
O 3.049999952316284 -1.4759999513626099 0.44600000977516174
H 1.4889999628067017 1.8910000324249268 -0.8040000200271606
H 0.5210000276565552 2.1619999408721924 0.46399998664855957
H 1.3220000267028809 0.20000000298023224 1.559999942779541
H 0.23901599645614624 -1.3618630170822144 -0.1146383136510849
H -0.7316617965698242 0.08040153235197067 0.26457977294921875
H 0.12581469118595123 1.1944074630737305 -1.7775875329971313
H 1.096914529800415 -0.24813613295555115 -2.1581263542175293
H -0.9738814234733582 -1.6075736284255981 -2.2860264778137207
H -1.9439539909362793 -0.16425921022891998 -1.9060794115066528
H -1.0869327783584595 0.9496728777885437 -3.94913387298584
H -0.11625503748655319 -0.4925917387008667 -4.328351974487305
H -2.141704797744751 -1.7459752559661865 -4.435388565063477
H -3.0406038761138916 -0.41046565771102905 -4.084120750427246
H -2.195850133895874 -0.48650264739990234 -5.496502876281738
H 3.8610000610351562 -1.8860000371932983 0.11500000208616257
