N 1.4220000505447388 1.7960000038146973 0.1979999989271164
C 1.3940000534057617 0.35499998927116394 0.48399999737739563
C 2.6570000648498535 -0.2840000092983246 -0.03200000151991844
O 3.315999984741211 0.2750000059604645 -0.8759999871253967
C 0.18400029838085175 -0.2779999077320099 -0.20599980652332306
C 0.5692604780197144 -1.658491849899292 -0.7435697317123413
C -0.6410309672355652 -2.2923152446746826 -1.4340561628341675
C -0.25675538182258606 -3.671410083770752 -1.9713449478149414
N -1.4176888465881348 -4.2800703048706055 -2.6353628635406494
O 3.049999952316284 -1.4759999513626099 0.44600000977516174
H 1.4889999628067017 1.8910000324249268 -0.8040000200271606
H 0.5210000276565552 2.1619999408721924 0.46399998664855957
H 1.3220000267028809 0.20000000298023224 1.559999942779541
H -0.6302420496940613 -0.3810345232486725 0.509909451007843
H -0.13665160536766052 0.3566538095474243 -1.0322750806808472
H 1.3830888271331787 -1.5548899173736572 -1.4601908922195435
H 0.8896206021308899 -2.29396915435791 0.08221885561943054
H -1.456135630607605 -2.395343542098999 -0.7176404595375061
H -0.961391270160675 -1.6568379402160645 -2.2598447799682617
H 0.5580576658248901 -3.5692050457000732 -2.6882472038269043
H 0.06446712464094162 -4.306893348693848 -1.1460626125335693
H -2.1715893745422363 -4.375335216522217 -1.970829725265503
H -1.714584469795227 -3.692124605178833 -3.398892879486084
H -1.1648062467575073 -5.190218925476074 -2.9894161224365234
H 3.8610000610351562 -1.8860000371932983 0.11500000208616257
