N 1.4220000505447388 1.7960000038146973 0.1979999989271164
C 1.3940000534057617 0.35499998927116394 0.48399999737739563
C 2.6570000648498535 -0.2840000092983246 -0.03200000151991844
O 3.315999984741211 0.2750000059604645 -0.8759999871253967
C 0.18400020897388458 -0.2779999375343323 -0.20599985122680664
C 0.0555795319378376 -1.7392964363098145 0.23136217892169952
C -1.1549299955368042 -2.3731534481048584 -0.45871102809906006
C -1.283700704574585 -3.8329999446868896 -0.02222924493253231
N -2.4448094367980957 -4.442564010620117 -0.6851106286048889
O 3.049999952316284 -1.4759999513626099 0.44600000977516174
H 1.4889999628067017 1.8910000324249268 -0.8040000200271606
H 0.5210000276565552 2.1619999408721924 0.46399998664855957
H 1.3220000267028809 0.20000000298023224 1.559999942779541
H -0.7182996273040771 0.2650735378265381 0.07159505784511566
H 0.3171428442001343 -0.2331116944551468 -1.287014126777649
H 0.9578800201416016 -2.28228497505188 -0.04722907021641731
H -0.07807289063930511 -1.7850420475006104 1.312303066253662
H -2.0580902099609375 -1.829572081565857 -0.181073397397995
H -1.021277666091919 -2.3274080753326416 -1.5396519899368286
H -0.38105010986328125 -4.377438545227051 -0.2999403178691864
H -1.4164927005767822 -3.8792531490325928 1.058668851852417
H -3.2805020809173584 -3.9386048316955566 -0.42686834931373596
H -2.3216893672943115 -4.399827003479004 -1.6850204467773438
H -2.53053879737854 -5.405514717102051 -0.3969261050224304
H 3.8610000610351562 -1.8860000371932983 0.11500000208616257
