N 1.4220000505447388 1.7960000038146973 0.1979999989271164
C 1.3940000534057617 0.35499998927116394 0.48399999737739563
C 2.6570000648498535 -0.2840000092983246 -0.03200000151991844
O 3.315999984741211 0.2750000059604645 -0.8759999871253967
C 0.1840001791715622 -0.27799996733665466 -0.2059999257326126
C -0.18869048357009888 0.5486699342727661 -1.4392409324645996
C -1.3993027210235596 -0.08421791344881058 -2.13002347946167
C -1.7721259593963623 0.7412140965461731 -3.362060070037842
N -2.9348978996276855 0.13502244651317596 -4.025118827819824
O 3.049999952316284 -1.4759999513626099 0.44600000977516174
H 1.4889999628067017 1.8910000324249268 -0.8040000200271606
H 0.5210000276565552 2.1619999408721924 0.46399998664855957
H 1.3220000267028809 0.20000000298023224 1.559999942779541
H 0.429462730884552 -1.294461965560913 -0.510443389415741
H -0.6588453650474548 -0.2990739047527313 0.48501452803611755
H -0.4349423050880432 1.564989686012268 -1.1342002153396606
H 0.6535426378250122 0.5698559880256653 -2.131038188934326
H -1.153795838356018 -1.1016634702682495 -2.4346423149108887
H -2.2415359020233154 -0.10540401190519333 -1.438226342201233
H -2.018245220184326 1.7587717771530151 -3.0582234859466553
H -0.9299370646476746 0.7633836269378662 -4.053681373596191
H -2.7061376571655273 -0.8068931698799133 -4.307093143463135
H -3.713932752609253 0.11476419121026993 -3.385197639465332
H -3.180811882019043 0.6789001226425171 -4.838382244110107
H 3.8610000610351562 -1.8860000371932983 0.11500000208616257
