N 1.4220000505447388 1.7960000038146973 0.1979999989271164
C 1.3940000534057617 0.35499998927116394 0.48399999737739563
C 2.6570000648498535 -0.2840000092983246 -0.03200000151991844
O 3.315999984741211 0.2750000059604645 -0.8759999871253967
C 0.18400031328201294 -0.2779999077320099 -0.20599982142448425
C 0.6601256132125854 -1.1435695886611938 -1.3752981424331665
C -0.5501269698143005 -1.777174949645996 -2.0660524368286133
C -0.07511666417121887 -2.6419410705566406 -3.2342967987060547
N -1.2363591194152832 -3.2496228218078613 -3.898670196533203
O 3.049999952316284 -1.4759999513626099 0.44600000977516174
H 1.4889999628067017 1.8910000324249268 -0.8040000200271606
H 0.5210000276565552 2.1619999408721924 0.46399998664855957
H 1.3220000267028809 0.20000000298023224 1.559999942779541
H -0.3586612641811371 -0.8970468640327454 0.5070444345474243
H -0.4733890891075134 0.5071344375610352 -0.5798140168190002
H 1.2020875215530396 -0.5238695740699768 -2.0886318683624268
H 1.317262053489685 -1.929309606552124 -1.0022386312484741
H -1.093456745147705 -2.396676778793335 -1.352419376373291
H -1.2072635889053345 -0.9914351105690002 -2.4391121864318848
H 0.4679602384567261 -2.0230445861816406 -3.9486846923828125
H 0.5826879739761353 -3.4272258281707764 -2.861826181411743
H -1.7383562326431274 -3.823349952697754 -3.2369439601898193
H -1.8446718454360962 -2.5229995250701904 -4.243313789367676
H -0.9233996272087097 -3.820765495300293 -4.669076919555664
H 3.8610000610351562 -1.8860000371932983 0.11500000208616257
