N 1.4220000505447388 1.7960000038146973 0.1979999989271164
C 1.3940000534057617 0.35499998927116394 0.48399999737739563
C 2.6570000648498535 -0.2840000092983246 -0.03200000151991844
O 3.315999984741211 0.2750000059604645 -0.8759999871253967
C 0.18400026857852936 -0.2779999077320099 -0.20599986612796783
C 0.300008088350296 -0.08005416393280029 -1.7194477319717407
C -0.910396933555603 -0.7132087349891663 -2.410348653793335
C -0.7950998544692993 -0.5157284140586853 -3.9222869873046875
N -1.9572259187698364 -1.1222132444381714 -4.586209297180176
O 3.049999952316284 -1.4759999513626099 0.44600000977516174
H 1.4889999628067017 1.8910000324249268 -0.8040000200271606
H 0.5210000276565552 2.1619999408721924 0.46399998664855957
H 1.3220000267028809 0.20000000298023224 1.559999942779541
H 0.1524188220500946 -1.3429497480392456 0.019869808107614517
H -0.7291007041931152 0.19695423543453217 0.15316428244113922
H 0.3307051956653595 0.9852117300033569 -1.9449738264083862
H 1.2127037048339844 -0.5551630258560181 -2.0795130729675293
H -0.9422100782394409 -1.7790946960449219 -2.184213876724243
H -1.8230928182601929 -0.23809991776943207 -2.050283432006836
H -0.7636920809745789 0.5500029921531677 -4.149322509765625
H 0.11782746762037277 -0.9899011254310608 -4.282617092132568
H -1.985298752784729 -2.109248638153076 -4.376402378082275
H -2.8016457557678223 -0.683306872844696 -4.252861022949219
H -1.8812493085861206 -0.9927408695220947 -5.583775520324707
H 3.8610000610351562 -1.8860000371932983 0.11500000208616257
