N 1.4220000505447388 1.7960000038146973 0.1979999989271164
C 1.3940000534057617 0.35499998927116394 0.48399999737739563
C 2.6570000648498535 -0.2840000092983246 -0.03200000151991844
O 3.315999984741211 0.2750000059604645 -0.8759999871253967
C 0.18400005996227264 -0.27799999713897705 -0.205999955534935
C -0.8088729381561279 -0.764215886592865 0.8527551293373108
C -2.0197489261627197 -1.397659182548523 0.16294465959072113
C -3.011944532394409 -1.8836314678192139 1.220124363899231
N -4.174102783203125 -2.492900848388672 0.5588128566741943
O 3.049999952316284 -1.4759999513626099 0.44600000977516174
H 1.4889999628067017 1.8910000324249268 -0.8040000200271606
H 0.5210000276565552 2.1619999408721924 0.46399998664855957
H 1.3220000267028809 0.20000000298023224 1.559999942779541
H -0.2983287274837494 0.46082577109336853 -0.8444576263427734
H 0.5116313099861145 -1.1231660842895508 -0.8115459084510803
H -0.3263172507286072 -1.5037673711776733 1.4905633926391602
H -1.1373803615570068 0.08050675690174103 1.4584906101226807
H -2.5025031566619873 -0.6583074331283569 -0.4762495756149292
H -1.6912416219711304 -2.242382049560547 -0.4427908658981323
H -2.5300662517547607 -2.623426675796509 1.8595080375671387
H -3.340026378631592 -1.039434790611267 1.8265961408615112
H -4.620491027832031 -1.8071573972702026 -0.032405558973550797
H -3.870405435562134 -3.273937702178955 -0.002038808772340417
H -4.8292694091796875 -2.813070774078369 1.2558939456939697
H 3.8610000610351562 -1.8860000371932983 0.11500000208616257
