N 1.4220000505447388 1.7960000038146973 0.1979999989271164
C 1.3940000534057617 0.35499998927116394 0.48399999737739563
C 2.6570000648498535 -0.2840000092983246 -0.03200000151991844
O 3.315999984741211 0.2750000059604645 -0.8759999871253967
C 0.18400029838085175 -0.2779999077320099 -0.20599980652332306
C 0.5827463269233704 -1.6368783712387085 -0.7870467901229858
C -0.627539336681366 -2.2706925868988037 -1.4775515794754028
C -0.22979530692100525 -3.6281981468200684 -2.058264970779419
N -1.3907374143600464 -4.236802577972412 -2.722318649291992
O 3.049999952316284 -1.4759999513626099 0.44600000977516174
H 1.4889999628067017 1.8910000324249268 -0.8040000200271606
H 0.5210000276565552 2.1619999408721924 0.46399998664855957
H 1.3220000267028809 0.20000000298023224 1.559999942779541
H -0.617962658405304 -0.4136381149291992 0.5182863473892212
H -0.15855075418949127 0.373934268951416 -1.0097252130508423
H 1.3842761516571045 -1.5006601810455322 -1.512022852897644
H 0.9250113368034363 -2.2896270751953125 0.01617342419922352
H -1.4303572177886963 -2.4063522815704346 -0.7527468800544739
H -0.9698045253753662 -1.6179441213607788 -2.2807719707489014
H 0.5727365612983704 -3.4933528900146484 -2.7835748195648193
H 0.11332455277442932 -4.280925273895264 -1.2555631399154663
H -2.1332461833953857 -4.362301349639893 -2.0500264167785645
H -1.7078920602798462 -3.632899284362793 -3.464961528778076
H -1.1289581060409546 -5.132729530334473 -3.105020523071289
H 3.8610000610351562 -1.8860000371932983 0.11500000208616257
