N 1.4220000505447388 1.7960000038146973 0.1979999989271164
C 1.3940000534057617 0.35499998927116394 0.48399999737739563
C 2.6570000648498535 -0.2840000092983246 -0.03200000151991844
O 3.315999984741211 0.2750000059604645 -0.8759999871253967
C 0.18400005996227264 -0.27799999713897705 -0.20600000023841858
C -0.895975649356842 0.7861377000808716 -0.416780561208725
C -2.1068878173828125 0.1533510535955429 -1.1071299314498901
C -3.1861352920532227 1.2159172296524048 -1.317910075187683
N -4.3493852615356445 0.6090508103370667 -1.9795113801956177
O 3.049999952316284 -1.4759999513626099 0.44600000977516174
H 1.4889999628067017 1.8910000324249268 -0.8040000200271606
H 0.5210000276565552 2.1619999408721924 0.46399998664855957
H 1.3220000267028809 0.20000000298023224 1.559999942779541
H 0.4865436553955078 -0.684669554233551 -1.169960618019104
H -0.21266621351242065 -1.0789676904678345 0.41805174946784973
H -1.1988856792449951 1.192001223564148 0.5476447939872742
H -0.500221848487854 1.587318778038025 -1.0411816835403442
H -1.804161787033081 -0.25387057662010193 -2.071904182434082
H -2.5026419162750244 -0.647830069065094 -0.4827287793159485
H -3.489773750305176 1.6233521699905396 -0.35348501801490784
H -2.7905638217926025 2.0176503658294678 -1.9414974451065063
H -4.067851543426514 0.23275330662727356 -2.8729233741760254
H -4.715275287628174 -0.13248224556446075 -1.4023994207382202
H -5.061407566070557 1.309863805770874 -2.119367837905884
H 3.8610000610351562 -1.8860000371932983 0.11500000208616257
