N 1.4220000505447388 1.7960000038146973 0.1979999989271164
C 1.3940000534057617 0.35499998927116394 0.48399999737739563
C 2.6570000648498535 -0.2840000092983246 -0.03200000151991844
O 3.315999984741211 0.2750000059604645 -0.8759999871253967
C 0.18400029838085175 -0.2779999077320099 -0.20599985122680664
C 0.5046802163124084 -0.5090187191963196 -1.6848371028900146
C -0.7056381106376648 -1.14235520362854 -2.375722885131836
C -0.38590502738952637 -1.3733227252960205 -3.8531107902526855
N -1.5476480722427368 -1.9802011251449585 -4.517343521118164
O 3.049999952316284 -1.4759999513626099 0.44600000977516174
H 1.4889999628067017 1.8910000324249268 -0.8040000200271606
H 0.5210000276565552 2.1619999408721924 0.46399998664855957
H 1.3220000267028809 0.20000000298023224 1.559999942779541
H -0.04831691086292267 -1.230334997177124 0.26857295632362366
H -0.673664927482605 0.3894236981868744 -0.12061890959739685
H 0.7361435890197754 0.4438241422176361 -2.1592955589294434
H 1.3620268106460571 -1.1767789125442505 -1.7711042165756226
H -0.9383668899536133 -2.0954833030700684 -1.9007009267807007
H -1.562984824180603 -0.47459501028060913 -2.2894558906555176
H -0.15349484980106354 -0.4205310046672821 -4.329018592834473
H 0.4718531370162964 -2.040289878845215 -3.9398269653320312
H -1.761847972869873 -2.862891674041748 -4.076864719390869
H -2.3409934043884277 -1.3629666566848755 -4.437157154083252
H -1.3369196653366089 -2.133366107940674 -5.491924285888672
H 3.8610000610351562 -1.8860000371932983 0.11500000208616257
