N 1.4220000505447388 1.7960000038146973 0.1979999989271164
C 1.3940000534057617 0.35499998927116394 0.48399999737739563
C 2.6570000648498535 -0.2840000092983246 -0.03200000151991844
O 3.315999984741211 0.2750000059604645 -0.8759999871253967
C 0.18400010466575623 -0.27799999713897705 -0.20599991083145142
C -0.5196489691734314 -1.2255439758300781 0.7687838077545166
C -1.7304023504257202 -1.8591829538345337 0.07893802225589752
C -2.433712959289551 -2.805922031402588 1.0522258281707764
N -3.595428228378296 -3.415510892868042 0.390430748462677
O 3.049999952316284 -1.4759999513626099 0.44600000977516174
H 1.4889999628067017 1.8910000324249268 -0.8040000200271606
H 0.5210000276565552 2.1619999408721924 0.46399998664855957
H 1.3220000267028809 0.20000000298023224 1.559999942779541
H -0.5079210996627808 0.5037335753440857 -0.516274631023407
H 0.5157656073570251 -0.837831437587738 -1.0805593729019165
H 0.1724807769060135 -2.0077321529388428 1.0781925916671753
H -0.8521681427955627 -0.6663516163825989 1.643497347831726
H -2.4229471683502197 -1.076828956604004 -0.23181261122226715
H -1.397883415222168 -2.418375253677368 -0.7957755923271179
H -1.7419216632843018 -3.5889151096343994 1.3631305694580078
H -2.765608549118042 -2.247349977493286 1.9274152517318726
H -4.236137866973877 -2.6900811195373535 0.1035710945725441
H -3.2881624698638916 -3.93233060836792 -0.41906896233558655
H -4.060123920440674 -4.03969669342041 1.0323995351791382
H 3.8610000610351562 -1.8860000371932983 0.11500000208616257
