N 1.4220000505447388 1.7960000038146973 0.1979999989271164
C 1.3940000534057617 0.35499998927116394 0.48399999737739563
C 2.6570000648498535 -0.2840000092983246 -0.03200000151991844
O 3.315999984741211 0.2750000059604645 -0.8759999871253967
C 0.1840001791715622 -0.27799996733665466 -0.2059999257326126
C -0.2349458932876587 0.5894957780838013 -1.3955796957015991
C -1.4455777406692505 -0.043374691158533096 -2.086343765258789
C -1.8646010160446167 0.822831928730011 -3.2747693061828613
N -3.027421474456787 0.21663746237754822 -3.9377403259277344
O 3.049999952316284 -1.4759999513626099 0.44600000977516174
H 1.4889999628067017 1.8910000324249268 -0.8040000200271606
H 0.5210000276565552 2.1619999408721924 0.46399998664855957
H 1.3220000267028809 0.20000000298023224 1.559999942779541
H 0.4461311399936676 -1.2748807668685913 -0.5576372742652893
H -0.6426246762275696 -0.3477455675601959 0.5012204647064209
H -0.4978492259979248 1.586190938949585 -1.0433349609375
H 0.5910468697547913 0.6593708992004395 -2.1035642623901367
H -1.1833834648132324 -1.0412296056747437 -2.4381983280181885
H -2.2715706825256348 -0.11324980854988098 -1.3783591985702515
H -2.127427101135254 1.8208162784576416 -2.9236786365509033
H -1.0386713743209839 0.8936810493469238 -3.9825363159179688
H -2.783212661743164 -0.7071075439453125 -4.263474941253662
H -3.7914183139801025 0.1513429880142212 -3.28287410736084
H -3.30380916595459 0.7874358892440796 -4.722261428833008
H 3.8610000610351562 -1.8860000371932983 0.11500000208616257
