N 1.4220000505447388 1.7960000038146973 0.1979999989271164
C 1.3940000534057617 0.35499998927116394 0.48399999737739563
C 2.6570000648498535 -0.2840000092983246 -0.03200000151991844
O 3.315999984741211 0.2750000059604645 -0.8759999871253967
C 0.18400001525878906 -0.27800002694129944 -0.20600000023841858
C -1.0987306833267212 0.37186726927757263 0.31882336735725403
C -2.3097290992736816 -0.2610946297645569 -0.37121403217315674
C -3.5914671421051025 0.38766807317733765 0.1527179479598999
N -4.7545270919799805 -0.22018013894557953 -0.5083168148994446
O 3.049999952316284 -1.4759999513626099 0.44600000977516174
H 1.4889999628067017 1.8910000324249268 -0.8040000200271606
H 0.5210000276565552 2.1619999408721924 0.46399998664855957
H 1.3220000267028809 0.20000000298023224 1.559999942779541
H 0.2562525272369385 -0.12281215935945511 -1.281559944152832
H 0.16233737766742706 -1.347008228302002 0.006334744859486818
H -1.1710237264633179 0.21568261086940765 1.3944514989852905
H -1.0780667066574097 1.4409136772155762 0.10645119100809097
H -2.2374420166015625 -0.10597647726535797 -1.4477710723876953
H -2.3303933143615723 -1.3301410675048828 -0.15884192287921906
H -3.664752960205078 0.23258794844150543 1.2292375564575195
H -3.5708377361297607 1.4567840099334717 -0.05865722522139549
H -4.686628341674805 -0.07547204941511154 -1.5050591230392456
H -4.773521900177002 -1.2091718912124634 -0.31251177191734314
H -5.600339889526367 0.2079952210187912 -0.16343925893306732
H 3.8610000610351562 -1.8860000371932983 0.11500000208616257
