N 1.4220000505447388 1.7960000038146973 0.1979999989271164
C 1.3940000534057617 0.35499998927116394 0.48399999737739563
C 2.6570000648498535 -0.2840000092983246 -0.03200000151991844
O 3.315999984741211 0.2750000059604645 -0.8759999871253967
C 0.18400007486343384 -0.27799999713897705 -0.20599998533725739
C -0.7872046828269958 0.8224011063575745 -0.6407914757728577
C -1.9980708360671997 0.1896297186613083 -1.3312357664108276
C -2.968682289123535 1.2884258031845093 -1.7657591104507446
N -4.131908416748047 0.681782066822052 -2.4276070594787598
O 3.049999952316284 -1.4759999513626099 0.44600000977516174
H 1.4889999628067017 1.8910000324249268 -0.8040000200271606
H 0.5210000276565552 2.1619999408721924 0.46399998664855957
H 1.3220000267028809 0.20000000298023224 1.559999942779541
H 0.5149839520454407 -0.8368508219718933 -1.0802242755889893
H -0.31856822967529297 -0.9523200988769531 0.4875786602497101
H -1.1186509132385254 1.3805480003356934 0.23397207260131836
H -0.28550273180007935 1.4969497919082642 -1.3348145484924316
H -1.6668974161148071 -0.3698936998844147 -2.2061755657196045
H -2.4997730255126953 -0.48491907119750977 -0.6372127532958984
H -3.3007218837738037 1.8481777906417847 -0.8912636041641235
H -2.4671695232391357 1.9636468887329102 -2.45906662940979
H -3.8239715099334717 0.16435009241104126 -3.237844705581665
H -4.5958075523376465 0.05731169134378433 -1.7860159873962402
H -4.772222995758057 1.4063881635665894 -2.715038776397705
H 3.8610000610351562 -1.8860000371932983 0.11500000208616257
