N 1.4220000505447388 1.7960000038146973 0.1979999989271164
C 1.3940000534057617 0.35499998927116394 0.48399999737739563
C 2.6570000648498535 -0.2840000092983246 -0.03200000151991844
O 3.315999984741211 0.2750000059604645 -0.8759999871253967
C 0.18400004506111145 -0.27800002694129944 -0.2059999704360962
C -0.9326333403587341 -0.491007536649704 0.8191452026367188
C -2.143561840057373 -1.1243350505828857 0.12932035326957703
C -3.2593753337860107 -1.3374274969100952 1.1529420614242554
N -4.421774864196777 -1.9464364051818848 0.49181410670280457
O 3.049999952316284 -1.4759999513626099 0.44600000977516174
H 1.4889999628067017 1.8910000324249268 -0.8040000200271606
H 0.5210000276565552 2.1619999408721924 0.46399998664855957
H 1.3220000267028809 0.20000000298023224 1.559999942779541
H -0.16987964510917664 0.3816377520561218 -0.9970625638961792
H 0.4710289537906647 -1.2382733821868896 -0.6347463726997375
H -0.5785510540008545 -1.1514869928359985 1.6097073554992676
H -1.2205908298492432 0.4689381718635559 1.2480666637420654
H -2.4977526664733887 -0.4642680883407593 -0.6625902056694031
H -1.8556044101715088 -2.0842809677124023 -0.2996011972427368
H -2.9061129093170166 -1.9978221654891968 1.9450277090072632
H -3.5470213890075684 -0.3779109716415405 1.5827114582061768
H -4.749060153961182 -1.334072470664978 -0.2409481257200241
H -4.155508518218994 -2.8341376781463623 0.09445555508136749
H -5.158417224884033 -2.086599349975586 1.1666369438171387
H 3.8610000610351562 -1.8860000371932983 0.11500000208616257
