N 1.3200000524520874 0.9520000219345093 1.4279999732971191
C -0.017999999225139618 0.42899999022483826 1.7339999675750732
C -0.10300000011920929 0.09399999678134918 3.2009999752044678
O 0.8859999775886536 -0.2540000081062317 3.7990000247955322
C -0.273999959230423 -0.8309999108314514 0.9070000052452087
C -1.6654876470565796 -0.7812408208847046 0.3326377868652344
C -1.8808331489562988 -0.20511779189109802 -0.9052953720092773
C -2.7246334552764893 -1.3177672624588013 1.041887640953064
C -3.1556615829467773 -0.1576564759016037 -1.4341671466827393
C -4.0017476081848145 -1.2688641548156738 0.5189061760902405
C -4.2208027839660645 -0.6903436779975891 -0.72376948595047
O -5.475740909576416 -0.6459530591964722 -1.2412853240966797
O -1.2790000438690186 0.18400000035762787 3.8420000076293945
H 1.9769999980926514 0.22499999403953552 1.6690000295639038
H 1.3650000095367432 1.062999963760376 0.4259999990463257
H -0.7670000195503235 1.1829999685287476 1.4889999628067017
H 0.4522342383861542 -0.8884400725364685 0.09716405719518661
H -0.17541112005710602 -1.710581660270691 1.5447500944137573
H -1.0514413118362427 0.20792415738105774 -1.4588831663131714
H -2.5542168617248535 -1.7681872844696045 2.0080323219299316
H -3.3236582279205322 0.2929869294166565 -2.400615692138672
H -4.829929351806641 -1.682814121246338 1.0748838186264038
H -5.596664905548096 -1.456107258796692 -1.7540258169174194
H -1.3329999446868896 -0.029999999329447746 4.783999919891357
