N 1.3200000524520874 0.9520000219345093 1.4279999732971191
C -0.017999999225139618 0.42899999022483826 1.7339999675750732
C -0.10300000011920929 0.09399999678134918 3.2009999752044678
O 0.8859999775886536 -0.2540000081062317 3.7990000247955322
C -0.27399998903274536 -0.8309999704360962 0.9070000052452087
C 0.07302223891019821 -0.5653834342956543 -0.5343984365463257
C 1.3552581071853638 -0.8062607645988464 -0.9911470413208008
C -0.8934541940689087 -0.08692577481269836 -1.4002432823181152
C 1.6764073371887207 -0.5631788969039917 -2.312101364135742
C -0.5758604407310486 0.1615694910287857 -2.7209653854370117
C 0.7111877799034119 -0.07891712337732315 -3.182036876678467
O 1.023474097251892 0.16058076918125153 -4.481952667236328
O -1.2790000438690186 0.18400000035762787 3.8420000076293945
H 1.9769999980926514 0.22499999403953552 1.6690000295639038
H 1.3650000095367432 1.062999963760376 0.4259999990463257
H -0.7670000195503235 1.1829999685287476 1.4889999628067017
H 0.34179726243019104 -1.6459341049194336 1.285452127456665
H -1.3266047239303589 -1.1075198650360107 0.9822924137115479
H 2.105985641479492 -1.1848044395446777 -0.31434065103530884
H -1.894516110420227 0.09955822676420212 -1.04183828830719
H 2.6780340671539307 -0.7506773471832275 -2.6683499813079834
H -1.328863501548767 0.5403949022293091 -3.39611554145813
H 0.8483080267906189 -0.6562492251396179 -4.967731475830078
H -1.3329999446868896 -0.029999999329447746 4.783999919891357
