N 1.3200000524520874 0.9520000219345093 1.4279999732971191
C -0.017999999225139618 0.42899999022483826 1.7339999675750732
C -0.10300000011920929 0.09399999678134918 3.2009999752044678
O 0.8859999775886536 -0.2540000081062317 3.7990000247955322
C -0.273999959230423 -0.8309998512268066 0.9070000648498535
C -1.72706937789917 -1.2137051820755005 1.0105944871902466
C -2.6393558979034424 -0.711773157119751 0.10143709182739258
C -2.145260810852051 -2.0717837810516357 2.011345624923706
C -3.9723479747772217 -1.0605651140213013 0.19429320096969604
C -3.4778428077697754 -2.42004656791687 2.110647678375244
C -4.396108627319336 -1.916925072669983 1.1992911100387573
O -5.706228733062744 -2.262544631958008 1.293068289756775
O -1.2790000438690186 0.18400000035762787 3.8420000076293945
H 1.9769999980926514 0.22499999403953552 1.6690000295639038
H 1.3650000095367432 1.062999963760376 0.4259999990463257
H -0.7670000195503235 1.1829999685287476 1.4889999628067017
H -0.021364640444517136 -0.6397187113761902 -0.13517877459526062
H 0.34429940581321716 -1.6461238861083984 1.28566575050354
H -2.309108257293701 -0.046598926186561584 -0.6817829012870789
H -1.4310716390609741 -2.4635162353515625 2.7197484970092773
H -4.684698581695557 -0.6678482294082642 -0.5153934359550476
H -3.8057150840759277 -3.0857441425323486 2.895310878753662
H -5.825193881988525 -3.0592234134674072 0.7591904401779175
H -1.3329999446868896 -0.029999999329447746 4.783999919891357
