N 1.3200000524520874 0.9520000219345093 1.4279999732971191
C -0.017999999225139618 0.42899999022483826 1.7339999675750732
C -0.10300000011920929 0.09399999678134918 3.2009999752044678
O 0.8859999775886536 -0.2540000081062317 3.7990000247955322
C -0.27399998903274536 -0.8309999704360962 0.9070000052452087
C 0.09619788080453873 -0.5729758143424988 -0.5300049185752869
C 1.3825284242630005 -0.8272861242294312 -0.9675548672676086
C -0.8531655669212341 -0.08802645653486252 -1.411037802696228
C 1.7249130010604858 -0.5911916494369507 -2.2844367027282715
C -0.5142880082130432 0.15351535379886627 -2.7277541160583496
C 0.7769200205802917 -0.10046249628067017 -3.169558525085449
O 1.1101068258285522 0.13219459354877472 -4.465521335601807
O -1.2790000438690186 0.18400000035762787 3.8420000076293945
H 1.9769999980926514 0.22499999403953552 1.6690000295639038
H 1.3650000095367432 1.062999963760376 0.4259999990463257
H -0.7670000195503235 1.1829999685287476 1.4889999628067017
H 0.32855647802352905 -1.6505634784698486 1.296604037284851
H -1.330147385597229 -1.0973656177520752 0.9679180979728699
H 2.1198368072509766 -1.2108592987060547 -0.27893170714378357
H -1.857465147972107 0.10895036906003952 -1.0676171779632568
H 2.729736804962158 -0.7891817688941956 -2.625690221786499
H -1.2538927793502808 0.5373966693878174 -3.414754867553711
H 0.9342185854911804 -0.6843981146812439 -4.9514384269714355
H -1.3329999446868896 -0.029999999329447746 4.783999919891357
