N 1.3200000524520874 0.9520000219345093 1.4279999732971191
C -0.017999999225139618 0.42899999022483826 1.7339999675750732
C -0.10300000011920929 0.09399999678134918 3.2009999752044678
O 0.8859999775886536 -0.2540000081062317 3.7990000247955322
C -0.27399998903274536 -0.8309999704360962 0.9070000052452087
C 0.4435311555862427 -0.7205510139465332 -0.4126802980899811
C 1.7400165796279907 -1.184383511543274 -0.5341500043869019
C -0.19812025129795074 -0.16102558374404907 -1.5025888681411743
C 2.400526285171509 -1.0839738845825195 -1.7427817583084106
C 0.45981884002685547 -0.054721634835004807 -2.7120258808135986
C 1.7620010375976562 -0.5191968679428101 -2.836517810821533
O 2.408449172973633 -0.41953277587890625 -4.02682638168335
O -1.2790000438690186 0.18400000035762787 3.8420000076293945
H 1.9769999980926514 0.22499999403953552 1.6690000295639038
H 1.3650000095367432 1.062999963760376 0.4259999990463257
H -0.7670000195503235 1.1829999685287476 1.4889999628067017
H 0.09213796257972717 -1.7022955417633057 1.4486058950424194
H -1.345149040222168 -0.9383566975593567 0.7302993535995483
H 2.2362923622131348 -1.625510811805725 0.3167736828327179
H -1.2109951972961426 0.1996692568063736 -1.4059510231018066
H 3.413264513015747 -1.4456074237823486 -1.8371615409851074
H -0.038982097059488297 0.38714298605918884 -3.5619101524353027
H 2.221741199493408 -1.2315162420272827 -4.516416549682617
H -1.3329999446868896 -0.029999999329447746 4.783999919891357
