N 1.3200000524520874 0.9520000219345093 1.4279999732971191
C -0.017999999225139618 0.42899999022483826 1.7339999675750732
C -0.10300000011920929 0.09399999678134918 3.2009999752044678
O 0.8859999775886536 -0.2540000081062317 3.7990000247955322
C -0.27399998903274536 -0.8309999704360962 0.9070000052452087
C 0.20986029505729675 -0.6139615178108215 -0.5027444958686829
C 1.510589599609375 -0.9350625276565552 -0.8429906368255615
C -0.6498880386352539 -0.09969501942396164 -1.4561848640441895
C 1.9571064710617065 -0.7366732358932495 -2.134660005569458
C -0.2066173255443573 0.10430116951465607 -2.7480127811431885
C 1.0992913246154785 -0.21676453948020935 -3.092154026031494
O 1.534985065460205 -0.02103879302740097 -4.363580226898193
O -1.2790000438690186 0.18400000035762787 3.8420000076293945
H 1.9769999980926514 0.22499999403953552 1.6690000295639038
H 1.3650000095367432 1.062999963760376 0.4259999990463257
H -0.7670000195503235 1.1829999685287476 1.4889999628067017
H 0.2594038248062134 -1.6713091135025024 1.3496180772781372
H -1.3432947397232056 -1.0468071699142456 0.8949582576751709
H 2.1776554584503174 -1.3413245677947998 -0.09805550426244736
H -1.6656335592269897 0.1494598537683487 -1.188718557357788
H 2.9731709957122803 -0.9868292808532715 -2.399914264678955
H -0.876072347164154 0.5110043883323669 -3.491499423980713
H 1.355555534362793 -0.8363508582115173 -4.8503522872924805
H -1.3329999446868896 -0.029999999329447746 4.783999919891357
