N 1.3200000524520874 0.9520000219345093 1.4279999732971191
C -0.017999999225139618 0.42899999022483826 1.7339999675750732
C -0.10300000011920929 0.09399999678134918 3.2009999752044678
O 0.8859999775886536 -0.2540000081062317 3.7990000247955322
C -0.27399998903274536 -0.8309999108314514 0.9070000648498535
C 1.0155978202819824 -1.2909895181655884 0.2793433964252472
C 1.8326038122177124 -2.1793863773345947 0.9531551599502563
C 1.3772252798080444 -0.8287273049354553 -0.9729444980621338
C 3.015817165374756 -2.602478504180908 0.3803156912326813
C 2.561453104019165 -1.2457836866378784 -1.5479146242141724
C 3.383988857269287 -2.1374151706695557 -0.8731243014335632
O 4.546642780303955 -2.5520219802856445 -1.4396930932998657
O -1.2790000438690186 0.18400000035762787 3.8420000076293945
H 1.9769999980926514 0.22499999403953552 1.6690000295639038
H 1.3650000095367432 1.062999963760376 0.4259999990463257
H -0.7670000195503235 1.1829999685287476 1.4889999628067017
H -0.6652342677116394 -1.6165045499801636 1.5523433685302734
H -1.0007764101028442 -0.610329806804657 0.12392304092645645
H 1.5450890064239502 -2.5426137447357178 1.9280166625976562
H 0.7372967004776001 -0.13577230274677277 -1.49797785282135
H 3.654021739959717 -3.295696258544922 0.9070687294006348
H 2.8468685150146484 -0.880783200263977 -2.523446559906006
H 4.342143535614014 -3.3462116718292236 -1.9508861303329468
H -1.3329999446868896 -0.029999999329447746 4.783999919891357
