N 1.3200000524520874 0.9520000219345093 1.4279999732971191
C -0.017999999225139618 0.42899999022483826 1.7339999675750732
C -0.10300000011920929 0.09399999678134918 3.2009999752044678
O 0.8859999775886536 -0.2540000081062317 3.7990000247955322
C -0.273999959230423 -0.8309998512268066 0.9070000648498535
C -1.4603441953659058 -1.5690981149673462 1.4694982767105103
C -2.7317309379577637 -1.2868280410766602 1.006173849105835
C -1.2751429080963135 -2.5326459407806396 2.4441583156585693
C -3.8213562965393066 -1.961656928062439 1.520438313484192
C -2.362128734588623 -3.2070419788360596 2.9643256664276123
C -3.639986276626587 -2.925060510635376 2.5012056827545166
O -4.709357261657715 -3.591102361679077 3.0086474418640137
O -1.2790000438690186 0.18400000035762787 3.8420000076293945
H 1.9769999980926514 0.22499999403953552 1.6690000295639038
H 1.3650000095367432 1.062999963760376 0.4259999990463257
H -0.7670000195503235 1.1829999685287476 1.4889999628067017
H -0.4750071167945862 -0.5530097484588623 -0.12686039507389069
H 0.6056808233261108 -1.47511625289917 0.9442110061645508
H -2.8725836277008057 -0.5381603240966797 0.24157515168190002
H -0.2813357710838318 -2.75235915184021 2.803920269012451
H -4.8142008781433105 -1.7404929399490356 1.1589537858963013
H -2.218482494354248 -3.955660581588745 3.729365587234497
H -4.836609363555908 -4.376698017120361 2.460448741912842
H -1.3329999446868896 -0.029999999329447746 4.783999919891357
