N 1.3200000524520874 0.9520000219345093 1.4279999732971191
C -0.017999999225139618 0.42899999022483826 1.7339999675750732
C -0.10300000011920929 0.09399999678134918 3.2009999752044678
O 0.8859999775886536 -0.2540000081062317 3.7990000247955322
C -0.27399998903274536 -0.8309999704360962 0.9070000052452087
C -0.09248495101928711 -0.5181575417518616 -0.5551176071166992
C 1.1499072313308716 -0.6648024320602417 -1.1431031227111816
C -1.1705652475357056 -0.0907624140381813 -1.3086174726486206
C 1.3193784952163696 -0.3782309293746948 -2.483365058898926
C -1.0049514770507812 0.20096755027770996 -2.648165225982666
C 0.2417556643486023 0.05510852113366127 -3.24092173576355
O 0.4047883152961731 0.33715179562568665 -4.559456825256348
O -1.2790000438690186 0.18400000035762787 3.8420000076293945
H 1.9769999980926514 0.22499999403953552 1.6690000295639038
H 1.3650000095367432 1.062999963760376 0.4259999990463257
H -0.7670000195503235 1.1829999685287476 1.4889999628067017
H 0.4284931421279907 -1.6092205047607422 1.20267915725708
H -1.2934194803237915 -1.1786234378814697 1.080351710319519
H 1.9882017374038696 -1.003738522529602 -0.5537486672401428
H -2.14023494720459 0.022125592455267906 -0.847800612449646
H 2.2898929119110107 -0.49212998151779175 -2.94211745262146
H -1.8453559875488281 0.5400040149688721 -3.235638380050659
H 0.23478007316589355 -0.48115479946136475 -5.044582366943359
H -1.3329999446868896 -0.029999999329447746 4.783999919891357
