N 1.3200000524520874 0.9520000219345093 1.4279999732971191
C -0.017999999225139618 0.42899999022483826 1.7339999675750732
C -0.10300000011920929 0.09399999678134918 3.2009999752044678
O 0.8859999775886536 -0.2540000081062317 3.7990000247955322
C -0.273999959230423 -0.8309998512268066 0.9070000648498535
C -1.4897875785827637 -1.5432159900665283 1.4391791820526123
C -2.741766929626465 -1.239938497543335 0.9378405809402466
C -1.3509498834609985 -2.5040955543518066 2.424125909805298
C -3.8583085536956787 -1.8910105228424072 1.424241542816162
C -2.4650144577026367 -3.1547484397888184 2.9165008068084717
C -3.7234723567962646 -2.8516366481781006 2.415181875228882
O -4.819408893585205 -3.4943459033966064 2.8952977657318115
O -1.2790000438690186 0.18400000035762787 3.8420000076293945
H 1.9769999980926514 0.22499999403953552 1.6690000295639038
H 1.3650000095367432 1.062999963760376 0.4259999990463257
H -0.7670000195503235 1.1829999685287476 1.4889999628067017
H -0.43993517756462097 -0.5556089282035828 -0.13375695049762726
H 0.5918769836425781 -1.4912967681884766 0.9731363654136658
H -2.8463878631591797 -0.4934457838535309 0.16534008085727692
H -0.37222611904144287 -2.7402448654174805 2.813598155975342
H -4.83599328994751 -1.6534396409988403 1.033066987991333
H -2.3576135635375977 -3.9012417793273926 3.6895227432250977
H -4.94574499130249 -4.2807488441467285 2.348045825958252
H -1.3329999446868896 -0.029999999329447746 4.783999919891357
