N 1.3200000524520874 0.9520000219345093 1.4279999732971191
C -0.017999999225139618 0.42899999022483826 1.7339999675750732
C -0.10300000011920929 0.09399999678134918 3.2009999752044678
O 0.8859999775886536 -0.2540000081062317 3.7990000247955322
C -0.273999959230423 -0.8309997916221619 0.9070000648498535
C -1.0355658531188965 -1.8309258222579956 1.7369225025177002
C -2.4178314208984375 -1.824643611907959 1.7284101247787476
C -0.35067814588546753 -2.757958173751831 2.5012691020965576
C -3.1187117099761963 -2.739962100982666 2.4887423515319824
C -1.0472657680511475 -3.672445058822632 3.2663848400115967
C -2.4353771209716797 -3.667888879776001 3.260073661804199
O -3.121574640274048 -4.569936275482178 4.008476257324219
O -1.2790000438690186 0.18400000035762787 3.8420000076293945
H 1.9769999980926514 0.22499999403953552 1.6690000295639038
H 1.3650000095367432 1.062999963760376 0.4259999990463257
H -0.7670000195503235 1.1829999685287476 1.4889999628067017
H -0.8555776476860046 -0.5737873315811157 0.022602563723921776
H 0.6790441870689392 -1.2642197608947754 0.6001836061477661
H -2.9495737552642822 -1.1034517288208008 1.1266740560531616
H 0.7288216352462769 -2.7618911266326904 2.5057461261749268
H -4.19818115234375 -2.7343497276306152 2.48248291015625
H -0.5128104090690613 -4.392981052398682 3.8676629066467285
H -3.262051820755005 -5.347359657287598 3.451920509338379
H -1.3329999446868896 -0.029999999329447746 4.783999919891357
