N 1.3200000524520874 0.9520000219345093 1.4279999732971191
C -0.017999999225139618 0.42899999022483826 1.7339999675750732
C -0.10300000011920929 0.09399999678134918 3.2009999752044678
O 0.8859999775886536 -0.2540000081062317 3.7990000247955322
C -0.27399998903274536 -0.8309999108314514 0.9070000648498535
C 0.9942564368247986 -1.6382651329040527 0.8150516152381897
C 1.2705321311950684 -2.6002955436706543 1.7684346437454224
C 1.877371072769165 -1.4201494455337524 -0.2266872376203537
C 2.432830810546875 -3.341620683670044 1.686922550201416
C 3.0428504943847656 -2.156113862991333 -0.30997228622436523
C 3.3229551315307617 -3.122392177581787 0.6464593410491943
O 4.466639518737793 -3.850175619125366 0.5629122853279114
O -1.2790000438690186 0.18400000035762787 3.8420000076293945
H 1.9769999980926514 0.22499999403953552 1.6690000295639038
H 1.3650000095367432 1.062999963760376 0.4259999990463257
H -0.7670000195503235 1.1829999685287476 1.4889999628067017
H -1.0512501001358032 -1.4272023439407349 1.3834185600280762
H -0.5981196165084839 -0.5481132864952087 -0.09551207721233368
H 0.5768013000488281 -2.772014856338501 2.577263355255127
H 1.659285545349121 -0.6691019535064697 -0.9708119034767151
H 2.6486904621124268 -4.092334270477295 2.4320125579833984
H 3.7353696823120117 -1.9822899103164673 -1.1202515363693237
H 4.262836933135986 -4.633543491363525 0.035015784204006195
H -1.3329999446868896 -0.029999999329447746 4.783999919891357
