N 1.3200000524520874 0.9520000219345093 1.4279999732971191
C -0.017999999225139618 0.42899999022483826 1.7339999675750732
C -0.10300000011920929 0.09399999678134918 3.2009999752044678
O 0.8859999775886536 -0.2540000081062317 3.7990000247955322
C -0.27399998903274536 -0.8309999108314514 0.9070000648498535
C 1.0363826751708984 -1.5104846954345703 0.6073277592658997
C 1.5346944332122803 -2.4625613689422607 1.4768134355545044
C 1.7358959913253784 -1.185386300086975 -0.5405737161636353
C 2.7361361980438232 -3.0868358612060547 1.2048485279083252
C 2.939723014831543 -1.8039809465408325 -0.8145512342453003
C 3.4426376819610596 -2.7599849700927734 0.0572553426027298
O 4.624202251434326 -3.372526168823242 -0.21359869837760925
O -1.2790000438690186 0.18400000035762787 3.8420000076293945
H 1.9769999980926514 0.22499999403953552 1.6690000295639038
H 1.3650000095367432 1.062999963760376 0.4259999990463257
H -0.7670000195503235 1.1829999685287476 1.4889999628067017
H -0.9161757826805115 -1.509567141532898 1.4670952558517456
H -0.7641751170158386 -0.5582572221755981 -0.028654126450419426
H 0.9838524460792542 -2.718107223510742 2.369127035140991
H 1.344529390335083 -0.4423438608646393 -1.2188622951507568
H 3.1254186630249023 -3.8297810554504395 1.884419560432434
H 3.4889683723449707 -1.5464248657226562 -1.708052396774292
H 4.419074058532715 -4.15987491607666 -0.7350198030471802
H -1.3329999446868896 -0.029999999329447746 4.783999919891357
