N 1.3200000524520874 0.9520000219345093 1.4279999732971191
C -0.017999999225139618 0.42899999022483826 1.7339999675750732
C -0.10300000011920929 0.09399999678134918 3.2009999752044678
O 0.8859999775886536 -0.2540000081062317 3.7990000247955322
C -0.273999959230423 -0.8309999108314514 0.9070000648498535
C -1.7561079263687134 -1.0068455934524536 0.7044163346290588
C -2.374408483505249 -0.44017356634140015 -0.39438164234161377
C -2.4950177669525146 -1.7403849363327026 1.6147010326385498
C -3.733250617980957 -0.5993525385856628 -0.582413911819458
C -3.8547418117523193 -1.8987185955047607 1.4330333471298218
C -4.478188991546631 -1.3301899433135986 0.33076173067092896
O -5.8146514892578125 -1.489271879196167 0.14848855137825012
O -1.2790000438690186 0.18400000035762787 3.8420000076293945
H 1.9769999980926514 0.22499999403953552 1.6690000295639038
H 1.3650000095367432 1.062999963760376 0.4259999990463257
H -0.7670000195503235 1.1829999685287476 1.4889999628067017
H 0.21705026924610138 -0.7369954586029053 -0.060771942138671875
H 0.1262531876564026 -1.6987138986587524 1.4332877397537231
H -1.7941784858703613 0.12720178067684174 -1.1059799194335938
H -2.010100841522217 -2.1830077171325684 2.471611738204956
H -4.215977191925049 -0.15607979893684387 -1.4402071237564087
H -4.433053970336914 -2.466848611831665 2.146569013595581
H -5.932729244232178 -2.29239821434021 -0.37584084272384644
H -1.3329999446868896 -0.029999999329447746 4.783999919891357
