N 1.3200000524520874 0.9520000219345093 1.4279999732971191
C -0.017999999225139618 0.42899999022483826 1.7339999675750732
C -0.10300000011920929 0.09399999678134918 3.2009999752044678
O 0.8859999775886536 -0.2540000081062317 3.7990000247955322
C -0.27399998903274536 -0.8309999108314514 0.9070000648498535
C 1.0406837463378906 -1.416002869606018 0.46204572916030884
C 1.6850963830947876 -2.3472936153411865 1.2546364068984985
C 1.5979543924331665 -1.025233507156372 -0.741878867149353
C 2.8908469676971436 -2.8849856853485107 0.8494225740432739
C 2.8055007457733154 -1.5570653676986694 -1.1491978168487549
C 3.454972743988037 -2.4920055866241455 -0.35485100746154785
O 4.640340805053711 -3.0193421840667725 -0.7566981315612793
O -1.2790000438690186 0.18400000035762787 3.8420000076293945
H 1.9769999980926514 0.22499999403953552 1.6690000295639038
H 1.3650000095367432 1.062999963760376 0.4259999990463257
H -0.7670000195503235 1.1829999685287476 1.4889999628067017
H -0.8108482956886292 -1.560511589050293 1.5121086835861206
H -0.8729382753372192 -0.5757441520690918 0.03165648132562637
H 1.245060920715332 -2.65435528755188 2.19113826751709
H 1.0926119089126587 -0.29858338832855225 -1.3599110841751099
H 3.3942437171936035 -3.6117002964019775 1.4689407348632812
H 3.2437007427215576 -1.2480846643447876 -2.0866739749908447
H 4.435070514678955 -3.8096351623535156 -1.2735892534255981
H -1.3329999446868896 -0.029999999329447746 4.783999919891357
