N 1.3200000524520874 0.9520000219345093 1.4279999732971191
C -0.017999999225139618 0.42899999022483826 1.7339999675750732
C -0.10300000011920929 0.09399999678134918 3.2009999752044678
O 0.8859999775886536 -0.2540000081062317 3.7990000247955322
C -0.27399998903274536 -0.8309999704360962 0.9070000052452087
C -0.6026452779769897 -0.4435235559940338 -0.510906994342804
C 0.40941643714904785 -0.31692633032798767 -1.4438990354537964
C -1.9171607494354248 -0.22121255099773407 -0.8787557482719421
C 0.11108260601758957 0.038689449429512024 -2.7445449829101562
C -2.2198405265808105 0.13864688575267792 -2.17714262008667
C -1.2053254842758179 0.26703429222106934 -3.1158597469329834
O -1.5022978782653809 0.6162505745887756 -4.394342422485352
O -1.2790000438690186 0.18400000035762787 3.8420000076293945
H 1.9769999980926514 0.22499999403953552 1.6690000295639038
H 1.3650000095367432 1.062999963760376 0.4259999990463257
H -0.7670000195503235 1.1829999685287476 1.4889999628067017
H 0.6159912347793579 -1.4590036869049072 0.9157713055610657
H -1.1111578941345215 -1.3834633827209473 1.3360220193862915
H 1.4338167905807495 -0.4963570833206177 -1.1551731824874878
H -2.706198215484619 -0.3216106593608856 -0.14889584481716156
H 0.9017191529273987 0.13820676505565643 -3.4727725982666016
H -3.245666265487671 0.31769031286239624 -2.463456153869629
H -1.65640127658844 -0.20439690351486206 -4.880825042724609
H -1.3329999446868896 -0.029999999329447746 4.783999919891357
