N 1.3200000524520874 0.9520000219345093 1.4279999732971191
C -0.017999999225139618 0.42899999022483826 1.7339999675750732
C -0.10300000011920929 0.09399999678134918 3.2009999752044678
O 0.8859999775886536 -0.2540000081062317 3.7990000247955322
C -0.27399998903274536 -0.8309999108314514 0.9070000648498535
C 0.9657855033874512 -1.686240792274475 0.896959662437439
C 1.1501774787902832 -2.6456801891326904 1.8748377561569214
C 1.9147768020629883 -1.514623999595642 -0.09432681649923325
C 2.2861688137054443 -3.430936574935913 1.8684018850326538
C 3.0542471408843994 -2.2946653366088867 -0.10240588337182999
C 3.2421226501464844 -3.258453607559204 0.8787816166877747
O 4.360175609588623 -4.029508590698242 0.8690963983535767
O -1.2790000438690186 0.18400000035762787 3.8420000076293945
H 1.9769999980926514 0.22499999403953552 1.6690000295639038
H 1.3650000095367432 1.062999963760376 0.4259999990463257
H -0.7670000195503235 1.1829999685287476 1.4889999628067017
H -1.09939444065094 -1.3915849924087524 1.3440561294555664
H -0.5291652679443359 -0.5490117073059082 -0.1154882162809372
H 0.4052274823188782 -2.7809934616088867 2.6440541744232178
H 1.768419861793518 -0.7655073404312134 -0.8577134013175964
H 2.430262804031372 -4.179623603820801 2.632620096206665
H 3.798151731491089 -2.157222270965576 -0.8731623888015747
H 4.1572651863098145 -4.811382293701172 0.3386470675468445
H -1.3329999446868896 -0.029999999329447746 4.783999919891357
