N 1.3200000524520874 0.9520000219345093 1.4279999732971191
C -0.017999999225139618 0.42899999022483826 1.7339999675750732
C -0.10300000011920929 0.09399999678134918 3.2009999752044678
O 0.8859999775886536 -0.2540000081062317 3.7990000247955322
C -0.273999959230423 -0.8309998512268066 0.9070000648498535
C 0.7605744004249573 -1.8724331855773926 1.2441622018814087
C 0.5246028304100037 -2.7744505405426025 2.2646777629852295
C 1.9423482418060303 -1.9286686182022095 0.5279682278633118
C 1.4715906381607056 -3.7300827503204346 2.5763297080993652
C 2.893967628479004 -2.8798465728759766 0.8387791514396667
C 2.659729242324829 -3.7864596843719482 1.8635224103927612
O 3.5929152965545654 -4.725475311279297 2.166964054107666
O -1.2790000438690186 0.18400000035762787 3.8420000076293945
H 1.9769999980926514 0.22499999403953552 1.6690000295639038
H 1.3650000095367432 1.062999963760376 0.4259999990463257
H -0.7670000195503235 1.1829999685287476 1.4889999628067017
H -1.2670056819915771 -1.2182286977767944 1.1318185329437256
H -0.21209514141082764 -0.587729811668396 -0.15464791655540466
H -0.4009469449520111 -2.7315497398376465 2.8182761669158936
H 2.1242868900299072 -1.2239941358566284 -0.2693318724632263
H 1.287363052368164 -4.433910369873047 3.373833417892456
H 3.81927752494812 -2.9205965995788574 0.2833593785762787
H 3.3964219093322754 -5.501552104949951 1.625697135925293
H -1.3329999446868896 -0.029999999329447746 4.783999919891357
