N 1.3200000524520874 0.9520000219345093 1.4279999732971191
C -0.017999999225139618 0.42899999022483826 1.7339999675750732
C -0.10300000011920929 0.09399999678134918 3.2009999752044678
O 0.8859999775886536 -0.2540000081062317 3.7990000247955322
C -0.27399998903274536 -0.8309999108314514 0.9070000052452087
C 0.9935232996940613 -1.2348824739456177 0.20069295167922974
C 1.880709171295166 -2.098619222640991 0.8152088522911072
C 1.2647310495376587 -0.7459452152252197 -1.0642467737197876
C 3.0438835620880127 -2.470264196395874 0.17018859088420868
C 2.4285688400268555 -1.1114978790283203 -1.711375117301941
C 3.321449041366577 -1.978266716003418 -1.0962402820587158
O 4.4641571044921875 -2.3422820568084717 -1.7337148189544678
O -1.2790000438690186 0.18400000035762787 3.8420000076293945
H 1.9769999980926514 0.22499999403953552 1.6690000295639038
H 1.3650000095367432 1.062999963760376 0.4259999990463257
H -0.7670000195503235 1.1829999685287476 1.4889999628067017
H -0.5976848006248474 -1.6376235485076904 1.5636096000671387
H -1.0525034666061401 -0.6298752427101135 0.16971434652805328
H 1.663723111152649 -2.4828379154205322 1.800220012664795
H 0.570099413394928 -0.07233215868473053 -1.5428776741027832
H 3.7369046211242676 -3.144223690032959 0.6506315469741821
H 2.64335560798645 -0.7255802154541016 -2.6969127655029297
H 4.260341167449951 -3.13822078704834 -2.2424545288085938
H -1.3329999446868896 -0.029999999329447746 4.783999919891357
