N 1.3200000524520874 0.9520000219345093 1.4279999732971191
C -0.017999999225139618 0.42899999022483826 1.7339999675750732
C -0.10300000011920929 0.09399999678134918 3.2009999752044678
O 0.8859999775886536 -0.2540000081062317 3.7990000247955322
C -0.273999959230423 -0.8309998512268066 0.9070000648498535
C 0.425731897354126 -2.0020971298217773 1.5453670024871826
C -0.23219458758831024 -2.7681424617767334 2.489335775375366
C 1.723244547843933 -2.3130428791046143 1.1814169883728027
C 0.4070647358894348 -3.8421809673309326 3.0766470432281494
C 2.367929697036743 -3.383552074432373 1.7690508365631104
C 1.7096871137619019 -4.154071807861328 2.7176969051361084
O 2.3410894870758057 -5.210103988647461 3.2928404808044434
O -1.2790000438690186 0.18400000035762787 3.8420000076293945
H 1.9769999980926514 0.22499999403953552 1.6690000295639038
H 1.3650000095367432 1.062999963760376 0.4259999990463257
H -0.7670000195503235 1.1829999685287476 1.4889999628067017
H -1.3447504043579102 -1.026322603225708 0.8635004758834839
H 0.10893856734037399 -0.686086118221283 -0.10417106002569199
H -1.24667227268219 -2.5263125896453857 2.7673776149749756
H 2.234964370727539 -1.7141907215118408 0.44326096773147583
H -0.10672077536582947 -4.439798831939697 3.814347743988037
H 3.3830549716949463 -3.6233718395233154 1.4891271591186523
H 2.1550509929656982 -5.982150077819824 2.7421958446502686
H -1.3329999446868896 -0.029999999329447746 4.783999919891357
