N 1.3200000524520874 0.9520000219345093 1.4279999732971191
C -0.017999999225139618 0.42899999022483826 1.7339999675750732
C -0.10300000011920929 0.09399999678134918 3.2009999752044678
O 0.8859999775886536 -0.2540000081062317 3.7990000247955322
C -0.273999959230423 -0.8309998512268066 0.9070000648498535
C 0.5794976353645325 -1.9569286108016968 1.4289504289627075
C 0.09355170279741287 -2.7889046669006348 2.420132875442505
C 1.8456612825393677 -2.1605710983276367 0.9112197756767273
C 0.8740702867507935 -3.8217430114746094 2.9009454250335693
C 2.631330728530884 -3.189481735229492 1.3918328285217285
C 2.1459431648254395 -4.026031494140625 2.3875725269317627
O 2.9159412384033203 -5.041290760040283 2.8576934337615967
O -1.2790000438690186 0.18400000035762787 3.8420000076293945
H 1.9769999980926514 0.22499999403953552 1.6690000295639038
H 1.3650000095367432 1.062999963760376 0.4259999990463257
H -0.7670000195503235 1.1829999685287476 1.4889999628067017
H -1.3252071142196655 -1.106940746307373 0.9802790284156799
H -0.022279273718595505 -0.63801509141922 -0.13679230213165283
H -0.8970735669136047 -2.6308434009552 2.8184194564819336
H 2.2229361534118652 -1.5103740692138672 0.1364535540342331
H 0.49460533261299133 -4.470859527587891 3.6755287647247314
H 3.6222312450408936 -3.3454537391662598 0.9916591644287109
H 2.7251031398773193 -5.814740180969238 2.3106722831726074
H -1.3329999446868896 -0.029999999329447746 4.783999919891357
