N 1.3200000524520874 0.9520000219345093 1.4279999732971191
C -0.017999999225139618 0.42899999022483826 1.7339999675750732
C -0.10300000011920929 0.09399999678134918 3.2009999752044678
O 0.8859999775886536 -0.2540000081062317 3.7990000247955322
C -0.27399998903274536 -0.8309999704360962 0.9070000052452087
C 0.9566850066184998 -1.1648521423339844 0.10539969056844711
C 1.9252147674560547 -1.9931658506393433 0.6407654285430908
C 1.1127920150756836 -0.647266685962677 -1.167558193206787
C 3.0548572540283203 -2.3005850315093994 -0.09172800183296204
C 2.242659568786621 -0.9485422372817993 -1.9021022319793701
C 3.217048406600952 -1.7796207666397095 -1.3665755987167358
O 4.326489448547363 -2.0804927349090576 -2.089956283569336
O -1.2790000438690186 0.18400000035762787 3.8420000076293945
H 1.9769999980926514 0.22499999403953552 1.6690000295639038
H 1.3650000095367432 1.062999963760376 0.4259999990463257
H -0.7670000195503235 1.1829999685287476 1.4889999628067017
H -0.5114870071411133 -1.6605395078659058 1.5718411207199097
H -1.112217664718628 -0.6577250361442566 0.2306303232908249
H 1.7980417013168335 -2.399965286254883 1.6323778629302979
H 0.354776531457901 -0.001417716033756733 -1.5842677354812622
H 3.811415195465088 -2.946880340576172 0.3268982172012329
H 2.3675239086151123 -0.5401442050933838 -2.894054889678955
H 4.123816013336182 -2.878614902496338 -2.5957229137420654
H -1.3329999446868896 -0.029999999329447746 4.783999919891357
