N 1.3200000524520874 0.9520000219345093 1.4279999732971191
C -0.017999999225139618 0.42899999022483826 1.7339999675750732
C -0.10300000011920929 0.09399999678134918 3.2009999752044678
O 0.8859999775886536 -0.2540000081062317 3.7990000247955322
C -0.27399998903274536 -0.8309999704360962 0.9070000052452087
C -0.9730744957923889 -0.45814186334609985 -0.3739674687385559
C -0.23255176842212677 -0.1498473733663559 -1.4997341632843018
C -2.3549153804779053 -0.4310034513473511 -0.42361459136009216
C -0.8708246350288391 0.1928405463695526 -2.675454616546631
C -2.997459650039673 -0.08486109226942062 -1.5958964824676514
C -2.2561540603637695 0.22574567794799805 -2.7276666164398193
O -2.8870837688446045 0.561683714389801 -3.8825414180755615
O -1.2790000438690186 0.18400000035762787 3.8420000076293945
H 1.9769999980926514 0.22499999403953552 1.6690000295639038
H 1.3650000095367432 1.062999963760376 0.4259999990463257
H -0.7670000195503235 1.1829999685287476 1.4889999628067017
H 0.6747889518737793 -1.3139898777008057 0.676630437374115
H -0.9012414216995239 -1.5182976722717285 1.4764726161956787
H 0.8456798791885376 -0.17716313898563385 -1.4594311714172363
H -2.931438446044922 -0.6731090545654297 0.4563635289669037
H -0.2922595739364624 0.43427616357803345 -3.5542585849761963
H -4.076450824737549 -0.05821766331791878 -1.6335591077804565
H -3.029632568359375 -0.25851911306381226 -4.3732781410217285
H -1.3329999446868896 -0.029999999329447746 4.783999919891357
