N 1.3200000524520874 0.9520000219345093 1.4279999732971191
C -0.017999999225139618 0.42899999022483826 1.7339999675750732
C -0.10300000011920929 0.09399999678134918 3.2009999752044678
O 0.8859999775886536 -0.2540000081062317 3.7990000247955322
C -0.273999959230423 -0.8309998512268066 0.9070000648498535
C -1.7217575311660767 -1.227731466293335 1.0303202867507935
C -2.6517276763916016 -0.7318608164787292 0.13587191700935364
C -2.1173949241638184 -2.0925819873809814 2.034407138824463
C -3.9798996448516846 -1.0935138463974 0.2468308061361313
C -3.4450693130493164 -2.4537203311920166 2.1518070697784424
C -4.3810601234436035 -1.9567105770111084 1.2552491426467896
O -5.686380863189697 -2.3149774074554443 1.3668098449707031
O -1.2790000438690186 0.18400000035762787 3.8420000076293945
H 1.9769999980926514 0.22499999403953552 1.6690000295639038
H 1.3650000095367432 1.062999963760376 0.4259999990463257
H -0.7670000195503235 1.1829999685287476 1.4889999628067017
H -0.03820938616991043 -0.634362518787384 -0.1381249874830246
H 0.357338547706604 -1.6413145065307617 1.2743021249771118
H -2.339071750640869 -0.06135841831564903 -0.6500204205513
H -1.3894215822219849 -2.4795596599578857 2.7312991619110107
H -4.706062316894531 -0.70553058385849 -0.4513680934906006
H -3.755324125289917 -3.124727725982666 2.9391067028045654
H -5.8055100440979 -3.1112189292907715 0.8323167562484741
H -1.3329999446868896 -0.029999999329447746 4.783999919891357
