N 1.3200000524520874 0.9520000219345093 1.4279999732971191
C -0.017999999225139618 0.42899999022483826 1.7339999675750732
C -0.10300000011920929 0.09399999678134918 3.2009999752044678
O 0.8859999775886536 -0.2540000081062317 3.7990000247955322
C -0.27399998903274536 -0.8309999704360962 0.9070000052452087
C 0.7287503480911255 -0.9087850451469421 -0.21418119966983795
C 1.9319477081298828 -1.5609478950500488 -0.01983705163002014
C 0.44146350026130676 -0.3330967426300049 -1.4384095668792725
C 2.8534343242645264 -1.633406162261963 -1.0458768606185913
C 1.3615669012069702 -0.39941543340682983 -2.465996026992798
C 2.5708231925964355 -1.053223729133606 -2.2732584476470947
O 3.47456431388855 -1.123234510421753 -3.2846996784210205
O -1.2790000438690186 0.18400000035762787 3.8420000076293945
H 1.9769999980926514 0.22499999403953552 1.6690000295639038
H 1.3650000095367432 1.062999963760376 0.4259999990463257
H -0.7670000195503235 1.1829999685287476 1.4889999628067017
H -0.1773679405450821 -1.7097550630569458 1.5433974266052246
H -1.2818771600723267 -0.7942385673522949 0.4911379814147949
H 2.151074171066284 -2.013967990875244 0.9349982738494873
H -0.4991779923439026 0.17486174404621124 -1.588499665260315
H 3.7932941913604736 -2.1421287059783936 -0.8935951590538025
H 1.1398916244506836 0.05476163700222969 -3.420424222946167
H 3.278977394104004 -1.9293434619903564 -3.780491352081299
H -1.3329999446868896 -0.029999999329447746 4.783999919891357
