N 1.3200000524520874 0.9520000219345093 1.4279999732971191
C -0.017999999225139618 0.42899999022483826 1.7339999675750732
C -0.10300000011920929 0.09399999678134918 3.2009999752044678
O 0.8859999775886536 -0.2540000081062317 3.7990000247955322
C -0.273999959230423 -0.8309997916221619 0.9070000648498535
C -0.5757563710212708 -1.9840494394302368 1.8278831243515015
C -1.8805549144744873 -2.2448840141296387 2.202364444732666
C 0.4524312913417816 -2.7839581966400146 2.2922773361206055
C -2.160130023956299 -3.301114559173584 3.046971321105957
C 0.17812472581863403 -3.838688373565674 3.1403470039367676
C -1.131239414215088 -4.102412700653076 3.518406391143799
O -1.4027656316757202 -5.142427921295166 4.3486504554748535
O -1.2790000438690186 0.18400000035762787 3.8420000076293945
H 1.9769999980926514 0.22499999403953552 1.6690000295639038
H 1.3650000095367432 1.062999963760376 0.4259999990463257
H -0.7670000195503235 1.1829999685287476 1.4889999628067017
H -1.12107515335083 -0.6643346548080444 0.24274398386478424
H 0.6115632057189941 -1.0622525215148926 0.3133595883846283
H -2.6814749240875244 -1.6221659183502197 1.833985447883606
H 1.4706363677978516 -2.579235315322876 1.997824788093567
H -3.1791155338287354 -3.5041303634643555 3.339850425720215
H 0.9813514351844788 -4.4602251052856445 3.5075926780700684
H -1.5575700998306274 -5.915065765380859 3.7892391681671143
H -1.3329999446868896 -0.029999999329447746 4.783999919891357
