N 1.3200000524520874 0.9520000219345093 1.4279999732971191
C -0.017999999225139618 0.42899999022483826 1.7339999675750732
C -0.10300000011920929 0.09399999678134918 3.2009999752044678
O 0.8859999775886536 -0.2540000081062317 3.7990000247955322
C -0.27399998903274536 -0.8309999108314514 0.9070000648498535
C 1.0313247442245483 -1.5368138551712036 0.6490079760551453
C 1.4863245487213135 -2.49275279045105 1.5377856492996216
C 1.769544243812561 -1.2319468259811401 -0.48005086183547974
C 2.6830241680145264 -3.1411502361297607 1.3040417432785034
C 2.9687933921813965 -1.8747225999832153 -0.7157694697380066
C 3.4282522201538086 -2.834660530090332 0.1754826158285141
O 4.605277061462402 -3.4709465503692627 -0.0577891580760479
O -1.2790000438690186 0.18400000035762787 3.8420000076293945
H 1.9769999980926514 0.22499999403953552 1.6690000295639038
H 1.3650000095367432 1.062999963760376 0.4259999990463257
H -0.7670000195503235 1.1829999685287476 1.4889999628067017
H -0.9447434544563293 -1.4939391613006592 1.4521280527114868
H -0.7318508625030518 -0.5548197627067566 -0.043897438794374466
H 0.90534508228302 -2.732438325881958 2.4152636528015137
H 1.411972999572754 -0.4858419597148895 -1.1734668016433716
H 3.0384774208068848 -3.887110710144043 1.9986789226531982
H 3.5482494831085205 -1.6330046653747559 -1.5944918394088745
H 4.400309085845947 -4.257474899291992 -0.5805097222328186
H -1.3329999446868896 -0.029999999329447746 4.783999919891357
