N 1.3200000524520874 0.9520000219345093 1.4279999732971191
C -0.017999999225139618 0.42899999022483826 1.7339999675750732
C -0.10300000011920929 0.09399999678134918 3.2009999752044678
O 0.8859999775886536 -0.2540000081062317 3.7990000247955322
C -0.273999959230423 -0.8309998512268066 0.9070000648498535
C -1.3641088008880615 -1.6442539691925049 1.554214358329773
C -2.6846206188201904 -1.4283549785614014 1.2072181701660156
C -1.0416836738586426 -2.6101765632629395 2.4900143146514893
C -3.686234951019287 -2.172182083129883 1.7993630170822144
C -2.04018497467041 -3.3535091876983643 3.0878217220306396
C -3.3670995235443115 -3.138272285461426 2.7415778636932373
O -4.349648475646973 -3.8720645904541016 3.325366735458374
O -1.2790000438690186 0.18400000035762787 3.8420000076293945
H 1.9769999980926514 0.22499999403953552 1.6690000295639038
H 1.3650000095367432 1.062999963760376 0.4259999990463257
H -0.7670000195503235 1.1829999685287476 1.4889999628067017
H -0.5790290832519531 -0.5494447350502014 -0.10009167343378067
H 0.6401567459106445 -1.4241373538970947 0.8558684587478638
H -2.932743549346924 -0.6775575876235962 0.4725806415081024
H -0.009737071581184864 -2.777974843978882 2.758873462677002
H -4.717454433441162 -2.002854585647583 1.5287344455718994
H -1.789247989654541 -4.104104042053223 3.822660446166992
H -4.479895114898682 -4.655315399169922 2.774522304534912
H -1.3329999446868896 -0.029999999329447746 4.783999919891357
