N 1.3200000524520874 0.9520000219345093 1.4279999732971191
C -0.017999999225139618 0.42899999022483826 1.7339999675750732
C -0.10300000011920929 0.09399999678134918 3.2009999752044678
O 0.8859999775886536 -0.2540000081062317 3.7990000247955322
C -0.27399998903274536 -0.8309999704360962 0.9070000052452087
C 0.1648663431406021 -0.5969722867012024 -0.5147008895874023
C 1.4610549211502075 -0.8914481401443481 -0.8941070437431335
C -0.7315164804458618 -0.09379702806472778 -1.439902663230896
C 1.8663533926010132 -0.677432119846344 -2.1968257427215576
C -0.32957226037979126 0.12576408684253693 -2.742652177810669
C 0.9716797471046448 -0.16855651140213013 -3.1261003017425537
O 1.3667949438095093 0.042478397488594055 -4.408290386199951
O -1.2790000438690186 0.18400000035762787 3.8420000076293945
H 1.9769999980926514 0.22499999403953552 1.6690000295639038
H 1.3650000095367432 1.062999963760376 0.4259999990463257
H -0.7670000195503235 1.1829999685287476 1.4889999628067017
H 0.28763794898986816 -1.6634962558746338 1.3289746046066284
H -1.3389524221420288 -1.066975474357605 0.924342155456543
H 2.156830310821533 -1.2891321182250977 -0.17112840712070465
H -1.7436352968215942 0.1345565766096115 -1.1418665647506714
H 2.878873586654663 -0.9067929983139038 -2.492666006088257
H -1.0277019739151 0.5238357782363892 -3.464111804962158
H 1.1887671947479248 -0.7733644247055054 -4.894687175750732
H -1.3329999446868896 -0.029999999329447746 4.783999919891357
