N 1.3200000524520874 0.9520000219345093 1.4279999732971191
C -0.017999999225139618 0.42899999022483826 1.7339999675750732
C -0.10300000011920929 0.09399999678134918 3.2009999752044678
O 0.8859999775886536 -0.2540000081062317 3.7990000247955322
C -0.273999959230423 -0.8309999108314514 0.9070000648498535
C -1.7325047254562378 -0.9023030996322632 0.5378310680389404
C -2.1764607429504395 -0.322055459022522 -0.6356192231178284
C -2.624250650405884 -1.5537500381469727 1.3703523874282837
C -3.51324462890625 -0.38545656204223633 -0.9764048457145691
C -3.9625680446624756 -1.6160672903060913 1.0357694625854492
C -4.411084175109863 -1.0336843729019165 -0.14176058769226074
O -5.726348400115967 -1.0984842777252197 -0.47424182295799255
O -1.2790000438690186 0.18400000035762787 3.8420000076293945
H 1.9769999980926514 0.22499999403953552 1.6690000295639038
H 1.3650000095367432 1.062999963760376 0.4259999990463257
H -0.7670000195503235 1.1829999685287476 1.4889999628067017
H 0.32976624369621277 -0.8003532290458679 0.0008670830866321921
H -0.003931715153157711 -1.711053490638733 1.4923869371414185
H -1.4772424697875977 0.18097224831581116 -1.2860119342803955
H -2.2753777503967285 -2.007159471511841 2.2858099937438965
H -3.859797954559326 0.06841444224119186 -1.8924981355667114
H -4.660164833068848 -2.1199357509613037 1.6883221864700317
H -5.8451714515686035 -1.9048677682876587 -0.9933778047561646
H -1.3329999446868896 -0.029999999329447746 4.783999919891357
