N 1.3200000524520874 0.9520000219345093 1.4279999732971191
C -0.017999999225139618 0.42899999022483826 1.7339999675750732
C -0.10300000011920929 0.09399999678134918 3.2009999752044678
O 0.8859999775886536 -0.2540000081062317 3.7990000247955322
C -0.273999959230423 -0.8309997916221619 0.9070000648498535
C -0.33233773708343506 -2.027951240539551 1.8194200992584229
C -1.5398021936416626 -2.421173572540283 2.3654747009277344
C 0.8212358951568604 -2.735579490661621 2.1044042110443115
C -1.596199870109558 -3.5179460048675537 3.2027652263641357
C 0.7703915238380432 -3.830430269241333 2.944427251815796
C -0.44078871607780457 -4.227046966552734 3.49456524848938
O -0.49282100796699524 -5.306589126586914 4.317087650299072
O -1.2790000438690186 0.18400000035762787 3.8420000076293945
H 1.9769999980926514 0.22499999403953552 1.6690000295639038
H 1.3650000095367432 1.062999963760376 0.4259999990463257
H -0.7670000195503235 1.1829999685287476 1.4889999628067017
H -1.2198573350906372 -0.7316789627075195 0.375926673412323
H 0.5339454412460327 -0.9628400802612305 0.18592356145381927
H -2.439316749572754 -1.8701887130737305 2.1369071006774902
H 1.7630561590194702 -2.4275033473968506 1.676129698753357
H -2.539173126220703 -3.8243634700775146 3.629654884338379
H 1.6719063520431519 -4.379992485046387 3.1715891361236572
H -0.6552135944366455 -6.07785177230835 3.757929801940918
H -1.3329999446868896 -0.029999999329447746 4.783999919891357
