N 1.3200000524520874 0.9520000219345093 1.4279999732971191
C -0.017999999225139618 0.42899999022483826 1.7339999675750732
C -0.10300000011920929 0.09399999678134918 3.2009999752044678
O 0.8859999775886536 -0.2540000081062317 3.7990000247955322
C -0.273999959230423 -0.8309999704360962 0.9070000052452087
C -1.4468992948532104 -0.6010652184486389 -0.009538660757243633
C -1.2419949769973755 -0.09051471948623657 -1.2776563167572021
C -2.726471185684204 -0.9070911407470703 0.41675886511802673
C -2.315568685531616 0.12179139256477356 -2.119981050491333
C -3.80344557762146 -0.6925658583641052 -0.4205150902271271
C -3.6004703044891357 -0.17940934002399445 -1.6942440271377563
O -4.658475875854492 0.027519002556800842 -2.520359992980957
O -1.2790000438690186 0.18400000035762787 3.8420000076293945
H 1.9769999980926514 0.22499999403953552 1.6690000295639038
H 1.3650000095367432 1.062999963760376 0.4259999990463257
H -0.7670000195503235 1.1829999685287476 1.4889999628067017
H 0.6103655695915222 -1.063614845275879 0.31510671973228455
H -0.4926835596561432 -1.6656721830368042 1.574539303779602
H -0.2416800558567047 0.1422722488641739 -1.6095210313796997
H -2.884286880493164 -1.3066997528076172 1.4070934057235718
H -2.1553335189819336 0.5212093591690063 -3.1099886894226074
H -4.803363800048828 -0.9262649416923523 -0.08600243180990219
H -4.786233901977539 -0.7882437705993652 -3.022440195083618
H -1.3329999446868896 -0.029999999329447746 4.783999919891357
