N 1.3200000524520874 0.9520000219345093 1.4279999732971191
C -0.017999999225139618 0.42899999022483826 1.7339999675750732
C -0.10300000011920929 0.09399999678134918 3.2009999752044678
O 0.8859999775886536 -0.2540000081062317 3.7990000247955322
C -0.27399998903274536 -0.8309999704360962 0.9070000052452087
C 0.42338353395462036 -0.7099997997283936 -0.42251917719841003
C 1.7222975492477417 -1.1611952781677246 -0.5639941096305847
C -0.23913636803627014 -0.15346184372901917 -1.5014160871505737
C 2.364361524581909 -1.0510905981063843 -1.7816871404647827
C 0.40029025077819824 -0.03748505190014839 -2.719860076904297
C 1.7048625946044922 -0.489260733127594 -2.864440441131592
O 2.3331382274627686 -0.3800868093967438 -4.063612461090088
O -1.2790000438690186 0.18400000035762787 3.8420000076293945
H 1.9769999980926514 0.22499999403953552 1.6690000295639038
H 1.3650000095367432 1.062999963760376 0.4259999990463257
H -0.7670000195503235 1.1829999685287476 1.4889999628067017
H 0.10808961093425751 -1.7003345489501953 1.4406803846359253
H -1.346523404121399 -0.9479824304580688 0.7453903555870056
H 2.2349069118499756 -1.6000343561172485 0.27838701009750366
H -1.253867745399475 0.1973555088043213 -1.3891545534133911
H 3.378997564315796 -1.4028542041778564 -1.8916919231414795
H -0.11483602970838547 0.40206435322761536 -3.5611634254455566
H 2.14705753326416 -1.1923996210098267 -4.5528950691223145
H -1.3329999446868896 -0.029999999329447746 4.783999919891357
