N 1.3200000524520874 0.9520000219345093 1.4279999732971191
C -0.017999999225139618 0.42899999022483826 1.7339999675750732
C -0.10300000011920929 0.09399999678134918 3.2009999752044678
O 0.8859999775886536 -0.2540000081062317 3.7990000247955322
C -0.273999959230423 -0.8309997916221619 0.9070000648498535
C 0.14477142691612244 -2.0438053607940674 1.6958848237991333
C -0.7655214667320251 -2.679471969604492 2.519331932067871
C 1.4376555681228638 -2.5233700275421143 1.5902718305587769
C -0.3842141926288605 -3.7913780212402344 3.244187116622925
C 1.824636459350586 -3.6324009895324707 2.3163697719573975
C 0.9126186966896057 -4.272238254547119 3.144467353820801
O 1.2907474040985107 -5.365954875946045 3.8554282188415527
O -1.2790000438690186 0.18400000035762787 3.8420000076293945
H 1.9769999980926514 0.22499999403953552 1.6690000295639038
H 1.3650000095367432 1.062999963760376 0.4259999990463257
H -0.7670000195503235 1.1829999685287476 1.4889999628067017
H -1.334572672843933 -0.9003399610519409 0.6684054732322693
H 0.30267560482025146 -0.782168447971344 -0.01775379851460457
H -1.7753483057022095 -2.306114435195923 2.595541477203369
H 2.1467654705047607 -2.0261428356170654 0.9458468556404114
H -1.0951005220413208 -4.287159442901611 3.887744903564453
H 2.835690975189209 -4.003933906555176 2.2383813858032227
H 1.1134755611419678 -6.136709690093994 3.3001019954681396
H -1.3329999446868896 -0.029999999329447746 4.783999919891357
