N 1.3200000524520874 0.9520000219345093 1.4279999732971191
C -0.017999999225139618 0.42899999022483826 1.7339999675750732
C -0.10300000011920929 0.09399999678134918 3.2009999752044678
O 0.8859999775886536 -0.2540000081062317 3.7990000247955322
C -0.273999959230423 -0.8309997916221619 0.9070000648498535
C 0.07571624219417572 -2.0476534366607666 1.7231240272521973
C -0.886898934841156 -2.6497206687927246 2.5115764141082764
C 1.3577526807785034 -2.564357042312622 1.6774530410766602
C -0.5689671635627747 -3.765066146850586 3.261289596557617
C 1.681378960609436 -3.676976442337036 2.4286296367645264
C 0.716722309589386 -4.283120632171631 3.2216875553131104
O 1.0325957536697388 -5.3803253173828125 3.9572339057922363
O -1.2790000438690186 0.18400000035762787 3.8420000076293945
H 1.9769999980926514 0.22499999403953552 1.6690000295639038
H 1.3650000095367432 1.062999963760376 0.4259999990463257
H -0.7670000195503235 1.1829999685287476 1.4889999628067017
H -1.324873924255371 -0.8727200031280518 0.623322069644928
H 0.34307417273521423 -0.8070773482322693 0.007691351231187582
H -1.8880174160003662 -2.2474136352539062 2.540983200073242
H 2.107807159423828 -2.093332052230835 1.0602747201919556
H -1.320717215538025 -4.2346038818359375 3.8775126934051514
H 2.683851957321167 -4.077510833740234 2.3974838256835938
H 0.8574780225753784 -6.150961875915527 3.4010612964630127
H -1.3329999446868896 -0.029999999329447746 4.783999919891357
