N 1.3200000524520874 0.9520000219345093 1.4279999732971191
C -0.017999999225139618 0.42899999022483826 1.7339999675750732
C -0.10300000011920929 0.09399999678134918 3.2009999752044678
O 0.8859999775886536 -0.2540000081062317 3.7990000247955322
C -0.27399998903274536 -0.8309999704360962 0.9070000052452087
C -0.9064202308654785 -0.4506549835205078 -0.4060073792934418
C -0.10967636108398438 -0.17387573421001434 -1.5011614561080933
C -2.2835116386413574 -0.38513264060020447 -0.515605628490448
C -0.6867626309394836 0.17558914422988892 -2.7061474323272705
C -2.864912986755371 -0.032062504440546036 -1.717369556427002
C -2.067063093185425 0.246949702501297 -2.8185060024261475
O -2.6379051208496094 0.5896565914154053 -4.002294063568115
O -1.2790000438690186 0.18400000035762787 3.8420000076293945
H 1.9769999980926514 0.22499999403953552 1.6690000295639038
H 1.3650000095367432 1.062999963760376 0.4259999990463257
H -0.7670000195503235 1.1829999685287476 1.4889999628067017
H 0.6696678996086121 -1.3426200151443481 0.7218359112739563
H -0.9444884657859802 -1.4950169324874878 1.4543898105621338
H 0.9646070599555969 -0.23112456500530243 -1.4140307903289795
H -2.9040160179138184 -0.6026685237884521 0.3405531048774719
H -0.06428848206996918 0.3924088776111603 -3.561039447784424
H -3.9400875568389893 0.024560406804084778 -1.8018896579742432
H -2.7825334072113037 -0.23077762126922607 -4.492034912109375
H -1.3329999446868896 -0.029999999329447746 4.783999919891357
