N 1.3200000524520874 0.9520000219345093 1.4279999732971191
C -0.017999999225139618 0.42899999022483826 1.7339999675750732
C -0.10300000011920929 0.09399999678134918 3.2009999752044678
O 0.8859999775886536 -0.2540000081062317 3.7990000247955322
C -0.27399998903274536 -0.8309999704360962 0.9070000052452087
C 0.6645771265029907 -0.8586683869361877 -0.27067288756370544
C 1.900532841682434 -1.466572642326355 -0.15390068292617798
C 0.28578445315361023 -0.2813965678215027 -1.468988060951233
C 2.7633304595947266 -1.4930204153060913 -1.2318739891052246
C 1.146883249282837 -0.30174577236175537 -2.5483477115631104
C 2.38885235786438 -0.9110465049743652 -2.433547258377075
O 3.2346975803375244 -0.9358789324760437 -3.4958994388580322
O -1.2790000438690186 0.18400000035762787 3.8420000076293945
H 1.9769999980926514 0.22499999403953552 1.6690000295639038
H 1.3650000095367432 1.062999963760376 0.4259999990463257
H -0.7670000195503235 1.1829999685287476 1.4889999628067017
H -0.10800234228372574 -1.7121323347091675 1.5255470275878906
H -1.304866909980774 -0.8282331824302673 0.5500479936599731
H 2.1911909580230713 -1.9210127592086792 0.7809554934501648
H -0.6802897453308105 0.19194315373897552 -1.5584609508514404
H 3.7287800312042236 -1.9671765565872192 -1.1401782035827637
H 0.8536626100540161 0.15374916791915894 -3.4826366901397705
H 3.041107654571533 -1.7435516119003296 -3.989926815032959
H -1.3329999446868896 -0.029999999329447746 4.783999919891357
