N 1.3200000524520874 0.9520000219345093 1.4279999732971191
C -0.017999999225139618 0.42899999022483826 1.7339999675750732
C -0.10300000011920929 0.09399999678134918 3.2009999752044678
O 0.8859999775886536 -0.2540000081062317 3.7990000247955322
C -0.273999959230423 -0.8309997916221619 0.9070000648498535
C -0.8584932684898376 -1.9019055366516113 1.7902523279190063
C -2.2291324138641357 -2.001405954360962 1.9393093585968018
C -0.023184847086668015 -2.788057804107666 2.445751905441284
C -2.7678141593933105 -2.9819977283477783 2.7488818168640137
C -0.5571231842041016 -3.767582416534424 3.2596092224121094
C -1.9331707954406738 -3.869293451309204 3.4114701747894287
O -2.4596691131591797 -4.835304260253906 4.207890510559082
O -1.2790000438690186 0.18400000035762787 3.8420000076293945
H 1.9769999980926514 0.22499999403953552 1.6690000295639038
H 1.3650000095367432 1.062999963760376 0.4259999990463257
H -0.7670000195503235 1.1829999685287476 1.4889999628067017
H -0.9713224172592163 -0.6023831963539124 0.1019996628165245
H 0.6665991544723511 -1.1840156316757202 0.48183873295783997
H -2.8787271976470947 -1.3118001222610474 1.4221786260604858
H 1.0469121932983398 -2.7093403339385986 2.3272147178649902
H -3.8382112979888916 -3.0590052604675293 2.865691661834717
H 0.09505759924650192 -4.456317901611328 3.7759945392608643
H -2.6056625843048096 -5.610510349273682 3.6496646404266357
H -1.3329999446868896 -0.029999999329447746 4.783999919891357
