N 1.3200000524520874 0.9520000219345093 1.4279999732971191
C -0.017999999225139618 0.42899999022483826 1.7339999675750732
C -0.10300000011920929 0.09399999678134918 3.2009999752044678
O 0.8859999775886536 -0.2540000081062317 3.7990000247955322
C -0.27399998903274536 -0.8309999704360962 0.9070000052452087
C 0.5404860377311707 -0.7756389379501343 -0.35876211524009705
C 1.818747639656067 -1.30133056640625 -0.38034334778785706
C 0.005799345672130585 -0.204636812210083 -1.4992674589157104
C 2.5680055618286133 -1.2515289783477783 -1.5393420457839966
C 0.7528348565101624 -0.14884135127067566 -2.6593308448791504
C 2.0369575023651123 -0.6754897236824036 -2.683506727218628
O 2.7708606719970703 -0.6254786252975464 -3.8252367973327637
O -1.2790000438690186 0.18400000035762787 3.8420000076293945
H 1.9769999980926514 0.22499999403953552 1.6690000295639038
H 1.3650000095367432 1.062999963760376 0.4259999990463257
H -0.7670000195503235 1.1829999685287476 1.4889999628067017
H 0.010526932775974274 -1.7094792127609253 1.4848136901855469
H -1.3336732387542725 -0.8911641240119934 0.6548453569412231
H 2.231325626373291 -1.7511945962905884 0.5098003149032593
H -0.9930423498153687 0.20441561937332153 -1.4806503057479858
H 3.566504955291748 -1.661475658416748 -1.5557050704956055
H 0.33770182728767395 0.30189380049705505 -3.5486297607421875
H 2.5811336040496826 -1.4357424974441528 -4.316512584686279
H -1.3329999446868896 -0.029999999329447746 4.783999919891357
