N 1.3200000524520874 0.9520000219345093 1.4279999732971191
C -0.017999999225139618 0.42899999022483826 1.7339999675750732
C -0.10300000011920929 0.09399999678134918 3.2009999752044678
O 0.8859999775886536 -0.2540000081062317 3.7990000247955322
C -0.27399998903274536 -0.8309999108314514 0.9070000648498535
C 1.0415858030319214 -1.4433197975158691 0.5033859610557556
C 1.6452018022537231 -2.381693124771118 1.3193964958190918
C 1.640500545501709 -1.0704638957977295 -0.6861371994018555
C 2.851675271987915 -2.9444210529327393 0.952102780342102
C 2.848940372467041 -1.6273791790008545 -1.055516004562378
C 3.4574930667877197 -2.569485664367676 -0.23758399486541748
O 4.643695831298828 -3.1214563846588135 -0.6021575927734375
O -1.2790000438690186 0.18400000035762787 3.8420000076293945
H 1.9769999980926514 0.22499999403953552 1.6690000295639038
H 1.3650000095367432 1.062999963760376 0.4259999990463257
H -0.7670000195503235 1.1829999685287476 1.4889999628067017
H -0.8417366743087769 -1.546578049659729 1.500441551208496
H -0.8426127433776855 -0.5698901414871216 0.013350127264857292
H 1.1727176904678345 -2.674696922302246 2.2445242404937744
H 1.1669803857803345 -0.33823731541633606 -1.3225160837173462
H 3.323207139968872 -3.676666259765625 1.5899112224578857
H 3.3196544647216797 -1.3324284553527832 -1.9816814661026
H 4.438399791717529 -3.910897970199585 -1.1203378438949585
H -1.3329999446868896 -0.029999999329447746 4.783999919891357
