N 1.3200000524520874 0.9520000219345093 1.4279999732971191
C -0.017999999225139618 0.42899999022483826 1.7339999675750732
C -0.10300000011920929 0.09399999678134918 3.2009999752044678
O 0.8859999775886536 -0.2540000081062317 3.7990000247955322
C -0.273999959230423 -0.8309997916221619 0.9070000648498535
C -0.23477432131767273 -2.0389044284820557 1.805907130241394
C -1.3931584358215332 -2.4835758209228516 2.4151554107666016
C 0.9589807987213135 -2.705080270767212 2.0152971744537354
C -1.3600800037384033 -3.5905098915100098 3.2402305603027344
C 0.9976852536201477 -3.8099117279052734 2.842806577682495
C -0.16404324769973755 -4.258159637451172 3.4563004970550537
O -0.128106489777565 -5.3475542068481445 4.266602993011475
O -1.2790000438690186 0.18400000035762787 3.8420000076293945
H 1.9769999980926514 0.22499999403953552 1.6690000295639038
H 1.3650000095367432 1.062999963760376 0.4259999990463257
H -0.7670000195503235 1.1829999685287476 1.4889999628067017
H -1.2519830465316772 -0.7621405124664307 0.43228185176849365
H 0.49534687399864197 -0.9243370294570923 0.13920937478542328
H -2.3243415355682373 -1.964846134185791 2.2455344200134277
H 1.8623316287994385 -2.3568501472473145 1.5377531051635742
H -2.264723062515259 -3.9371118545532227 3.7164793014526367
H 1.9307295083999634 -4.327128887176514 3.01092791557312
H -0.2935410439968109 -6.118473052978516 3.707862377166748
H -1.3329999446868896 -0.029999999329447746 4.783999919891357
