N 1.3200000524520874 0.9520000219345093 1.4279999732971191
C -0.017999999225139618 0.42899999022483826 1.7339999675750732
C -0.10300000011920929 0.09399999678134918 3.2009999752044678
O 0.8859999775886536 -0.2540000081062317 3.7990000247955322
C -0.27399998903274536 -0.8309999704360962 0.9070000052452087
C -0.5785541534423828 -0.44468674063682556 -0.516592264175415
C 0.44796326756477356 -0.33041954040527344 -1.4352734088897705
C -1.885485291481018 -0.21110373735427856 -0.9039625525474548
C 0.17172950506210327 0.024099698290228844 -2.7410898208618164
C -2.1660566329956055 0.14770665764808655 -2.207594871520996
C -1.1369870901107788 0.263723760843277 -3.131970167160034
O -1.412238597869873 0.6118972897529602 -4.415587902069092
O -1.2790000438690186 0.18400000035762787 3.8420000076293945
H 1.9769999980926514 0.22499999403953552 1.6690000295639038
H 1.3650000095367432 1.062999963760376 0.4259999990463257
H -0.7670000195503235 1.1829999685287476 1.4889999628067017
H 0.6097911596298218 -1.4673305749893188 0.9303773045539856
H -1.1224267482757568 -1.374267339706421 1.325499415397644
H 1.4663649797439575 -0.5186281204223633 -1.131316900253296
H -2.6858444213867188 -0.30188146233558655 -0.18525536358356476
H 0.9736557006835938 0.11398652195930481 -3.458139181137085
H -3.1859219074249268 0.3355485498905182 -2.5091586112976074
H -1.5670933723449707 -0.20871324837207794 -4.9018940925598145
H -1.3329999446868896 -0.029999999329447746 4.783999919891357
