N 1.3200000524520874 0.9520000219345093 1.4279999732971191
C -0.017999999225139618 0.42899999022483826 1.7339999675750732
C -0.10300000011920929 0.09399999678134918 3.2009999752044678
O 0.8859999775886536 -0.2540000081062317 3.7990000247955322
C -0.273999959230423 -0.8309997916221619 0.9070000648498535
C -0.13781216740608215 -2.0459914207458496 1.7866899967193604
C -1.241660714149475 -2.540872812271118 2.4555552005767822
C 1.0901161432266235 -2.668416738510132 1.9188438653945923
C -1.1196430921554565 -3.6544244289398193 3.263181447982788
C 1.2178083658218384 -3.779679298400879 2.728605031967163
C 0.11100216954946518 -4.278306007385254 3.4018545150756836
O 0.2343628853559494 -5.3740668296813965 4.194794178009033
O -1.2790000438690186 0.18400000035762787 3.8420000076293945
H 1.9769999980926514 0.22499999403953552 1.6690000295639038
H 1.3650000095367432 1.062999963760376 0.4259999990463257
H -0.7670000195503235 1.1829999685287476 1.4889999628067017
H -1.279640793800354 -0.7943984866142273 0.4899909794330597
H 0.4527036249637604 -0.8868386149406433 0.09527790546417236
H -2.1998291015625 -2.0562031269073486 2.3461809158325195
H 1.950743317604065 -2.2810065746307373 1.3948311805725098
H -1.9816950559616089 -4.040243148803711 3.785996198654175
H 2.177690267562866 -4.262750625610352 2.836395025253296
H 0.06590481847524643 -6.14476203918457 3.636648416519165
H -1.3329999446868896 -0.029999999329447746 4.783999919891357
