N 1.3200000524520874 0.9520000219345093 1.4279999732971191
C -0.017999999225139618 0.42899999022483826 1.7339999675750732
C -0.10300000011920929 0.09399999678134918 3.2009999752044678
O 0.8859999775886536 -0.2540000081062317 3.7990000247955322
C -0.27399998903274536 -0.8309999704360962 0.9070000052452087
C -0.23759619891643524 -0.4862841069698334 -0.5587598085403442
C 0.955413818359375 -0.5526232719421387 -1.253811001777649
C -1.3990708589553833 -0.11006753891706467 -1.208470106124878
C 0.9918623566627502 -0.23665763437747955 -2.597679615020752
C -1.3666852712631226 0.2108156830072403 -2.551193952560425
C -0.169840469956398 0.14558011293411255 -3.2513515949249268
O -0.13766105473041534 0.45632925629615784 -4.573116302490234
O -1.2790000438690186 0.18400000035762787 3.8420000076293945
H 1.9769999980926514 0.22499999403953552 1.6690000295639038
H 1.3650000095367432 1.062999963760376 0.4259999990463257
H -0.7670000195503235 1.1829999685287476 1.4889999628067017
H 0.4937901794910431 -1.5720521211624146 1.1258373260498047
H -1.2535768747329712 -1.2390389442443848 1.1600661277770996
H 1.8592212200164795 -0.8518041968345642 -0.7453064322471619
H -2.329946279525757 -0.05988292396068573 -0.6641285419464111
H 1.9238133430480957 -0.2878342270851135 -3.140057325363159
H -2.2724339962005615 0.5099475979804993 -3.0576419830322266
H -0.30314624309539795 -0.3629748821258545 -5.058122634887695
H -1.3329999446868896 -0.029999999329447746 4.783999919891357
