N 1.3200000524520874 0.9520000219345093 1.4279999732971191
C -0.017999999225139618 0.42899999022483826 1.7339999675750732
C -0.10300000011920929 0.09399999678134918 3.2009999752044678
O 0.8859999775886536 -0.2540000081062317 3.7990000247955322
C -0.273999959230423 -0.8309998512268066 0.9070000648498535
C 0.9308643937110901 -1.7320685386657715 0.9775916934013367
C 1.0222859382629395 -2.6851696968078613 1.9745923280715942
C 1.9409165382385254 -1.608733892440796 0.040965352207422256
C 2.1260600090026855 -3.512380599975586 2.042050361633301
C 3.0484540462493896 -2.430884838104248 0.10692857205867767
C 3.142995595932007 -3.3884193897247314 1.1074799299240112
O 4.229600429534912 -4.20081090927124 1.1705085039138794
O -1.2790000438690186 0.18400000035762787 3.8420000076293945
H 1.9769999980926514 0.22499999403953552 1.6690000295639038
H 1.3650000095367432 1.062999963760376 0.4259999990463257
H -0.7670000195503235 1.1829999685287476 1.4889999628067017
H -1.1438143253326416 -1.354697585105896 1.301605463027954
H -0.45926433801651 -0.5527433753013611 -0.13144077360630035
H 0.229892760515213 -2.7826955318450928 2.700922727584839
H 1.8671479225158691 -0.8644750714302063 -0.7374897003173828
H 2.1975395679473877 -4.256114959716797 2.821200370788574
H 3.8399734497070312 -2.331211566925049 -0.6210221648216248
H 4.027783393859863 -4.98125696182251 0.6375464200973511
H -1.3329999446868896 -0.029999999329447746 4.783999919891357
