N 1.3200000524520874 0.9520000219345093 1.4279999732971191
C -0.017999999225139618 0.42899999022483826 1.7339999675750732
C -0.10300000011920929 0.09399999678134918 3.2009999752044678
O 0.8859999775886536 -0.2540000081062317 3.7990000247955322
C -0.273999959230423 -0.8309998512268066 0.9070000648498535
C -1.7033370733261108 -1.2698252201080322 1.0887514352798462
C -2.6847071647644043 -0.7933853268623352 0.239818274974823
C -2.030689001083374 -2.1537580490112305 2.100773811340332
C -3.9961392879486084 -1.1936384439468384 0.4044056236743927
C -3.341359853744507 -2.553534984588623 2.2717792987823486
C -4.328866004943848 -2.076111078262329 1.4210083484649658
O -5.617546558380127 -2.4723329544067383 1.5852457284927368
O -1.2790000438690186 0.18400000035762787 3.8420000076293945
H 1.9769999980926514 0.22499999403953552 1.6690000295639038
H 1.3650000095367432 1.062999963760376 0.4259999990463257
H -0.7670000195503235 1.1829999685287476 1.4889999628067017
H -0.08926525712013245 -0.6192077398300171 -0.14541001617908478
H 0.3951753079891205 -1.6259591579437256 1.2391945123672485
H -2.425321578979492 -0.10785914957523346 -0.5524739623069763
H -1.2626550197601318 -2.5254993438720703 2.7620511054992676
H -4.762449741363525 -0.8208297491073608 -0.2582457959651947
H -3.5982725620269775 -3.239509105682373 3.0653696060180664
H -5.737246513366699 -3.2672622203826904 1.0489299297332764
H -1.3329999446868896 -0.029999999329447746 4.783999919891357
