N 1.3200000524520874 0.9520000219345093 1.4279999732971191
C -0.017999999225139618 0.42899999022483826 1.7339999675750732
C -0.10300000011920929 0.09399999678134918 3.2009999752044678
O 0.8859999775886536 -0.2540000081062317 3.7990000247955322
C -0.27399998903274536 -0.8309999704360962 0.9070000052452087
C -0.5543959140777588 -0.4460938572883606 -0.5219267010688782
C 0.4862527549266815 -0.344249427318573 -1.4260550737380981
C -1.8533565998077393 -0.20136918127536774 -0.9287394285202026
C 0.23217973113059998 0.008949692361056805 -2.736720085144043
C -2.111757516860962 0.15616828203201294 -2.237295389175415
C -1.0684586763381958 0.25972142815589905 -3.147085428237915
O -1.32192862033844 0.6066322922706604 -4.435522079467773
O -1.2790000438690186 0.18400000035762787 3.8420000076293945
H 1.9769999980926514 0.22499999403953552 1.6690000295639038
H 1.3650000095367432 1.062999963760376 0.4259999990463257
H -0.7670000195503235 1.1829999685287476 1.4889999628067017
H 0.6033033132553101 -1.4755550622940063 0.9449162483215332
H -1.1334556341171265 -1.3649969100952148 1.3147892951965332
H 1.4983547925949097 -0.5411333441734314 -1.1069309711456299
H -2.6647844314575195 -0.2824537456035614 -0.2213742434978485
H 1.0451421737670898 0.08913356810808182 -3.4424026012420654
H -3.1253604888916016 0.3527064621448517 -2.554047107696533
H -1.477536678314209 -0.21393369138240814 -4.9216628074646
H -1.3329999446868896 -0.029999999329447746 4.783999919891357
