N 1.3200000524520874 0.9520000219345093 1.4279999732971191
C -0.017999999225139618 0.42899999022483826 1.7339999675750732
C -0.10300000011920929 0.09399999678134918 3.2009999752044678
O 0.8859999775886536 -0.2540000081062317 3.7990000247955322
C -0.27399998903274536 -0.8309999704360962 0.9070000052452087
C 0.8770745992660522 -1.054297924041748 -0.03839479014277458
C 1.9595746994018555 -1.8159610033035278 0.36014363169670105
C 0.8462926149368286 -0.5022217035293579 -1.3060500621795654
C 3.0165960788726807 -2.0219621658325195 -0.5043880939483643
C 1.9028453826904297 -0.7020423412322998 -2.1724741458892822
C 2.9913721084594727 -1.4660155773162842 -1.7745193243026733
O 4.028952121734619 -1.6672109365463257 -2.6275205612182617
O -1.2790000438690186 0.18400000035762787 3.8420000076293945
H 1.9769999980926514 0.22499999403953552 1.6690000295639038
H 1.3650000095367432 1.062999963760376 0.4259999990463257
H -0.7670000195503235 1.1829999685287476 1.4889999628067017
H -0.3710523247718811 -1.688759207725525 1.571364164352417
H -1.1952823400497437 -0.7096710801124573 0.33548712730407715
H 1.9783045053482056 -2.2500436305999756 1.3481595516204834
H -0.00047685817116871476 0.09142754971981049 -1.6157552003860474
H 3.862175941467285 -2.6162045001983643 -0.19262591004371643
H 1.8816713094711304 -0.26653653383255005 -3.1605207920074463
H 3.828752040863037 -2.468780755996704 -3.1287999153137207
H -1.3329999446868896 -0.029999999329447746 4.783999919891357
