N 1.3200000524520874 0.9520000219345093 1.4279999732971191
C -0.017999999225139618 0.42899999022483826 1.7339999675750732
C -0.10300000011920929 0.09399999678134918 3.2009999752044678
O 0.8859999775886536 -0.2540000081062317 3.7990000247955322
C -0.27399998903274536 -0.8309999704360962 0.9070000052452087
C -0.4328557848930359 -0.45677003264427185 -0.5432837009429932
C 0.673434853553772 -0.41829782724380493 -1.371179223060608
C -1.6862624883651733 -0.15841004252433777 -1.0459154844284058
C 0.5308385491371155 -0.07503678649663925 -2.7012107372283936
C -1.8331146240234375 0.1894201785326004 -2.3742117881774902
C -0.723697304725647 0.22938324511051178 -3.2075846195220947
O -0.8675817251205444 0.5666977167129517 -4.515322685241699
O -1.2790000438690186 0.18400000035762787 3.8420000076293945
H 1.9769999980926514 0.22499999403953552 1.6690000295639038
H 1.3650000095367432 1.062999963760376 0.4259999990463257
H -0.7670000195503235 1.1829999685287476 1.4889999628067017
H 0.5666196942329407 -1.515053391456604 1.0164505243301392
H -1.1848870515823364 -1.3176313638687134 1.258544683456421
H 1.6495933532714844 -0.6569297909736633 -0.9773222208023071
H -2.549124002456665 -0.19004029035568237 -0.39797645807266235
H 1.3950656652450562 -0.044350236654281616 -3.347349166870117
H -2.8109545707702637 0.4278154671192169 -2.7658066749572754
H -1.0269795656204224 -0.2535319924354553 -5.000802993774414
H -1.3329999446868896 -0.029999999329447746 4.783999919891357
