N 1.3200000524520874 0.9520000219345093 1.4279999732971191
C -0.017999999225139618 0.42899999022483826 1.7339999675750732
C -0.10300000011920929 0.09399999678134918 3.2009999752044678
O 0.8859999775886536 -0.2540000081062317 3.7990000247955322
C -0.27399998903274536 -0.8309999108314514 0.9070000648498535
C 1.005391240119934 -1.2629467248916626 0.23977738618850708
C 1.8580302000045776 -2.1394314765930176 0.88441002368927
C 1.3220257759094238 -0.7869385480880737 -1.0195257663726807
C 3.0319859981536865 -2.536810874938965 0.2752608060836792
C 2.4968209266662598 -1.1782523393630981 -1.630797028541565
C 3.3550751209259033 -2.0578718185424805 -0.9853647351264954
O 4.508504867553711 -2.447192430496216 -1.5876038074493408
O -1.2790000438690186 0.18400000035762787 3.8420000076293945
H 1.9769999980926514 0.22499999403953552 1.6690000295639038
H 1.3650000095367432 1.062999963760376 0.4259999990463257
H -0.7670000195503235 1.1829999685287476 1.4889999628067017
H -0.6316403150558472 -1.627366542816162 1.5584932565689087
H -1.0270615816116333 -0.6197913885116577 0.1464751809835434
H 1.605607509613037 -2.51347279548645 1.864884376525879
H 0.6543205976486206 -0.10332846641540527 -1.5217231512069702
H 3.6980228424072266 -3.2207260131835938 0.7792249917984009
H 2.7470927238464355 -0.8024743795394897 -2.611870527267456
H 4.304321765899658 -3.2422561645507812 -2.097562789916992
H -1.3329999446868896 -0.029999999329447746 4.783999919891357
