N 1.3200000524520874 0.9520000219345093 1.4279999732971191
C -0.017999999225139618 0.42899999022483826 1.7339999675750732
C -0.10300000011920929 0.09399999678134918 3.2009999752044678
O 0.8859999775886536 -0.2540000081062317 3.7990000247955322
C -0.273999959230423 -0.8309999108314514 0.9070000648498535
C -1.7409402132034302 -0.9278903007507324 0.5794265270233154
C -2.2293577194213867 -0.34963589906692505 -0.5772238373756409
C -2.595921039581299 -1.6007599830627441 1.43320631980896
C -3.573979616165161 -0.4364756643772125 -0.8798725008964539
C -3.9419171810150146 -1.686579704284668 1.1368082761764526
C -4.435050010681152 -1.1062541007995605 -0.02377607300877571
O -5.757899284362793 -1.194130778312683 -0.3187502324581146
O -1.2790000438690186 0.18400000035762787 3.8420000076293945
H 1.9769999980926514 0.22499999403953552 1.6690000295639038
H 1.3650000095367432 1.062999963760376 0.4259999990463257
H -0.7670000195503235 1.1829999685287476 1.4889999628067017
H 0.3027184307575226 -0.7838601469993591 -0.015888646245002747
H 0.0293198823928833 -1.7090221643447876 1.4789990186691284
H -1.5587519407272339 0.17017756402492523 -1.2443338632583618
H -2.2123496532440186 -2.0525665283203125 2.3354806900024414
H -3.9552597999572754 0.015839776024222374 -1.7828459739685059
H -4.6108245849609375 -2.2072150707244873 1.806025743484497
H -5.876457214355469 -1.9997169971466064 -0.8391828536987305
H -1.3329999446868896 -0.029999999329447746 4.783999919891357
