N 1.3200000524520874 0.9520000219345093 1.4279999732971191
C -0.017999999225139618 0.42899999022483826 1.7339999675750732
C -0.10300000011920929 0.09399999678134918 3.2009999752044678
O 0.8859999775886536 -0.2540000081062317 3.7990000247955322
C -0.27399998903274536 -0.8309999704360962 0.9070000052452087
C -0.26195308566093445 -0.4817723035812378 -0.5580942034721375
C 0.9214978218078613 -0.5348356366157532 -1.2704131603240967
C -1.4361544847488403 -0.11470949649810791 -1.1899183988571167
C 0.9356152415275574 -0.21470427513122559 -2.613715887069702
C -1.4261291027069092 0.21029748022556305 -2.532003402709961
C -0.23892799019813538 0.15838854014873505 -3.2494800090789795
O -0.22871161997318268 0.47320014238357544 -4.570635795593262
O -1.2790000438690186 0.18400000035762787 3.8420000076293945
H 1.9769999980926514 0.22499999403953552 1.6690000295639038
H 1.3650000095367432 1.062999963760376 0.4259999990463257
H -0.7670000195503235 1.1829999685287476 1.4889999628067017
H 0.5038082003593445 -1.5653756856918335 1.1125640869140625
H -1.2459443807601929 -1.2490103244781494 1.1728956699371338
H 1.8353112936019897 -0.8269015550613403 -0.7758461833000183
H -2.359527349472046 -0.07488933950662613 -0.6321081519126892
H 1.8601011037826538 -0.2555117905139923 -3.1695806980133057
H -2.341853618621826 0.5022901296615601 -3.0244863033294678
H -0.39343756437301636 -0.34624534845352173 -5.055661678314209
H -1.3329999446868896 -0.029999999329447746 4.783999919891357
