N 1.3200000524520874 0.9520000219345093 1.4279999732971191
C -0.017999999225139618 0.42899999022483826 1.7339999675750732
C -0.10300000011920929 0.09399999678134918 3.2009999752044678
O 0.8859999775886536 -0.2540000081062317 3.7990000247955322
C -0.273999959230423 -0.8309998512268066 0.9070000648498535
C 0.8423824906349182 -1.8163982629776 1.1334645748138428
C 0.7464179396629333 -2.745723247528076 2.1522459983825684
C 1.9589438438415527 -1.7940293550491333 0.31769734621047974
C 1.768682837486267 -3.6501059532165527 2.3625128269195557
C 2.985494375228882 -2.6936874389648438 0.5268186330795288
C 2.891876459121704 -3.6275646686553955 1.5495712757110596
O 3.8987746238708496 -4.516026973724365 1.7531734704971313
O -1.2790000438690186 0.18400000035762787 3.8420000076293945
H 1.9769999980926514 0.22499999403953552 1.6690000295639038
H 1.3650000095367432 1.062999963760376 0.4259999990463257
H -0.7670000195503235 1.1829999685287476 1.4889999628067017
H -1.2206344604492188 -1.2778362035751343 1.2082809209823608
H -0.31798774003982544 -0.5686198472976685 -0.15098421275615692
H -0.1286284327507019 -2.7642722129821777 2.783834457397461
H 2.0315144062042236 -1.068158745765686 -0.4780416488647461
H 1.6938059329986572 -4.375265121459961 3.15866756439209
H 3.8600242137908936 -2.672977924346924 -0.1065206304192543
H 3.6997246742248535 -5.293848037719727 1.2153546810150146
H -1.3329999446868896 -0.029999999329447746 4.783999919891357
