N 1.3200000524520874 0.9520000219345093 1.4279999732971191
C -0.017999999225139618 0.42899999022483826 1.7339999675750732
C -0.10300000011920929 0.09399999678134918 3.2009999752044678
O 0.8859999775886536 -0.2540000081062317 3.7990000247955322
C -0.273999959230423 -0.8309998512268066 0.9070000648498535
C -1.636359691619873 -1.381434679031372 1.238064169883728
C -2.741804361343384 -0.965583860874176 0.51985102891922
C -1.7782745361328125 -2.3068885803222656 2.2559447288513184
C -3.992210626602173 -1.4682059288024902 0.8215149641036987
C -3.0272200107574463 -2.8090994358062744 2.5639092922210693
C -4.139028072357178 -2.392703056335449 1.8445965051651
O -5.367236137390137 -2.889556407928467 2.143434762954712
O -1.2790000438690186 0.18400000035762787 3.8420000076293945
H 1.9769999980926514 0.22499999403953552 1.6690000295639038
H 1.3650000095367432 1.062999963760376 0.4259999990463257
H -0.7670000195503235 1.1829999685287476 1.4889999628067017
H -0.22832034528255463 -0.5857517719268799 -0.15333788096904755
H 0.4860265552997589 -1.5784989595413208 1.13876211643219
H -2.627143383026123 -0.24729318916797638 -0.27756062150001526
H -0.9135809540748596 -2.6311564445495605 2.8149712085723877
H -4.855434894561768 -1.1427159309387207 0.26095709204673767
H -3.1392481327056885 -3.5276718139648438 3.362316131591797
H -5.489015102386475 -3.6810054779052734 1.6024600267410278
H -1.3329999446868896 -0.029999999329447746 4.783999919891357
