N 1.3200000524520874 0.9520000219345093 1.4279999732971191
C -0.017999999225139618 0.42899999022483826 1.7339999675750732
C -0.10300000011920929 0.09399999678134918 3.2009999752044678
O 0.8859999775886536 -0.2540000081062317 3.7990000247955322
C -0.273999959230423 -0.8309997916221619 0.9070000648498535
C -0.018174147233366966 -2.0493626594543457 1.7547919750213623
C -1.0465891361236572 -2.604891538619995 2.492708206176758
C 1.2437705993652344 -2.6141934394836426 1.788666009902954
C -0.8148119449615479 -3.721684217453003 3.2712960243225098
C 1.4812488555908203 -3.728456497192383 2.569014549255371
C 0.4503781795501709 -4.287924289703369 3.3114535808563232
O 0.6816039085388184 -5.386694431304932 4.075588226318359
O -1.2790000438690186 0.18400000035762787 3.8420000076293945
H 1.9769999980926514 0.22499999403953552 1.6690000295639038
H 1.3650000095367432 1.062999963760376 0.4259999990463257
H -0.7670000195503235 1.1829999685287476 1.4889999628067017
H -1.3077270984649658 -0.8370069265365601 0.5636024475097656
H 0.39403000473976135 -0.8416561484336853 0.04460147023200989
H -2.031704902648926 -2.1650819778442383 2.4600229263305664
H 2.0453298091888428 -2.1794679164886475 1.2108495235443115
H -1.6179513931274414 -4.154872894287109 3.8480453491210938
H 2.4678831100463867 -4.166567802429199 2.6000232696533203
H 0.5094147324562073 -6.157280445098877 3.5184319019317627
H -1.3329999446868896 -0.029999999329447746 4.783999919891357
