N 1.3200000524520874 0.9520000219345093 1.4279999732971191
C -0.017999999225139618 0.42899999022483826 1.7339999675750732
C -0.10300000011920929 0.09399999678134918 3.2009999752044678
O 0.8859999775886536 -0.2540000081062317 3.7990000247955322
C -0.273999959230423 -0.8309998512268066 0.9070000648498535
C 0.6665089726448059 -1.9215975999832153 1.3481863737106323
C 0.2926921248435974 -2.7885096073150635 2.357886552810669
C 1.900114893913269 -2.0579514503479004 0.7380142211914062
C 1.1531826257705688 -3.789079427719116 2.764779567718506
C 2.7655396461486816 -3.054349899291992 1.1444039344787598
C 2.3928213119506836 -3.9258618354797363 2.1585347652435303
O 3.241238832473755 -4.909237861633301 2.5558035373687744
O -1.2790000438690186 0.18400000035762787 3.8420000076293945
H 1.9769999980926514 0.22499999403953552 1.6690000295639038
H 1.3650000095367432 1.062999963760376 0.4259999990463257
H -0.7670000195503235 1.1829999685287476 1.4889999628067017
H -1.3031647205352783 -1.1576639413833618 1.0507365465164185
H -0.10754762589931488 -0.612787127494812 -0.14883409440517426
H -0.6728906035423279 -2.6830050945281982 2.828495502471924
H 2.18975830078125 -1.3805686235427856 -0.05104505643248558
H 0.8612934947013855 -4.465484619140625 3.553830623626709
H 3.7311630249023438 -3.1577303409576416 0.6719274520874023
H 3.0476834774017334 -5.683785438537598 2.0112967491149902
H -1.3329999446868896 -0.029999999329447746 4.783999919891357
