N 1.3200000524520874 0.9520000219345093 1.4279999732971191
C -0.017999999225139618 0.42899999022483826 1.7339999675750732
C -0.10300000011920929 0.09399999678134918 3.2009999752044678
O 0.8859999775886536 -0.2540000081062317 3.7990000247955322
C -0.273999959230423 -0.8309997916221619 0.9070000648498535
C 0.09887620061635971 -2.0466148853302 1.714372158050537
C -0.8465726375579834 -2.6600117683410645 2.514772415161133
C 1.3849327564239502 -2.5510318279266357 1.6487373113632202
C -0.5073868036270142 -3.7744343280792236 3.256500720977783
C 1.7298076152801514 -3.6626789569854736 2.391855239868164
C 0.7824223041534424 -4.280185222625732 3.1968774795532227
O 1.1191753149032593 -5.3764472007751465 3.9245243072509766
O -1.2790000438690186 0.18400000035762787 3.8420000076293945
H 1.9769999980926514 0.22499999403953552 1.6690000295639038
H 1.3650000095367432 1.062999963760376 0.4259999990463257
H -0.7670000195503235 1.1829999685287476 1.4889999628067017
H -1.3284097909927368 -0.8818517327308655 0.6383295059204102
H 0.3298090994358063 -0.7986724376678467 -0.0010079251369461417
H -1.8509093523025513 -2.2672810554504395 2.5597658157348633
H 2.1215529441833496 -2.0711708068847656 1.0222554206848145
H -1.245729923248291 -4.252821922302246 3.882056474685669
H 2.735456943511963 -4.053619384765625 2.3451087474823
H 0.9433351755142212 -6.147115707397461 3.3686234951019287
H -1.3329999446868896 -0.029999999329447746 4.783999919891357
