N 1.3200000524520874 0.9520000219345093 1.4279999732971191
C -0.017999999225139618 0.42899999022483826 1.7339999675750732
C -0.10300000011920929 0.09399999678134918 3.2009999752044678
O 0.8859999775886536 -0.2540000081062317 3.7990000247955322
C -0.273999959230423 -0.8309998512268066 0.9070000648498535
C 0.38478249311447144 -2.0111160278320312 1.5717839002609253
C -0.3143818974494934 -2.7588725090026855 2.5006537437438965
C 1.6860789060592651 -2.348613977432251 1.2471171617507935
C 0.2872701585292816 -3.8411245346069336 3.1121201515197754
C 2.2932112216949463 -3.4274373054504395 1.859042763710022
C 1.5935118198394775 -4.179633140563965 2.7926037311553955
O 2.188002347946167 -5.243808746337891 3.3915810585021973
O -1.2790000438690186 0.18400000035762787 3.8420000076293945
H 1.9769999980926514 0.22499999403953552 1.6690000295639038
H 1.3650000095367432 1.062999963760376 0.4259999990463257
H -0.7670000195503235 1.1829999685287476 1.4889999628067017
H -1.346571683883667 -1.0064252614974976 0.8337491750717163
H 0.14048977196216583 -0.6994960308074951 -0.09350677579641342
H -1.3316553831100464 -2.4963219165802 2.7479913234710693
H 2.230043888092041 -1.764011263847351 0.5206896066665649
H -0.25872284173965454 -4.424457550048828 3.8380260467529297
H 3.3112239837646484 -3.688001871109009 1.6098315715789795
H 2.003242015838623 -6.015574932098389 2.840114116668701
H -1.3329999446868896 -0.029999999329447746 4.783999919891357
