N 1.3200000524520874 0.9520000219345093 1.4279999732971191
C -0.017999999225139618 0.42899999022483826 1.7339999675750732
C -0.10300000011920929 0.09399999678134918 3.2009999752044678
O 0.8859999775886536 -0.2540000081062317 3.7990000247955322
C -0.27399998903274536 -0.8309999704360962 0.9070000052452087
C 0.8883771300315857 -1.0679575204849243 -0.021082153543829918
C 1.9577827453613281 -1.838588833808899 0.3951736092567444
C 0.8810405135154724 -0.5194090604782104 -1.2906200885772705
C 3.0251221656799316 -2.0571224689483643 -0.453457772731781
C 1.9479970932006836 -0.7317637801170349 -2.1411678791046143
C 3.0234150886535645 -1.5047638416290283 -1.7254023551940918
O 4.071195602416992 -1.7182743549346924 -2.562798023223877
O -1.2790000438690186 0.18400000035762787 3.8420000076293945
H 1.9769999980926514 0.22499999403953552 1.6690000295639038
H 1.3650000095367432 1.062999963760376 0.4259999990463257
H -0.7670000195503235 1.1829999685287476 1.4889999628067017
H -0.38870152831077576 -1.6858162879943848 1.5723438262939453
H -1.1857850551605225 -0.7027074694633484 0.32193756103515625
H 1.9582041501998901 -2.269871950149536 1.3845919370651245
H 0.04446423426270485 0.08126170933246613 -1.6141784191131592
H 3.860474109649658 -2.6583688259124756 -0.12785804271697998
H 1.945145845413208 -0.2990345358848572 -3.1306562423706055
H 3.8706445693969727 -2.519418239593506 -3.064617872238159
H -1.3329999446868896 -0.029999999329447746 4.783999919891357
