N 1.3200000524520874 0.9520000219345093 1.4279999732971191
C -0.017999999225139618 0.42899999022483826 1.7339999675750732
C -0.10300000011920929 0.09399999678134918 3.2009999752044678
O 0.8859999775886536 -0.2540000081062317 3.7990000247955322
C -0.27399998903274536 -0.831000030040741 0.9070000052452087
C -0.1647755205631256 -0.5012010335922241 -0.5585745573043823
C 1.054649829864502 -0.6075780391693115 -1.2008018493652344
C -1.2860355377197266 -0.09857693314552307 -1.2609672546386719
C 1.157856822013855 -0.3053751587867737 -2.5443670749664307
C -1.1867951154708862 0.2086663395166397 -2.603604793548584
C 0.0367109440267086 0.10323671996593475 -3.250776767730713
O 0.1345551460981369 0.4005526602268219 -4.572401523590088
O -1.2790000438690186 0.18400000035762787 3.8420000076293945
H 1.9769999980926514 0.22499999403953552 1.6690000295639038
H 1.3650000095367432 1.062999963760376 0.4259999990463257
H -0.7670000195503235 1.1829999685287476 1.4889999628067017
H 0.46223413944244385 -1.5912673473358154 1.1648813486099243
H -1.274786353111267 -1.2089385986328125 1.1207712888717651
H 1.9268548488616943 -0.9272778034210205 -0.6512525081634521
H -2.2376534938812256 -0.017132265493273735 -0.7578319907188416
H 2.110436201095581 -0.3878231942653656 -3.045485734939575
H -2.0610287189483643 0.5283910036087036 -3.1511831283569336
H -0.03319992870092392 -0.41828447580337524 -5.0574164390563965
H -1.3329999446868896 -0.029999999329447746 4.783999919891357
