N 1.3200000524520874 0.9520000219345093 1.4279999732971191
C -0.017999999225139618 0.42899999022483826 1.7339999675750732
C -0.10300000011920929 0.09399999678134918 3.2009999752044678
O 0.8859999775886536 -0.2540000081062317 3.7990000247955322
C -0.273999959230423 -0.8309997916221619 0.9070000648498535
C -1.237985610961914 -1.7263566255569458 1.640262484550476
C -2.5980305671691895 -1.5934616327285767 1.43196702003479
C -0.7605808973312378 -2.6843695640563965 2.5160374641418457
C -3.4842371940612793 -2.412691354751587 2.10326886177063
C -1.64315664768219 -3.5029945373535156 3.1926729679107666
C -3.0094387531280518 -3.371201276779175 2.9857490062713623
O -3.878214120864868 -4.1790008544921875 3.6470749378204346
O -1.2790000438690186 0.18400000035762787 3.8420000076293945
H 1.9769999980926514 0.22499999403953552 1.6690000295639038
H 1.3650000095367432 1.062999963760376 0.4259999990463257
H -0.7670000195503235 1.1829999685287476 1.4889999628067017
H -0.6969293355941772 -0.5533356070518494 -0.05766729637980461
H 0.6668570637702942 -1.3606376647949219 0.7508566379547119
H -2.9673681259155273 -0.8485212922096252 0.7437755465507507
H 0.30196642875671387 -2.7872653007507324 2.676539659500122
H -4.546340465545654 -2.3081912994384766 1.9409703016281128
H -1.2710179090499878 -4.247547626495361 3.880788803100586
H -4.012387275695801 -4.959689140319824 3.0935420989990234
H -1.3329999446868896 -0.029999999329447746 4.783999919891357
