N 1.3200000524520874 0.9520000219345093 1.4279999732971191
C -0.017999999225139618 0.42899999022483826 1.7339999675750732
C -0.10300000011920929 0.09399999678134918 3.2009999752044678
O 0.8859999775886536 -0.2540000081062317 3.7990000247955322
C -0.273999959230423 -0.8309997916221619 0.9070000648498535
C -0.8356014490127563 -1.909905195236206 1.7953542470932007
C -2.2029542922973633 -2.0227956771850586 1.963794469833374
C 0.017368970438838005 -2.7899816036224365 2.436129331588745
C -2.7206625938415527 -3.0107474327087402 2.778088331222534
C -0.49554502964019775 -3.7768337726593018 3.2546427249908447
C -1.8682442903518677 -3.891993761062622 3.4259579181671143
O -2.3740975856781006 -4.865212440490723 4.2269697189331055
O -1.2790000438690186 0.18400000035762787 3.8420000076293945
H 1.9769999980926514 0.22499999403953552 1.6690000295639038
H 1.3650000095367432 1.062999963760376 0.4259999990463257
H -0.7670000195503235 1.1829999685287476 1.4889999628067017
H -0.9849632978439331 -0.6066945195198059 0.11279096454381943
H 0.6636638045310974 -1.1738845109939575 0.46731191873550415
H -2.8663947582244873 -1.3378937244415283 1.4581166505813599
H 1.0848593711853027 -2.7008039951324463 2.302462577819824
H -3.788494110107422 -3.098212957382202 2.9100377559661865
H 0.1704622060060501 -4.460838794708252 3.759540557861328
H -2.5208044052124023 -5.640169143676758 3.668583631515503
H -1.3329999446868896 -0.029999999329447746 4.783999919891357
