N 1.3200000524520874 0.9520000219345093 1.4279999732971191
C -0.017999999225139618 0.42899999022483826 1.7339999675750732
C -0.10300000011920929 0.09399999678134918 3.2009999752044678
O 0.8859999775886536 -0.2540000081062317 3.7990000247955322
C -0.273999959230423 -0.8309998512268066 0.9070000648498535
C -1.3295255899429321 -1.6683740615844727 1.5802578926086426
C -2.663313627243042 -1.4756251573562622 1.2726423740386963
C -0.9621670842170715 -2.6332082748413086 2.500490665435791
C -3.633289098739624 -2.24160099029541 1.8887383937835693
C -1.928877592086792 -3.3986623287200928 3.1221604347229004
C -3.2690303325653076 -3.2067008018493652 2.815476894378662
O -4.220381259918213 -3.962235689163208 3.422734498977661
O -1.2790000438690186 0.18400000035762787 3.8420000076293945
H 1.9769999980926514 0.22499999403953552 1.6690000295639038
H 1.3650000095367432 1.062999963760376 0.4259999990463257
H -0.7670000195503235 1.1829999685287476 1.4889999628067017
H -0.6131643056869507 -0.5496720671653748 -0.0891786515712738
H 0.6492900848388672 -1.4064009189605713 0.8260183334350586
H -2.94657301902771 -0.7255858778953552 0.5500365495681763
H 0.08007067441940308 -2.782902717590332 2.738581418991089
H -4.674880027770996 -2.0903539657592773 1.6488674879074097
H -1.6428037881851196 -4.148447036743164 3.8448879718780518
H -4.3517045974731445 -4.7447333335876465 2.8710765838623047
H -1.3329999446868896 -0.029999999329447746 4.783999919891357
