N 1.3200000524520874 0.9520000219345093 1.4279999732971191
C -0.017999999225139618 0.42899999022483826 1.7339999675750732
C -0.10300000011920929 0.09399999678134918 3.2009999752044678
O 0.8859999775886536 -0.2540000081062317 3.7990000247955322
C -0.273999959230423 -0.8309997916221619 0.9070000648498535
C -1.098746657371521 -1.801288366317749 1.7113252878189087
C -2.478625774383545 -1.7562155723571777 1.64297354221344
C -0.47406822443008423 -2.740008592605591 2.5121169090270996
C -3.237362861633301 -2.6442925930023193 2.379711389541626
C -1.2287006378173828 -3.6273303031921387 3.253812551498413
C -2.6145617961883545 -3.5837976932525635 3.1874213218688965
O -3.3577444553375244 -4.459134578704834 3.9127678871154785
O -1.2790000438690186 0.18400000035762787 3.8420000076293945
H 1.9769999980926514 0.22499999403953552 1.6690000295639038
H 1.3650000095367432 1.062999963760376 0.4259999990463257
H -0.7670000195503235 1.1829999685287476 1.4889999628067017
H -0.8094329237937927 -0.5658360719680786 -0.003796023316681385
H 0.6786240339279175 -1.293708086013794 0.6452414989471436
H -2.963223457336426 -1.026027798652649 1.0129379034042358
H 0.6036889553070068 -2.774256467819214 2.5633206367492676
H -4.31496524810791 -2.608383893966675 2.3267147541046143
H -0.7413550019264221 -4.356943130493164 3.883502721786499
H -3.496253728866577 -5.237483501434326 3.35701322555542
H -1.3329999446868896 -0.029999999329447746 4.783999919891357
