N 1.3200000524520874 0.9520000219345093 1.4279999732971191
C -0.017999999225139618 0.42899999022483826 1.7339999675750732
C -0.10300000011920929 0.09399999678134918 3.2009999752044678
O 0.8859999775886536 -0.2540000081062317 3.7990000247955322
C -0.27399998903274536 -0.8309999108314514 0.9070000648498535
C 1.0205661058425903 -1.5756317377090454 0.7114805579185486
C 1.4094868898391724 -2.535614252090454 1.62687349319458
C 1.8150537014007568 -1.3022445440292358 -0.38703420758247375
C 2.5961661338806152 -3.2195725440979004 1.4504114389419556
C 3.004523992538452 -1.9806740283966064 -0.5654045939445496
C 3.3976776599884033 -2.944755792617798 0.35268592834472656
O 4.565032958984375 -3.6160502433776855 0.1757456511259079
O -1.2790000438690186 0.18400000035762787 3.8420000076293945
H 1.9769999980926514 0.22499999403953552 1.6690000295639038
H 1.3650000095367432 1.062999963760376 0.4259999990463257
H -0.7670000195503235 1.1829999685287476 1.4889999628067017
H -0.9861912131309509 -1.469673991203308 1.4279884099960327
H -0.6824700832366943 -0.5509797930717468 -0.06503381580114365
H 0.7847084403038025 -2.75062894821167 2.4803221225738525
H 1.5090484619140625 -0.5529125332832336 -1.1013293266296387
H 2.900007963180542 -3.968689203262329 2.1658339500427246
H 3.6278927326202393 -1.7635962963104248 -1.420178771018982
H 4.3604044914245605 -4.401369094848633 -0.3489224314689636
H -1.3329999446868896 -0.029999999329447746 4.783999919891357
