N 1.3200000524520874 0.9520000219345093 1.4279999732971191
C -0.017999999225139618 0.42899999022483826 1.7339999675750732
C -0.10300000011920929 0.09399999678134918 3.2009999752044678
O 0.8859999775886536 -0.2540000081062317 3.7990000247955322
C -0.273999959230423 -0.8309997916221619 0.9070000648498535
C 0.0524241141974926 -2.048447847366333 1.7315444946289062
C -0.9270759224891663 -2.6390600204467773 2.5077707767486572
C 1.3300379514694214 -2.5773396492004395 1.7058123350143433
C -0.6305186152458191 -3.755103826522827 3.265164613723755
C 1.632293701171875 -3.690706968307495 2.4647438526153564
C 0.6506476998329163 -4.285362720489502 3.2455573081970215
O 0.9455221891403198 -5.383289813995361 3.9887044429779053
O -1.2790000438690186 0.18400000035762787 3.8420000076293945
H 1.9769999980926514 0.22499999403953552 1.6690000295639038
H 1.3650000095367432 1.062999963760376 0.4259999990463257
H -0.7670000195503235 1.1829999685287476 1.4889999628067017
H -1.321036458015442 -0.8636669516563416 0.6083410978317261
H 0.35613274574279785 -0.8155807256698608 0.016604676842689514
H -1.9246621131896973 -2.2272539138793945 2.5216116905212402
H 2.0933077335357666 -2.1152491569519043 1.0981553792953491
H -1.3954557180404663 -4.215694427490234 3.871837854385376
H 2.6312758922576904 -4.1007585525512695 2.449178457260132
H 0.7711310386657715 -6.153902530670166 3.4322702884674072
H -1.3329999446868896 -0.029999999329447746 4.783999919891357
