N 1.3200000524520874 0.9520000219345093 1.4279999732971191
C -0.017999999225139618 0.42899999022483826 1.7339999675750732
C -0.10300000011920929 0.09399999678134918 3.2009999752044678
O 0.8859999775886536 -0.2540000081062317 3.7990000247955322
C -0.27399998903274536 -0.8309999704360962 0.9070000052452087
C -0.5301778316497803 -0.4477443993091583 -0.5269086956977844
C 0.5242732167243958 -0.3584117591381073 -1.416247010231018
C -1.820784568786621 -0.19201184809207916 -0.9530788660049438
C 0.2924148440361023 -0.006755956448614597 -2.7314372062683105
C -2.056959390640259 0.16402916610240936 -2.266234874725342
C -0.9997609257698059 0.25502854585647583 -3.161201000213623
O -1.2313952445983887 0.6004571914672852 -4.45413875579834
O -1.2790000438690186 0.18400000035762787 3.8420000076293945
H 1.9769999980926514 0.22499999403953552 1.6690000295639038
H 1.3650000095367432 1.062999963760376 0.4259999990463257
H -0.7670000195503235 1.1829999685287476 1.4889999628067017
H 0.5965296626091003 -1.4836745262145996 0.9593836665153503
H -1.1442413330078125 -1.3556551933288574 1.3038952350616455
H 1.5297765731811523 -0.5638658404350281 -1.082022786140442
H -2.6430246829986572 -0.26333335041999817 -0.25724145770072937
H 1.1161566972732544 0.06365548074245453 -3.425567388534546
H -3.0640008449554443 0.3691588044166565 -2.5981075763702393
H -1.3877586126327515 -0.22005663812160492 -4.940125465393066
H -1.3329999446868896 -0.029999999329447746 4.783999919891357
