N 1.3200000524520874 0.9520000219345093 1.4279999732971191
C -0.017999999225139618 0.42899999022483826 1.7339999675750732
C -0.10300000011920929 0.09399999678134918 3.2009999752044678
O 0.8859999775886536 -0.2540000081062317 3.7990000247955322
C -0.273999959230423 -0.8309997916221619 0.9070000648498535
C -1.1397498846054077 -1.780678391456604 1.6926168203353882
C -2.5159950256347656 -1.7100969552993774 1.5842759609222412
C -0.5562328696250916 -2.7260587215423584 2.5162975788116455
C -3.312274932861328 -2.5792341232299805 2.303778886795044
C -1.3485386371612549 -3.594487428665161 3.2408699989318848
C -2.7308475971221924 -3.5253217220306396 3.1343250274658203
O -3.5110137462615967 -4.382082939147949 3.8428187370300293
O -1.2790000438690186 0.18400000035762787 3.8420000076293945
H 1.9769999980926514 0.22499999403953552 1.6690000295639038
H 1.3650000095367432 1.062999963760376 0.4259999990463257
H -0.7670000195503235 1.1829999685287476 1.4889999628067017
H -0.7779393196105957 -0.561394453048706 -0.020312124863266945
H 0.6768003106117249 -1.3131234645843506 0.675386905670166
H -2.9683709144592285 -0.9747968912124634 0.9364768862724304
H 0.5187667012214661 -2.7802436351776123 2.5987303256988525
H -4.3870368003845215 -2.523402452468872 2.2195489406585693
H -0.8933954834938049 -4.329266548156738 3.888399839401245
H -3.6482460498809814 -5.161075592041016 3.287649154663086
H -1.3329999446868896 -0.029999999329447746 4.783999919891357
