N 1.3200000524520874 0.9520000219345093 1.4279999732971191
C -0.017999999225139618 0.42899999022483826 1.7339999675750732
C -0.10300000011920929 0.09399999678134918 3.2009999752044678
O 0.8859999775886536 -0.2540000081062317 3.7990000247955322
C -0.273999959230423 -0.8309999704360962 0.9070000052452087
C -1.2401870489120483 -0.5151349902153015 -0.20444855093955994
C -0.7658751010894775 -0.0870973989367485 -1.4302470684051514
C -2.6001312732696533 -0.6599624156951904 0.0011297512101009488
C -1.6494526863098145 0.2036975622177124 -2.450969696044922
C -3.4876363277435303 -0.36636653542518616 -1.0152651071548462
C -3.0139613151550293 0.06421990692615509 -2.246987819671631
O -3.8856678009033203 0.34869298338890076 -3.2489187717437744
O -1.2790000438690186 0.18400000035762787 3.8420000076293945
H 1.9769999980926514 0.22499999403953552 1.6690000295639038
H 1.3650000095367432 1.062999963760376 0.4259999990463257
H -0.7670000195503235 1.1829999685287476 1.4889999628067017
H 0.6649736762046814 -1.18515944480896 0.4833854138851166
H -0.6975037455558777 -1.606141209602356 1.5472418069839478
H 0.29628992080688477 0.019778873771429062 -1.5894228219985962
H -2.9684906005859375 -0.9953676462173462 0.9588196873664856
H -1.278802514076233 0.5386632680892944 -3.4079134464263916
H -4.549966812133789 -0.47407400608062744 -0.8533908724784851
H -4.019880294799805 -0.4697415828704834 -3.7449302673339844
H -1.3329999446868896 -0.029999999329447746 4.783999919891357
