N 1.3200000524520874 0.9520000219345093 1.4279999732971191
C -0.017999999225139618 0.42899999022483826 1.7339999675750732
C -0.10300000011920929 0.09399999678134918 3.2009999752044678
O 0.8859999775886536 -0.2540000081062317 3.7990000247955322
C -0.273999959230423 -0.8309997916221619 0.9070000648498535
C -1.2754453420639038 -1.7035787105560303 1.6171543598175049
C -2.6261847019195557 -1.5464210510253906 1.3690122365951538
C -0.8416333198547363 -2.6650216579437256 2.5116491317749023
C -3.5466747283935547 -2.344728708267212 2.019049882888794
C -1.7586361169815063 -3.4627599716186523 3.1671195030212402
C -3.1156694889068604 -3.3065783977508545 2.9201748371124268
O -4.018235206604004 -4.093846797943115 3.5606794357299805
O -1.2790000438690186 0.18400000035762787 3.8420000076293945
H 1.9769999980926514 0.22499999403953552 1.6690000295639038
H 1.3650000095367432 1.062999963760376 0.4259999990463257
H -0.7670000195503235 1.1829999685287476 1.4889999628067017
H -0.6637186408042908 -0.5513404607772827 -0.07098754495382309
H 0.6607388854026794 -1.379172921180725 0.7809903621673584
H -2.9614198207855225 -0.7988932728767395 0.6663219332695007
H 0.2137257307767868 -2.78688645362854 2.703277587890625
H -4.601508140563965 -2.2212789058685303 1.825629711151123
H -1.4205923080444336 -4.209953784942627 3.8698127269744873
H -4.151242256164551 -4.875246047973633 3.007868766784668
H -1.3329999446868896 -0.029999999329447746 4.783999919891357
