N 1.3200000524520874 0.9520000219345093 1.4279999732971191
C -0.017999999225139618 0.42899999022483826 1.7339999675750732
C -0.10300000011920929 0.09399999678134918 3.2009999752044678
O 0.8859999775886536 -0.2540000081062317 3.7990000247955322
C -0.273999959230423 -0.8309997916221619 0.9070000648498535
C -0.430027037858963 -2.0131850242614746 1.8271628618240356
C -1.680877685546875 -2.3539700508117676 2.3067548274993896
C 0.6775525808334351 -2.759765386581421 2.1857309341430664
C -1.8268523216247559 -3.437086343765259 3.150968074798584
C 0.5370347499847412 -3.841134548187256 3.0329723358154297
C -0.7178859114646912 -4.18511962890625 3.5164620876312256
O -0.8580037951469421 -5.251371383666992 4.346002101898193
O -1.2790000438690186 0.18400000035762787 3.8420000076293945
H 1.9769999980926514 0.22499999403953552 1.6690000295639038
H 1.3650000095367432 1.062999963760376 0.4259999990463257
H -0.7670000195503235 1.1829999685287476 1.4889999628067017
H -1.1834204196929932 -0.7031621932983398 0.3211999535560608
H 0.5683112740516663 -1.0021601915359497 0.2351929098367691
H -2.5441946983337402 -1.772692084312439 2.0208284854888916
H 1.6534005403518677 -2.492621660232544 1.8092869520187378
H -2.803708076477051 -3.702547311782837 3.5259456634521484
H 1.4024817943572998 -4.421083450317383 3.3175957202911377
H -1.0173509120941162 -6.023097038269043 3.786607027053833
H -1.3329999446868896 -0.029999999329447746 4.783999919891357
