N 1.3200000524520874 0.9520000219345093 1.4279999732971191
C -0.017999999225139618 0.42899999022483826 1.7339999675750732
C -0.10300000011920929 0.09399999678134918 3.2009999752044678
O 0.8859999775886536 -0.2540000081062317 3.7990000247955322
C -0.273999959230423 -0.8309999704360962 0.9070000052452087
C -1.546005129814148 -0.6644888520240784 0.1177707239985466
C -1.5039520263671875 -0.1197739914059639 -1.1519880294799805
C -2.7533388137817383 -1.0627412796020508 0.6622211337089539
C -2.6687026023864746 0.034533172845840454 -1.8777228593826294
C -3.921098470687866 -0.9065342545509338 -0.058097463101148605
C -3.881696939468384 -0.3592529296875 -1.3331835269927979
O -5.029004096984863 -0.20954521000385284 -2.044475793838501
O -1.2790000438690186 0.18400000035762787 3.8420000076293945
H 1.9769999980926514 0.22499999403953552 1.6690000295639038
H 1.3650000095367432 1.062999963760376 0.4259999990463257
H -0.7670000195503235 1.1829999685287476 1.4889999628067017
H 0.5592023134231567 -0.9937331080436707 0.22447402775287628
H -0.3694283962249756 -1.6897237300872803 1.57302987575531
H -0.5595499873161316 0.18510334193706512 -1.5763801336288452
H -2.7839338779449463 -1.4888807535171509 1.6535961627960205
H -2.63565993309021 0.4606389105319977 -2.8690185546875
H -4.864779472351074 -1.2123401165008545 0.36886733770370483
H -5.153665542602539 -1.0233343839645386 -2.5505216121673584
H -1.3329999446868896 -0.029999999329447746 4.783999919891357
