N 1.3200000524520874 0.9520000219345093 1.4279999732971191
C -0.017999999225139618 0.42899999022483826 1.7339999675750732
C -0.10300000011920929 0.09399999678134918 3.2009999752044678
O 0.8859999775886536 -0.2540000081062317 3.7990000247955322
C -0.273999959230423 -0.8309997916221619 0.9070000648498535
C -0.7893885970115662 -1.9252947568893433 1.804496169090271
C -2.1489555835723877 -2.0650315284729004 2.0114290714263916
C 0.09808500856161118 -2.7925946712493896 2.4151246547698975
C -2.6243207454681396 -3.067145824432373 2.834192991256714
C -0.3723878860473633 -3.79354190826416 3.2419755458831787
C -1.7371727228164673 -3.9356651306152344 3.4519214630126953
O -2.2013497352600098 -4.922750473022461 4.261158466339111
O -1.2790000438690186 0.18400000035762787 3.8420000076293945
H 1.9769999980926514 0.22499999403953552 1.6690000295639038
H 1.3650000095367432 1.062999963760376 0.4259999990463257
H -0.7670000195503235 1.1829999685287476 1.4889999628067017
H -1.0116469860076904 -0.6157949566841125 0.13491614162921906
H 0.6568816900253296 -1.1535860300064087 0.4384848475456238
H -2.839449644088745 -1.3900268077850342 1.5292046070098877
H 1.1594150066375732 -2.682446241378784 2.2514140605926514
H -3.6860735416412354 -3.175579309463501 2.9962069988250732
H 0.32063204050064087 -4.467597007751465 3.7233519554138184
H -2.349496603012085 -5.697226047515869 3.7024855613708496
H -1.3329999446868896 -0.029999999329447746 4.783999919891357
