N 1.3200000524520874 0.9520000219345093 1.4279999732971191
C -0.017999999225139618 0.42899999022483826 1.7339999675750732
C -0.10300000011920929 0.09399999678134918 3.2009999752044678
O 0.8859999775886536 -0.2540000081062317 3.7990000247955322
C -0.27399998903274536 -0.8309999704360962 0.9070000052452087
C -0.8152425289154053 -0.4440634250640869 -0.4442744553089142
C 0.05287519097328186 -0.21128056943416595 -1.4944905042648315
C -2.1803019046783447 -0.3284887373447418 -0.633855938911438
C -0.4405267834663391 0.14410968124866486 -2.7344090938568115
C -2.678056001663208 0.030706457793712616 -1.870845079421997
C -1.8084073066711426 0.2656027674674988 -2.9269931316375732
O -2.297050952911377 0.6142774224281311 -4.145318031311035
O -1.2790000438690186 0.18400000035762787 3.8420000076293945
H 1.9769999980926514 0.22499999403953552 1.6690000295639038
H 1.3650000095367432 1.062999963760376 0.4259999990463257
H -0.7670000195503235 1.1829999685287476 1.4889999628067017
H 0.6585600972175598 -1.3798773288726807 0.7820387482643127
H -0.999532163143158 -1.4624334573745728 1.4217852354049683
H 1.1174452304840088 -0.3075501024723053 -1.3449019193649292
H -2.856653928756714 -0.5117171406745911 0.18732042610645294
H 0.23769055306911469 0.3265649974346161 -3.554199457168579
H -3.7436883449554443 0.12641723453998566 -2.0178723335266113
H -2.444523811340332 -0.20635952055454254 -4.633869647979736
H -1.3329999446868896 -0.029999999329447746 4.783999919891357
