N 1.3200000524520874 0.9520000219345093 1.4279999732971191
C -0.017999999225139618 0.42899999022483826 1.7339999675750732
C -0.10300000011920929 0.09399999678134918 3.2009999752044678
O 0.8859999775886536 -0.2540000081062317 3.7990000247955322
C -0.27399998903274536 -0.8309999704360962 0.9070000052452087
C 0.27603670954704285 -0.6408808827400208 -0.4822157621383667
C 1.5805160999298096 -1.0016108751296997 -0.7632449269294739
C -0.5269004106521606 -0.11160045862197876 -1.4761171340942383
C 2.08764910697937 -0.8279755115509033 -2.035963535308838
C -0.022842738777399063 0.06772904843091965 -2.7491800785064697
C 1.2869776487350464 -0.2931477725505829 -3.033876895904541
O 1.7823553085327148 -0.12168072164058685 -4.286818504333496
O -1.2790000438690186 0.18400000035762787 3.8420000076293945
H 1.9769999980926514 0.22499999403953552 1.6690000295639038
H 1.3650000095367432 1.062999963760376 0.4259999990463257
H -0.7670000195503235 1.1829999685287476 1.4889999628067017
H 0.21570593118667603 -1.681791067123413 1.3791149854660034
H -1.3475031852722168 -1.0167536735534668 0.8504720330238342
H 2.203073740005493 -1.419470191001892 0.013137348927557468
H -1.5456957817077637 0.16851806640625 -1.2548823356628418
H 3.1066393852233887 -1.1090830564498901 -2.2549664974212646
H -0.6478361487388611 0.48611024022102356 -3.5242223739624023
H 1.6008641719818115 -0.936151921749115 -4.774233341217041
H -1.3329999446868896 -0.029999999329447746 4.783999919891357
