N 1.3200000524520874 0.9520000219345093 1.4279999732971191
C -0.017999999225139618 0.42899999022483826 1.7339999675750732
C -0.10300000011920929 0.09399999678134918 3.2009999752044678
O 0.8859999775886536 -0.2540000081062317 3.7990000247955322
C -0.27399998903274536 -0.8309999704360962 0.9070000052452087
C 0.6811001896858215 -0.871030330657959 -0.25695323944091797
C 1.9094427824020386 -1.4901986122131348 -0.12066280096769333
C 0.3250463306903839 -0.2938019037246704 -1.4622410535812378
C 2.787353515625 -1.527996301651001 -1.1860216856002808
C 1.201336145401001 -0.3254895508289337 -2.5290281772613525
C 2.435706377029419 -0.9461167454719543 -2.3946187496185303
O 3.2964580059051514 -0.9820928573608398 -3.4446067810058594
O -1.2790000438690186 0.18400000035762787 3.8420000076293945
H 1.9769999980926514 0.22499999403953552 1.6690000295639038
H 1.3650000095367432 1.062999963760376 0.4259999990463257
H -0.7670000195503235 1.1829999685287476 1.4889999628067017
H -0.12525321543216705 -1.7118033170700073 1.5303857326507568
H -1.2995585203170776 -0.8195898532867432 0.5352359414100647
H 2.182323455810547 -1.94455885887146 0.8195748329162598
H -0.6351202726364136 0.18834766745567322 -1.5669652223587036
H 3.7468559741973877 -2.0109498500823975 -1.079081654548645
H 0.925895094871521 0.1299513578414917 -3.468738555908203
H 3.102353811264038 -1.7893798351287842 -3.9390628337860107
H -1.3329999446868896 -0.029999999329447746 4.783999919891357
