N 1.3200000524520874 0.9520000219345093 1.4279999732971191
C -0.017999999225139618 0.42899999022483826 1.7339999675750732
C -0.10300000011920929 0.09399999678134918 3.2009999752044678
O 0.8859999775886536 -0.2540000081062317 3.7990000247955322
C -0.273999959230423 -0.8309998512268066 0.9070000648498535
C 0.5612168312072754 -1.9633527994155884 1.444397211074829
C 0.05322667211294174 -2.7877464294433594 2.4308509826660156
C 1.8327062129974365 -2.1804611682891846 0.9455339908599854
C 0.8169472813606262 -3.826449155807495 2.925798177719116
C 2.601616859436035 -3.215285301208496 1.4403445720672607
C 2.09407639503479 -4.044243812561035 2.4313764572143555
O 2.847598075866699 -5.065301418304443 2.915431499481201
O -1.2790000438690186 0.18400000035762787 3.8420000076293945
H 1.9769999980926514 0.22499999403953552 1.6690000295639038
H 1.3650000095367432 1.062999963760376 0.4259999990463257
H -0.7670000195503235 1.1829999685287476 1.4889999628067017
H -1.3287155628204346 -1.0968056917190552 0.9659234285354614
H -0.00549059733748436 -0.6435171365737915 -0.1336064338684082
H -0.9414799213409424 -2.6191701889038086 2.814380407333374
H 2.2272114753723145 -1.5361666679382324 0.17442719638347626
H 0.42026522755622864 -4.4696431159973145 3.6966874599456787
H 3.5966455936431885 -3.3817808628082275 1.0549263954162598
H 2.6573305130004883 -5.838551044464111 2.367929220199585
H -1.3329999446868896 -0.029999999329447746 4.783999919891357
