N 1.3200000524520874 0.9520000219345093 1.4279999732971191
C -0.017999999225139618 0.42899999022483826 1.7339999675750732
C -0.10300000011920929 0.09399999678134918 3.2009999752044678
O 0.8859999775886536 -0.2540000081062317 3.7990000247955322
C -0.273999959230423 -0.8309999704360962 0.9070000052452087
C -1.3315632343292236 -0.5472462773323059 -0.12723873555660248
C -0.967438817024231 -0.0813082680106163 -1.376672625541687
C -2.664886951446533 -0.7593818306922913 0.17264844477176666
C -1.9349807500839233 0.1801740974187851 -2.3267438411712646
C -3.636160135269165 -0.4953450560569763 -0.7727802395820618
C -3.273216485977173 -0.026815269142389297 -2.0280354022979736
O -4.227280139923096 0.22867648303508759 -2.9603171348571777
O -1.2790000438690186 0.18400000035762787 3.8420000076293945
H 1.9769999980926514 0.22499999403953552 1.6690000295639038
H 1.3650000095367432 1.062999963760376 0.4259999990463257
H -0.7670000195503235 1.1829999685287476 1.4889999628067017
H 0.647436797618866 -1.134499192237854 0.4116291403770447
H -0.6135859489440918 -1.6336432695388794 1.5631662607192993
H 0.07432564347982407 0.07812780886888504 -1.6096123456954956
H -2.9471211433410645 -1.1242913007736206 1.148630142211914
H -1.6503897905349731 0.544744074344635 -3.302152395248413
H -4.677855968475342 -0.6556540131568909 -0.5371509194374084
H -4.358640193939209 -0.5887600779533386 -3.4587321281433105
H -1.3329999446868896 -0.029999999329447746 4.783999919891357
