N 1.3200000524520874 0.9520000219345093 1.4279999732971191
C -0.017999999225139618 0.42899999022483826 1.7339999675750732
C -0.10300000011920929 0.09399999678134918 3.2009999752044678
O 0.8859999775886536 -0.2540000081062317 3.7990000247955322
C -0.27399998903274536 -0.8309999704360962 0.9070000052452087
C 0.3404747545719147 -0.6694570779800415 -0.4586246609687805
C 1.6450227499008179 -1.0693488121032715 -0.6800090074539185
C -0.4035586714744568 -0.12714628875255585 -1.4906126260757446
C 2.2111704349517822 -0.9219836592674255 -1.9309710264205933
C 0.15969492495059967 0.02599378488957882 -2.742098093032837
C 1.4697303771972656 -0.3742293417453766 -2.966914176940918
O 2.023226022720337 -0.22851552069187164 -4.198609352111816
O -1.2790000438690186 0.18400000035762787 3.8420000076293945
H 1.9769999980926514 0.22499999403953552 1.6690000295639038
H 1.3650000095367432 1.062999963760376 0.4259999990463257
H -0.7670000195503235 1.1829999685287476 1.4889999628067017
H 0.170498788356781 -1.690762996673584 1.406778335571289
H -1.3489360809326172 -0.9870120286941528 0.8056018352508545
H 2.2214484214782715 -1.4972540140151978 0.1259591281414032
H -1.422528862953186 0.1835746318101883 -1.3159488439559937
H 3.2302112579345703 -1.2336777448654175 -2.103388547897339
H -0.4192059636116028 0.45450159907341003 -3.546837091445923
H 1.8397276401519775 -1.042094349861145 -4.68676233291626
H -1.3329999446868896 -0.029999999329447746 4.783999919891357
