N 1.5850000381469727 0.4830000102519989 -0.08100000023841858
C 0.14100000262260437 0.44999998807907104 0.1860000044107437
C -0.0949999988079071 0.006000000052154064 1.6059999465942383
O 0.6850000023841858 -0.7419999837875366 2.1429998874664307
C -0.5329999327659607 -0.529999852180481 -0.7739999890327454
S -2.29480242729187 -0.12199485301971436 -0.9176521301269531
O -1.1740000247955322 0.4429999887943268 2.2750000953674316
H 1.9279999732971191 -0.45399999618530273 0.06300000101327896
H 1.6929999589920044 0.6819999814033508 -1.065000057220459
H -0.2770000100135803 1.4459999799728394 0.041999999433755875
H -0.06295394152402878 -0.45907673239707947 -1.7549891471862793
H -0.4248485565185547 -1.5445634126663208 -0.3916622996330261
H -2.6865274906158447 -1.0757272243499756 -1.7804827690124512
H -1.3259999752044678 0.15800000727176666 3.186000108718872
