N 1.5850000381469727 0.4830000102519989 -0.08100000023841858
C 0.14100000262260437 0.44999998807907104 0.1860000044107437
C -0.0949999988079071 0.006000000052154064 1.6059999465942383
O 0.6850000023841858 -0.7419999837875366 2.1429998874664307
C -0.5329999327659607 -0.529999852180481 -0.7739999294281006
S -2.323801279067993 -0.5268067121505737 -0.4840470850467682
O -1.1740000247955322 0.4429999887943268 2.2750000953674316
H 1.9279999732971191 -0.45399999618530273 0.06300000101327896
H 1.6929999589920044 0.6819999814033508 -1.065000057220459
H -0.2770000100135803 1.4459999799728394 0.041999999433755875
H -0.33131954073905945 -0.2284831553697586 -1.801971673965454
H -0.13923154771327972 -1.5318313837051392 -0.6051864624023438
H -2.711503028869629 -1.428317666053772 -1.4030115604400635
H -1.3259999752044678 0.15800000727176666 3.186000108718872
