N 1.5850000381469727 0.4830000102519989 -0.08100000023841858
C 0.14100000262260437 0.44999998807907104 0.1860000044107437
C -0.0949999988079071 0.006000000052154064 1.6059999465942383
O 0.6850000023841858 -0.7419999837875366 2.1429998874664307
C -0.5330000519752502 -0.529999852180481 -0.7739999294281006
S 0.6115906238555908 -1.8835113048553467 -1.1599677801132202
O -1.1740000247955322 0.4429999887943268 2.2750000953674316
H 1.9279999732971191 -0.45399999618530273 0.06300000101327896
H 1.6929999589920044 0.6819999814033508 -1.065000057220459
H -0.2770000100135803 1.4459999799728394 0.041999999433755875
H -1.4309027194976807 -0.935901939868927 -0.30781611800193787
H -0.8037024140357971 -0.00985213927924633 -1.6923595666885376
H -0.155348539352417 -2.6085386276245117 -1.9928364753723145
H -1.3259999752044678 0.15800000727176666 3.186000108718872
