N 1.5850000381469727 0.4830000102519989 -0.08100000023841858
C 0.14100000262260437 0.44999998807907104 0.1860000044107437
C -0.0949999988079071 0.006000000052154064 1.6059999465942383
O 0.6850000023841858 -0.7419999837875366 2.1429998874664307
C -0.5329999327659607 -0.529999852180481 -0.7739999890327454
S -2.328737497329712 -0.27492818236351013 -0.7377073764801025
O -1.1740000247955322 0.4429999887943268 2.2750000953674316
H 1.9279999732971191 -0.45399999618530273 0.06300000101327896
H 1.6929999589920044 0.6819999814033508 -1.065000057220459
H -0.2770000100135803 1.4459999799728394 0.041999999433755875
H -0.1628226339817047 -0.3607444167137146 -1.785253882408142
H -0.30465710163116455 -1.5509629249572754 -0.46951380372047424
H -2.7159667015075684 -1.2089430093765259 -1.6238226890563965
H -1.3259999752044678 0.15800000727176666 3.186000108718872
