N 1.5850000381469727 0.4830000102519989 -0.08100000023841858
C 0.14100000262260437 0.44999998807907104 0.1860000044107437
C -0.0949999988079071 0.006000000052154064 1.6059999465942383
O 0.6850000023841858 -0.7419999837875366 2.1429998874664307
C -0.5329999923706055 -0.5299999713897705 -0.7739999890327454
S -1.5413379669189453 0.3898000717163086 -1.9691044092178345
O -1.1740000247955322 0.4429999887943268 2.2750000953674316
H 1.9279999732971191 -0.45399999618530273 0.06300000101327896
H 1.6929999589920044 0.6819999814033508 -1.065000057220459
H -0.2770000100135803 1.4459999799728394 0.041999999433755875
H 0.22902120649814606 -1.1004914045333862 -1.305202841758728
H -1.1692646741867065 -1.2110004425048828 -0.2095324695110321
H -2.030975580215454 -0.6296080350875854 -2.69614839553833
H -1.3259999752044678 0.15800000727176666 3.186000108718872
