N 1.5850000381469727 0.4830000102519989 -0.08100000023841858
C 0.14100000262260437 0.44999998807907104 0.1860000044107437
C -0.0949999988079071 0.006000000052154064 1.6059999465942383
O 0.6850000023841858 -0.7419999837875366 2.1429998874664307
C -0.5329999327659607 -0.5299997925758362 -0.7739999294281006
S -1.2261192798614502 -1.9183192253112793 0.16579103469848633
O -1.1740000247955322 0.4429999887943268 2.2750000953674316
H 1.9279999732971191 -0.45399999618530273 0.06300000101327896
H 1.6929999589920044 0.6819999814033508 -1.065000057220459
H -0.2770000100135803 1.4459999799728394 0.041999999433755875
H -1.3328416347503662 -0.020281875506043434 -1.3113583326339722
H 0.20225580036640167 -0.9039857387542725 -1.4858646392822266
H -1.7550510168075562 -2.6397438049316406 -0.8378564119338989
H -1.3259999752044678 0.15800000727176666 3.186000108718872
