N -1.6610000133514404 0.6269999742507935 -0.4059999883174896
C -0.20499999821186066 0.4410000145435333 -0.46700000762939453
C 0.18000000715255737 -0.054999999701976776 -1.8359999656677246
O -0.5910000205039978 -0.7310000061988831 -2.4739999771118164
C 0.22099992632865906 -0.5829998254776001 0.5849998593330383
C -0.672029972076416 -1.821508526802063 0.4831627905368805
C -0.2455112487077713 -2.8466522693634033 1.535812497138977
C -2.1281027793884277 -1.4215706586837769 0.7204020619392395
O 1.3819999694824219 0.2540000081062317 -2.3480000495910645
H -2.0769999027252197 -0.2720000147819519 -0.5920000076293945
H -1.8839999437332153 0.8579999804496765 0.550000011920929
H 0.29100000858306885 1.3910000324249268 -0.2709999978542328
H 0.12247288972139359 -0.14556939899921417 1.5783240795135498
H 1.2595001459121704 -0.8685259819030762 0.4163762629032135
H -0.5717067122459412 -2.259477376937866 -0.5094661712646484
H -0.8814237117767334 -3.727928876876831 1.4634811878204346
H 0.7933682799339294 -3.1313037872314453 1.3668867349624634
H -0.3440381586551666 -2.409221887588501 2.5291366577148438
H -2.2266297340393066 -0.9841402173042297 1.7137261629104614
H -2.4317104816436768 -0.6916610598564148 -0.029844461008906364
H -2.764171838760376 -2.3041248321533203 0.6474853754043579
H 1.6299999952316284 -0.06400000303983688 -3.2260000705718994
