N -1.6610000133514404 0.6269999742507935 -0.4059999883174896
C -0.20499999821186066 0.4410000145435333 -0.46700000762939453
C 0.18000000715255737 -0.054999999701976776 -1.8359999656677246
O -0.5910000205039978 -0.7310000061988831 -2.4739999771118164
C 0.22099994122982025 -0.5829998254776001 0.5849998593330383
C 1.733002781867981 -0.4925743639469147 0.8028251528739929
C 2.1594550609588623 -1.517191767692566 1.8560141324996948
C 2.45617413520813 -0.7810871005058289 -0.5125319957733154
O 1.3819999694824219 0.2540000081062317 -2.3480000495910645
H -2.0769999027252197 -0.2720000147819519 -0.5920000076293945
H -1.8839999437332153 0.8579999804496765 0.550000011920929
H 0.29100000858306885 1.3910000324249268 -0.2709999978542328
H -0.03666851669549942 -1.5847972631454468 0.24184578657150269
H -0.29458460211753845 -0.3778027892112732 1.5233540534973145
H 1.9897993803024292 0.5085923075675964 1.1476649045944214
H 3.2356622219085693 -1.4529950618743896 2.0106804370880127
H 1.6429823637008667 -1.3116925954818726 2.7940220832824707
H 1.9017865657806396 -2.518989086151123 1.5128601789474487
H 2.1985056400299072 -1.7828844785690308 -0.8556860685348511
H 2.1524930000305176 -0.05079779773950577 -1.2623792886734009
H 3.533414840698242 -0.7162929773330688 -0.35710766911506653
H 1.6299999952316284 -0.06400000303983688 -3.2260000705718994
