N -1.6610000133514404 0.6269999742507935 -0.4059999883174896
C -0.20499999821186066 0.4410000145435333 -0.46700000762939453
C 0.18000000715255737 -0.054999999701976776 -1.8359999656677246
O -0.5910000205039978 -0.7310000061988831 -2.4739999771118164
C 0.22099989652633667 -0.5829997658729553 0.5849997997283936
C 1.4790128469467163 -1.3121124505996704 0.1079510748386383
C 1.9057062864303589 -2.336801052093506 1.1609728336334229
C 1.185264229774475 -2.027087926864624 -1.2107235193252563
O 1.3819999694824219 0.2540000081062317 -2.3480000495910645
H -2.0769999027252197 -0.2720000147819519 -0.5920000076293945
H -1.8839999437332153 0.8579999804496765 0.550000011920929
H 0.29100000858306885 1.3910000324249268 -0.2709999978542328
H -0.5816026329994202 -1.3048540353775024 0.7350051403045654
H 0.43051525950431824 -0.07364051043987274 1.5257964134216309
H 2.281599760055542 -0.5902106165885925 -0.040054988116025925
H 2.800858497619629 -2.855928421020508 0.8211578130722046
H 2.114520311355591 -1.82672917842865 2.1017472743988037
H 1.103103756904602 -3.058655261993408 1.3109782934188843
H 0.3826617896556854 -2.7489421367645264 -1.0607181787490845
H 0.881765604019165 -1.2968438863754272 -1.960688591003418
H 2.0818305015563965 -2.546226739883423 -1.5505274534225464
H 1.6299999952316284 -0.06400000303983688 -3.2260000705718994
