N -1.6610000133514404 0.6269999742507935 -0.4059999883174896
C -0.20499999821186066 0.4410000145435333 -0.46700000762939453
C 0.18000000715255737 -0.054999999701976776 -1.8359999656677246
O -0.5910000205039978 -0.7310000061988831 -2.4739999771118164
C 0.22100000083446503 -0.5830000638961792 0.5850000381469727
C -0.21429912745952606 -0.10243478417396545 1.9711273908615112
C 0.21170176565647125 -1.1274443864822388 3.024117946624756
C 0.44276925921440125 1.2440128326416016 2.273982286453247
O 1.3819999694824219 0.2540000081062317 -2.3480000495910645
H -2.0769999027252197 -0.2720000147819519 -0.5920000076293945
H -1.8839999437332153 0.8579999804496765 0.550000011920929
H 0.29100000858306885 1.3910000324249268 -0.2709999978542328
H 1.304794192314148 -0.6956868767738342 0.5640762448310852
H -0.24723653495311737 -1.5435856580734253 0.3694268465042114
H -1.298045039176941 0.008252834901213646 1.9920322895050049
H -0.09783399850130081 -0.7851167321205139 4.010659694671631
H -0.25651150941848755 -2.088020086288452 2.8075449466705322
H 1.2954959869384766 -1.2401313781738281 3.0031940937042236
H 1.5265634059906006 1.1313259601593018 2.253058671951294
H 0.13877031207084656 1.9740058183670044 1.523975133895874
H 0.13221079111099243 1.5863066911697388 3.261500120162964
H 1.6299999952316284 -0.06400000303983688 -3.2260000705718994
