N -1.6610000133514404 0.6269999742507935 -0.4059999883174896
C -0.20499999821186066 0.4410000145435333 -0.46700000762939453
C 0.18000000715255737 -0.054999999701976776 -1.8359999656677246
O -0.5910000205039978 -0.7310000061988831 -2.4739999771118164
C 0.22099998593330383 -0.5830000042915344 0.5850000381469727
C -0.7803589105606079 -0.5731784105300903 1.742134928703308
C -0.3542879819869995 -1.5983155965805054 2.7949728965759277
C -0.8191875219345093 0.8192148208618164 2.371511220932007
O 1.3819999694824219 0.2540000081062317 -2.3480000495910645
H -2.0769999027252197 -0.2720000147819519 -0.5920000076293945
H -1.8839999437332153 0.8579999804496765 0.550000011920929
H 0.29100000858306885 1.3910000324249268 -0.2709999978542328
H 1.211606740951538 -0.3271862268447876 0.9605044722557068
H 0.24900619685649872 -1.5762929916381836 0.1366400122642517
H -1.7701557874679565 -0.8308141827583313 1.3664757013320923
H -1.0668525695800781 -1.5909603834152222 3.6186611652374268
H -0.3259478211402893 -2.5913825035095215 2.3456976413726807
H 0.6363188028335571 -1.3425018787384033 3.1704771518707275
H 0.1714191883802414 1.0750285387039185 2.7470157146453857
H -1.1231285333633423 1.5491172075271606 1.6213923692703247
H -1.5329371690750122 0.8259992003440857 3.195718765258789
H 1.6299999952316284 -0.06400000303983688 -3.2260000705718994
