N -1.6610000133514404 0.6269999742507935 -0.4059999883174896
C -0.20499999821186066 0.4410000145435333 -0.46700000762939453
C 0.18000000715255737 -0.054999999701976776 -1.8359999656677246
O -0.5910000205039978 -0.7310000061988831 -2.4739999771118164
C 0.22099991142749786 -0.5829997658729553 0.5849997997283936
C 1.653572678565979 -1.0404436588287354 0.3017023503780365
C 2.0802009105682373 -2.0650901794433594 1.3547916412353516
C 1.720962643623352 -1.6766157150268555 -1.086506724357605
O 1.3819999694824219 0.2540000081062317 -2.3480000495910645
H -2.0769999027252197 -0.2720000147819519 -0.5920000076293945
H -1.8839999437332153 0.8579999804496765 0.550000011920929
H 0.29100000858306885 1.3910000324249268 -0.2709999978542328
H -0.44823941588401794 -1.4423222541809082 0.5471912622451782
H 0.17300133407115936 -0.129858136177063 1.5753536224365234
H 2.3224546909332275 -0.18125280737876892 0.3414742052555084
H 3.0996830463409424 -2.3908705711364746 1.152830958366394
H 2.031395435333252 -1.6113677024841309 2.3450376987457275
H 1.410961627960205 -2.924412727355957 1.3169832229614258
H 1.0517233610153198 -2.535938262939453 -1.1243152618408203
H 1.417413592338562 -0.9463428258895874 -1.836423397064209
H 2.741814613342285 -2.0021655559539795 -1.2882028818130493
H 1.6299999952316284 -0.06400000303983688 -3.2260000705718994
