N -1.6610000133514404 0.6269999742507935 -0.4059999883174896
C -0.20499999821186066 0.4410000145435333 -0.46700000762939453
C 0.18000000715255737 -0.054999999701976776 -1.8359999656677246
O -0.5910000205039978 -0.7310000061988831 -2.4739999771118164
C 0.22099989652633667 -0.5829997658729553 0.5849997997283936
C 0.06678903847932816 -1.9948668479919434 0.015238864347338676
C 0.49348780512809753 -3.019862413406372 1.0679597854614258
C -1.3935539722442627 -2.2338647842407227 -0.36772245168685913
O 1.3819999694824219 0.2540000081062317 -2.3480000495910645
H -2.0769999027252197 -0.2720000147819519 -0.5920000076293945
H -1.8839999437332153 0.8579999804496765 0.550000011920929
H 0.29100000858306885 1.3910000324249268 -0.2709999978542328
H -0.4074421525001526 -0.47813060879707336 1.4691994190216064
H 1.262462854385376 -0.41294053196907043 0.8586359024047852
H 0.6966996192932129 -2.0997302532196045 -0.8676031827926636
H 0.3833262026309967 -4.0246992111206055 0.6624575853347778
H 1.534986138343811 -2.8488047122955322 1.3415535688400269
H -0.13495412468910217 -2.9149932861328125 1.9521595239639282
H -2.021996021270752 -2.128995418548584 0.5164771676063538
H -1.6970347166061401 -1.503842830657959 -1.1179111003875732
H -1.5030730962753296 -3.239755153656006 -0.7739154100418091
H 1.6299999952316284 -0.06400000303983688 -3.2260000705718994
