N -1.6610000133514404 0.6269999742507935 -0.4059999883174896
C -0.20499999821186066 0.4410000145435333 -0.46700000762939453
C 0.18000000715255737 -0.054999999701976776 -1.8359999656677246
O -0.5910000205039978 -0.7310000061988831 -2.4739999771118164
C 0.22099997103214264 -0.5829999446868896 0.5849999785423279
C -1.0160338878631592 -1.1077332496643066 1.3172426223754883
C -0.5898171663284302 -2.1329312324523926 2.369961977005005
C -1.736786127090454 0.05496353656053543 1.999176263809204
O 1.3819999694824219 0.2540000081062317 -2.3480000495910645
H -2.0769999027252197 -0.2720000147819519 -0.5920000076293945
H -1.8839999437332153 0.8579999804496765 0.550000011920929
H 0.29100000858306885 1.3910000324249268 -0.2709999978542328
H 0.8927921652793884 -0.10998313128948212 1.3010281324386597
H 0.7352491021156311 -1.4124581813812256 0.09921334683895111
H -1.6864128112792969 -1.582165002822876 0.6012116074562073
H -1.4703006744384766 -2.506042242050171 2.891308307647705
H -0.07507821172475815 -2.9618990421295166 1.8834545612335205
H 0.08197508752346039 -1.6599146127700806 3.0859901905059814
H -1.064993977546692 0.5279803276062012 2.7152042388916016
H -2.040616035461426 0.7848256826400757 1.2489732503890991
H -2.618269920349121 -0.3191465139389038 2.520550012588501
H 1.6299999952316284 -0.06400000303983688 -3.2260000705718994
