N -1.6610000133514404 0.6269999742507935 -0.4059999883174896
C -0.20499999821186066 0.4410000145435333 -0.46700000762939453
C 0.18000000715255737 -0.054999999701976776 -1.8359999656677246
O -0.5910000205039978 -0.7310000061988831 -2.4739999771118164
C 0.22099988162517548 -0.5829997062683105 0.5849997401237488
C 0.42715349793434143 -1.9447877407073975 -0.08194202929735184
C 0.8538936972618103 -2.96970796585083 0.9708355069160461
C -0.8793103694915771 -2.3964812755584717 -0.7342502474784851
O 1.3819999694824219 0.2540000081062317 -2.3480000495910645
H -2.0769999027252197 -0.2720000147819519 -0.5920000076293945
H -1.8839999437332153 0.8579999804496765 0.550000011920929
H 0.29100000858306885 1.3910000324249268 -0.2709999978542328
H -0.5545586347579956 -0.6657032370567322 1.3461929559707642
H 1.1527057886123657 -0.26129233837127686 1.050693154335022
H 1.2039068937301636 -1.8619457483291626 -0.8415374755859375
H 1.0002189874649048 -3.9389734268188477 0.4960954189300537
H 1.7854567766189575 -2.6470108032226562 1.4365500211715698
H 0.07833527773618698 -3.0524113178253174 1.7320287227630615
H -1.6548688411712646 -2.479184865951538 0.0269429013133049
H -1.182763695716858 -1.6664037704467773 -1.4843957424163818
H -0.7320531606674194 -3.366609573364258 -1.2096126079559326
H 1.6299999952316284 -0.06400000303983688 -3.2260000705718994
