N -1.6610000133514404 0.6269999742507935 -0.4059999883174896
C -0.20499999821186066 0.4410000145435333 -0.46700000762939453
C 0.18000000715255737 -0.054999999701976776 -1.8359999656677246
O -0.5910000205039978 -0.7310000061988831 -2.4739999771118164
C 0.22099997103214264 -0.5830000042915344 0.5849999785423279
C -0.97881019115448 -0.9403875470161438 1.4650607109069824
C -0.5526450276374817 -1.9655741453170776 2.5178122520446777
C -1.4958069324493408 0.31952670216560364 2.1591150760650635
O 1.3819999694824219 0.2540000081062317 -2.3480000495910645
H -2.0769999027252197 -0.2720000147819519 -0.5920000076293945
H -1.8839999437332153 0.8579999804496765 0.550000011920929
H 0.29100000858306885 1.3910000324249268 -0.2709999978542328
H 1.0117242336273193 -0.15990933775901794 1.2042700052261353
H 0.5899658203125 -1.4817936420440674 0.09055484086275101
H -1.7682865858078003 -1.3650391101837158 0.8457127213478088
H -1.4065768718719482 -2.2195701599121094 3.1443514823913574
H -0.18322047591209412 -2.863961696624756 2.0225768089294434
H 0.23807929456233978 -1.5424835681915283 3.13708233833313
H -0.7050827145576477 0.7426173090934753 2.7783849239349365
H -1.799675703048706 1.0493957996368408 1.408934473991394
H -2.350830316543579 0.06464948505163193 2.7858331203460693
H 1.6299999952316284 -0.06400000303983688 -3.2260000705718994
