N -1.6610000133514404 0.6269999742507935 -0.4059999883174896
C -0.20499999821186066 0.4410000145435333 -0.46700000762939453
C 0.18000000715255737 -0.054999999701976776 -1.8359999656677246
O -0.5910000205039978 -0.7310000061988831 -2.4739999771118164
C 0.22099997103214264 -0.5829999446868896 0.5849999189376831
C 1.3824448585510254 -0.018598496913909912 1.4061418771743774
C 1.808676838874817 -1.0432771444320679 2.4593605995178223
C 2.5614099502563477 0.28394603729248047 0.48153987526893616
O 1.3819999694824219 0.2540000081062317 -2.3480000495910645
H -2.0769999027252197 -0.2720000147819519 -0.5920000076293945
H -1.8839999437332153 0.8579999804496765 0.550000011920929
H 0.29100000858306885 1.3910000324249268 -0.2709999978542328
H 0.5387483239173889 -1.5007965564727783 0.09060002118349075
H -0.619530200958252 -0.7992839217185974 1.2446757555007935
H 1.0636488199234009 0.8979235291481018 1.901672124862671
H 2.6355631351470947 -0.6416118741035461 3.0434744358062744
H 0.9673908948898315 -1.2595196962356567 3.1183829307556152
H 2.12642502784729 -1.9610737562179565 1.9649608135223389
H 2.8791582584381104 -0.6338505148887634 -0.012860008515417576
H 2.2575676441192627 1.0141850709915161 -0.2682912051677704
H 3.3886587619781494 0.6863394379615784 1.0668104887008667
H 1.6299999952316284 -0.06400000303983688 -3.2260000705718994
