N -1.6610000133514404 0.6269999742507935 -0.4059999883174896
C -0.20499999821186066 0.4410000145435333 -0.46700000762939453
C 0.18000000715255737 -0.054999999701976776 -1.8359999656677246
O -0.5910000205039978 -0.7310000061988831 -2.4739999771118164
C 0.22100000083446503 -0.5830000042915344 0.5850000381469727
C 0.20310169458389282 0.06924112141132355 1.9692105054855347
C 0.6291114091873169 -0.9556784629821777 3.022284984588623
C 1.1700799465179443 1.2528702020645142 1.9880846738815308
O 1.3819999694824219 0.2540000081062317 -2.3480000495910645
H -2.0769999027252197 -0.2720000147819519 -0.5920000076293945
H -1.8839999437332153 0.8579999804496765 0.550000011920929
H 0.29100000858306885 1.3910000324249268 -0.2709999978542328
H 1.2284066677093506 -0.9343612194061279 0.36268702149391174
H -0.4682510197162628 -1.427513837814331 0.5719075202941895
H -0.8046698570251465 0.41864511370658875 2.1917128562927246
H 0.6166982650756836 -0.49123436212539673 4.007375240325928
H -0.060331735759973526 -1.8002513647079468 3.0082128047943115
H 1.6365180015563965 -1.307039737701416 2.7999720573425293
H 2.1774866580963135 0.9015090465545654 1.7657716274261475
H 0.8660835027694702 1.98292875289917 1.2381401062011719
H 1.1568946838378906 1.7175703048706055 2.9743316173553467
H 1.6299999952316284 -0.06400000303983688 -3.2260000705718994
