N -1.6610000133514404 0.6269999742507935 -0.4059999883174896
C -0.20499999821186066 0.4410000145435333 -0.46700000762939453
C 0.18000000715255737 -0.054999999701976776 -1.8359999656677246
O -0.5910000205039978 -0.7310000061988831 -2.4739999771118164
C 0.22099988162517548 -0.5829997062683105 0.5849997401237488
C 1.0694007873535156 -1.671568512916565 -0.07606835663318634
C 1.4961514472961426 -2.69635009765625 0.9768399000167847
C 0.2502902150154114 -2.367126226425171 -1.163100242614746
O 1.3819999694824219 0.2540000081062317 -2.3480000495910645
H -2.0769999027252197 -0.2720000147819519 -0.5920000076293945
H -1.8839999437332153 0.8579999804496765 0.550000011920929
H 0.29100000858306885 1.3910000324249268 -0.2709999978542328
H -0.664597749710083 -1.0346548557281494 1.0316208600997925
H 0.8051478862762451 -0.08744567632675171 1.3606537580490112
H 1.955549955368042 -1.2197191715240479 -0.5207769274711609
H 2.0996572971343994 -3.471264600753784 0.5061458349227905
H 2.079824447631836 -2.1999170780181885 1.7525417804718018
H 0.6105538606643677 -3.1480050086975098 1.4234611988067627
H -0.6353073716163635 -2.8187813758850098 -0.7164791226387024
H -0.05316173657774925 -1.6369478702545166 -1.9131481647491455
H 0.8551066517829895 -3.1424522399902344 -1.634130597114563
H 1.6299999952316284 -0.06400000303983688 -3.2260000705718994
