N -1.6610000133514404 0.6269999742507935 -0.4059999883174896
C -0.20499999821186066 0.4410000145435333 -0.46700000762939453
C 0.18000000715255737 -0.054999999701976776 -1.8359999656677246
O -0.5910000205039978 -0.7310000061988831 -2.4739999771118164
C 0.22099988162517548 -0.5829997062683105 0.5849997401237488
C 1.0060499906539917 -1.7107441425323486 -0.08854775130748749
C 1.432803750038147 -2.735539436340332 0.9643456339836121
C 0.12470526993274689 -2.3912322521209717 -1.1357098817825317
O 1.3819999694824219 0.2540000081062317 -2.3480000495910645
H -2.0769999027252197 -0.2720000147819519 -0.5920000076293945
H -1.8839999437332153 0.8579999804496765 0.550000011920929
H 0.29100000858306885 1.3910000324249268 -0.2709999978542328
H -0.6638548374176025 -0.9959586262702942 1.0689862966537476
H 0.8495283126831055 -0.09818607568740845 1.3322277069091797
H 1.89152991771698 -1.2975844144821167 -0.5706453323364258
H 1.9912092685699463 -3.538327217102051 0.4847833514213562
H 2.0608909130096436 -2.2498297691345215 1.7116245031356812
H 0.5479490756988525 -3.148498296737671 1.4483323097229004
H -0.7601494193077087 -2.8041911125183105 -0.651723325252533
H -0.17874367535114288 -1.6610639095306396 -1.8857687711715698
H 0.6843931078910828 -3.1944832801818848 -1.615647554397583
H 1.6299999952316284 -0.06400000303983688 -3.2260000705718994
