N -1.6610000133514404 0.6269999742507935 -0.4059999883174896
C -0.20499999821186066 0.4410000145435333 -0.46700000762939453
C 0.18000000715255737 -0.054999999701976776 -1.8359999656677246
O -0.5910000205039978 -0.7310000061988831 -2.4739999771118164
C 0.22099991142749786 -0.5829997658729553 0.5849997997283936
C 1.678212285041809 -0.9845565557479858 0.3461243510246277
C 2.104825258255005 -2.0091967582702637 1.3992260694503784
C 1.8168965578079224 -1.5967141389846802 -1.0475795269012451
O 1.3819999694824219 0.2540000081062317 -2.3480000495910645
H -2.0769999027252197 -0.2720000147819519 -0.5920000076293945
H -1.8839999437332153 0.8579999804496765 0.550000011920929
H 0.29100000858306885 1.3910000324249268 -0.2709999978542328
H -0.4149077236652374 -1.4650306701660156 0.5115898847579956
H 0.12216518819332123 -0.14698688685894012 1.5792665481567383
H 2.31369948387146 -0.10269992798566818 0.4214816987514496
H 3.1418631076812744 -2.2951998710632324 1.2288748025894165
H 2.005167245864868 -1.5726306438446045 2.393364667892456
H 1.4689176082611084 -2.8912274837493896 1.32581627368927
H 1.1809890270233154 -2.4787449836730957 -1.120989441871643
H 1.5133358240127563 -0.8664370179176331 -1.7974873781204224
H 2.8552849292755127 -1.8824418783187866 -1.2176146507263184
H 1.6299999952316284 -0.06400000303983688 -3.2260000705718994
