N -1.6610000133514404 0.6269999742507935 -0.4059999883174896
C -0.20499999821186066 0.4410000145435333 -0.46700000762939453
C 0.18000000715255737 -0.054999999701976776 -1.8359999656677246
O -0.5910000205039978 -0.7310000061988831 -2.4739999771118164
C 0.22099997103214264 -0.5830000042915344 0.5849999785423279
C -0.9515739679336548 -0.8656445145606995 1.5267853736877441
C -0.5254300832748413 -1.8908237218856812 2.57955265045166
C -1.374742865562439 0.4303445816040039 2.217959403991699
O 1.3819999694824219 0.2540000081062317 -2.3480000495910645
H -2.0769999027252197 -0.2720000147819519 -0.5920000076293945
H -1.8839999437332153 0.8579999804496765 0.550000011920929
H 0.29100000858306885 1.3910000324249268 -0.2709999978542328
H 1.0592926740646362 -0.1874534785747528 1.1581965684890747
H 0.5230627655982971 -1.507523536682129 0.09260169416666031
H -1.7886993885040283 -1.2628116607666016 0.953485369682312
H -1.3599514961242676 -2.091620445251465 3.2500150203704834
H -0.22292761504650116 -2.81497859954834 2.0863354206085205
H 0.3128626346588135 -1.4952772855758667 3.1527493000030518
H -0.536450207233429 0.8258910179138184 2.7911558151245117
H -1.6786277294158936 1.1602184772491455 1.4677900075912476
H -2.2103867530822754 0.22872386872768402 2.8886687755584717
H 1.6299999952316284 -0.06400000303983688 -3.2260000705718994
