N -1.6610000133514404 0.6269999742507935 -0.4059999883174896
C -0.20499999821186066 0.4410000145435333 -0.46700000762939453
C 0.18000000715255737 -0.054999999701976776 -1.8359999656677246
O -0.5910000205039978 -0.7310000061988831 -2.4739999771118164
C 0.22099994122982025 -0.5829998850822449 0.5849998593330383
C 1.6974267959594727 -0.3763854503631592 0.930327832698822
C 2.123833417892456 -1.4010074138641357 1.983530879020691
C 2.545726776123047 -0.5548745393753052 -0.3286040127277374
O 1.3819999694824219 0.2540000081062317 -2.3480000495910645
H -2.0769999027252197 -0.2720000147819519 -0.5920000076293945
H -1.8839999437332153 0.8579999804496765 0.550000011920929
H 0.29100000858306885 1.3910000324249268 -0.2709999978542328
H 0.07804065942764282 -1.5890992879867554 0.191207617521286
H -0.38379839062690735 -0.4562634229660034 1.4831082820892334
H 1.839438796043396 0.6289508938789368 1.3257075548171997
H 3.174762725830078 -1.2540955543518066 2.228947162628174
H 1.5181548595428467 -1.2740304470062256 2.881229877471924
H 1.980873942375183 -2.407106876373291 1.5897388458251953
H 2.4027674198150635 -1.5609740018844604 -0.7223962545394897
H 2.242011785507202 0.175410196185112 -1.078442096710205
H 3.5975708961486816 -0.40731069445610046 -0.08232879638671875
H 1.6299999952316284 -0.06400000303983688 -3.2260000705718994
