N -1.6610000133514404 0.6269999742507935 -0.4059999883174896
C -0.20499999821186066 0.4410000145435333 -0.46700000762939453
C 0.18000000715255737 -0.054999999701976776 -1.8359999656677246
O -0.5910000205039978 -0.7310000061988831 -2.4739999771118164
C 0.22099995613098145 -0.5829999446868896 0.5849999785423279
C -1.0209155082702637 -1.1627169847488403 1.265699028968811
C -0.5946806073188782 -2.187917470932007 2.318408727645874
C -1.806659460067749 -0.03705047816038132 1.9379059076309204
O 1.3819999694824219 0.2540000081062317 -2.3480000495910645
H -2.0769999027252197 -0.2720000147819519 -0.5920000076293945
H -1.8839999437332153 0.8579999804496765 0.550000011920929
H 0.29100000858306885 1.3910000324249268 -0.2709999978542328
H 0.8498705625534058 -0.09721188992261887 1.3308402299880981
H 0.7815892696380615 -1.3860492706298828 0.10615424066781998
H -1.6483231782913208 -1.649868369102478 0.5198860764503479
H -1.478657841682434 -2.6001667976379395 2.8030731678009033
H -0.03359481319785118 -2.990447998046875 1.838866949081421
H 0.03419007360935211 -1.7021294832229614 3.064249038696289
H -1.1777888536453247 0.44873756170272827 2.683746099472046
H -2.110475778579712 0.6928105354309082 1.1876963376998901
H -2.6916005611419678 -0.45033448934555054 2.422548532485962
H 1.6299999952316284 -0.06400000303983688 -3.2260000705718994
