N -1.6610000133514404 0.6269999742507935 -0.4059999883174896
C -0.20499999821186066 0.4410000145435333 -0.46700000762939453
C 0.18000000715255737 -0.054999999701976776 -1.8359999656677246
O -0.5910000205039978 -0.7310000061988831 -2.4739999771118164
C 0.22100000083446503 -0.5830000042915344 0.5850000381469727
C 0.25122496485710144 0.08252771943807602 1.9626562595367432
C 0.6772379279136658 -0.9423816800117493 3.0157394409179688
C 1.2463966608047485 1.2426031827926636 1.947187066078186
O 1.3819999694824219 0.2540000081062317 -2.3480000495910645
H -2.0769999027252197 -0.2720000147819519 -0.5920000076293945
H -1.8839999437332153 0.8579999804496765 0.550000011920929
H 0.29100000858306885 1.3910000324249268 -0.2709999978542328
H 1.2142186164855957 -0.9606529474258423 0.3428404927253723
H -0.48835843801498413 -1.4107214212417603 0.5963953733444214
H -0.7424005270004272 0.45823466777801514 2.20503306388855
H 0.6990785002708435 -0.4684898853302002 3.99615478515625
H -0.032336968928575516 -1.7701667547225952 3.026160478591919
H 1.6704564094543457 -1.3200346231460571 2.7735798358917236
H 2.2396152019500732 0.8649502992630005 1.705027461051941
H 0.9424020648002625 1.972669243812561 1.1972490549087524
H 1.2674987316131592 1.716780424118042 2.928774356842041
H 1.6299999952316284 -0.06400000303983688 -3.2260000705718994
