N -1.6610000133514404 0.6269999742507935 -0.4059999883174896
C -0.20499999821186066 0.4410000145435333 -0.46700000762939453
C 0.18000000715255737 -0.054999999701976776 -1.8359999656677246
O -0.5910000205039978 -0.7310000061988831 -2.4739999771118164
C 0.22099998593330383 -0.5830000042915344 0.5849999785423279
C -0.8441534042358398 -0.6626838445663452 1.6808449029922485
C -0.4180620312690735 -1.6878361701965332 2.7336597442626953
C -1.003636121749878 0.7080965042114258 2.3380415439605713
O 1.3819999694824219 0.2540000081062317 -2.3480000495910645
H -2.0769999027252197 -0.2720000147819519 -0.5920000076293945
H -1.8839999437332153 0.8579999804496765 0.550000011920929
H 0.29100000858306885 1.3910000324249268 -0.2709999978542328
H 1.1709554195404053 -0.2787892818450928 1.0240747928619385
H 0.3350405991077423 -1.5608729124069214 0.1168106347322464
H -1.7931822538375854 -0.9686607122421265 1.2416225671768188
H -1.176060676574707 -1.7441807985305786 3.513741970062256
H -0.3036496043205261 -2.6654398441314697 2.2645819187164307
H 0.5318933725357056 -1.3836256265640259 3.172734260559082
H -0.05368080362677574 1.0123071670532227 2.777116298675537
H -1.3075612783432007 1.437988519668579 1.5879061222076416
H -1.7628109455108643 0.6510986089706421 3.1185591220855713
H 1.6299999952316284 -0.06400000303983688 -3.2260000705718994
