N -1.6610000133514404 0.6269999742507935 -0.4059999883174896
C -0.20499999821186066 0.4410000145435333 -0.46700000762939453
C 0.18000000715255737 -0.054999999701976776 -1.8359999656677246
O -0.5910000205039978 -0.7310000061988831 -2.4739999771118164
C 0.22100000083446503 -0.5830000042915344 0.5850000381469727
C 0.372001975774765 0.11034156382083893 1.9408220052719116
C 0.7980250120162964 -0.9145422577857971 2.9939258098602295
C 1.431523323059082 1.2072378396987915 1.8377971649169922
O 1.3819999694824219 0.2540000081062317 -2.3480000495910645
H -2.0769999027252197 -0.2720000147819519 -0.5920000076293945
H -1.8839999437332153 0.8579999804496765 0.550000011920929
H 0.29100000858306885 1.3910000324249268 -0.2709999978542328
H 1.1740344762802124 -1.0255961418151855 0.29589805006980896
H -0.534253716468811 -1.3656772375106812 0.6588256359100342
H -0.5815405249595642 0.5510254502296448 2.230215072631836
H 0.9058316946029663 -0.42087727785110474 3.9587769508361816
H 0.042494241148233414 -1.6972918510437012 3.066793203353882
H 1.7510594129562378 -1.3571385145187378 2.7048239707946777
H 2.3845577239990234 0.7646416425704956 1.5486950874328613
H 1.1275352239608765 1.9373224973678589 1.0878747701644897
H 1.5386804342269897 1.701258897781372 2.8038527965545654
H 1.6299999952316284 -0.06400000303983688 -3.2260000705718994
