N -1.6610000133514404 0.6269999742507935 -0.4059999883174896
C -0.20499999821186066 0.4410000145435333 -0.46700000762939453
C 0.18000000715255737 -0.054999999701976776 -1.8359999656677246
O -0.5910000205039978 -0.7310000061988831 -2.4739999771118164
C 0.22100000083446503 -0.5830000638961792 0.5850000381469727
C -0.2361881136894226 -0.11452984809875488 1.9682180881500244
C 0.18981337547302246 -1.1395442485809326 3.0212035179138184
C 0.4010462164878845 1.238183617591858 2.285203695297241
O 1.3819999694824219 0.2540000081062317 -2.3480000495910645
H -2.0769999027252197 -0.2720000147819519 -0.5920000076293945
H -1.8839999437332153 0.8579999804496765 0.550000011920929
H 0.29100000858306885 1.3910000324249268 -0.2709999978542328
H 1.30624258518219 -0.6825879812240601 0.5762400031089783
H -0.2330922931432724 -1.5480518341064453 0.35935187339782715
H -1.32135808467865 -0.0169402826577425 1.9769501686096191
H -0.13530495762825012 -0.8058216571807861 4.005679130554199
H -0.2642441391944885 -2.104580879211426 2.794556140899658
H 1.275056004524231 -1.239132285118103 3.0124435424804688
H 1.4862887859344482 1.1385955810546875 2.2764437198638916
H 0.09704795479774475 1.9681731462478638 1.535192847251892
H 0.07489436864852905 1.5718553066253662 3.2706432342529297
H 1.6299999952316284 -0.06400000303983688 -3.2260000705718994
