N -1.6610000133514404 0.6269999742507935 -0.4059999883174896
C -0.20499999821186066 0.4410000145435333 -0.46700000762939453
C 0.18000000715255737 -0.054999999701976776 -1.8359999656677246
O -0.5910000205039978 -0.7310000061988831 -2.4739999771118164
C 0.22099997103214264 -0.5829999446868896 0.5849999785423279
C 1.2604767084121704 0.04416635259985924 1.5166263580322266
C 1.6866672039031982 -0.9805359244346619 2.5698390007019043
C 2.479701519012451 0.47728508710861206 0.702820360660553
O 1.3819999694824219 0.2540000081062317 -2.3480000495910645
H -2.0769999027252197 -0.2720000147819519 -0.5920000076293945
H -1.8839999437332153 0.8579999804496765 0.550000011920929
H 0.29100000858306885 1.3910000324249268 -0.2709999978542328
H 0.6544706225395203 -1.4523282051086426 0.0909174457192421
H -0.648222029209137 -0.8923913240432739 1.1656650304794312
H 0.8259836435317993 0.9120966196060181 2.0117087364196777
H 2.426772117614746 -0.5341662764549255 3.2326087951660156
H 0.8167435526847839 -1.2899240255355835 3.1497914791107178
H 2.1201376914978027 -1.8498642444610596 2.075756549835205
H 2.9131720066070557 -0.3920431137084961 0.20873787999153137
H 2.1758294105529785 1.2075059413909912 -0.04701647162437439
H 3.2200114727020264 0.9243665337562561 1.3667948246002197
H 1.6299999952316284 -0.06400000303983688 -3.2260000705718994
