N -1.6610000133514404 0.6269999742507935 -0.4059999883174896
C -0.20499999821186066 0.4410000145435333 -0.46700000762939453
C 0.18000000715255737 -0.054999999701976776 -1.8359999656677246
O -0.5910000205039978 -0.7310000061988831 -2.4739999771118164
C 0.22100000083446503 -0.5830000042915344 0.5850000381469727
C 0.013142958283424377 0.004164085723459721 1.9827879667282104
C 0.4391441345214844 -1.0207961797714233 3.0358264446258545
C 0.8542014956474304 1.271484613418579 2.1341164112091064
O 1.3819999694824219 0.2540000081062317 -2.3480000495910645
H -2.0769999027252197 -0.2720000147819519 -0.5920000076293945
H -1.8839999437332153 0.8579999804496765 0.550000011920929
H 0.29100000858306885 1.3910000324249268 -0.2709999978542328
H 1.2739659547805786 -0.8281996846199036 0.4475741386413574
H -0.3784481883049011 -1.4871792793273926 0.4774651527404785
H -1.0400108098983765 0.2473745197057724 2.120300531387329
H 0.29151540994644165 -0.6026358604431152 4.030619144439697
H -0.1603991687297821 -1.925009846687317 2.9272966384887695
H 1.492110013961792 -1.2659958600997925 2.8984005451202393
H 1.9071674346923828 1.0262850522994995 1.9966905117034912
H 0.5502005815505981 2.0015134811401367 1.3841447830200195
H 0.7056768536567688 1.68977689743042 3.129995346069336
H 1.6299999952316284 -0.06400000303983688 -3.2260000705718994
