N -1.6610000133514404 0.6269999742507935 -0.4059999883174896
C -0.20499999821186066 0.4410000145435333 -0.46700000762939453
C 0.18000000715255737 -0.054999999701976776 -1.8359999656677246
O -0.5910000205039978 -0.7310000061988831 -2.4739999771118164
C 0.22099991142749786 -0.5829998254776001 0.5849997997283936
C -0.45801228284835815 -1.9237967729568481 0.29693207144737244
C -0.03142346441745758 -2.9488987922668457 1.349593997001648
C -1.9756404161453247 -1.7472118139266968 0.3416896462440491
O 1.3819999694824219 0.2540000081062317 -2.3480000495910645
H -2.0769999027252197 -0.2720000147819519 -0.5920000076293945
H -1.8839999437332153 0.8579999804496765 0.550000011920929
H 0.29100000858306885 1.3910000324249268 -0.2709999978542328
H -0.07409654557704926 -0.232094869017601 1.5737009048461914
H 1.3033658266067505 -0.7092621922492981 0.5536378622055054
H -0.16117049753665924 -2.275031328201294 -0.690849781036377
H -0.515057384967804 -3.903033494949341 1.1446794271469116
H 1.051226258277893 -3.0742239952087402 1.318029522895813
H -0.32651978731155396 -2.597993850708008 2.3382949829101562
H -2.2707369327545166 -1.3963068723678589 1.3303905725479126
H -2.279198169708252 -1.0172700881958008 -0.40854594111442566
H -2.459160804748535 -2.7025909423828125 0.13611285388469696
H 1.6299999952316284 -0.06400000303983688 -3.2260000705718994
