N -1.6610000133514404 0.6269999742507935 -0.4059999883174896
C -0.20499999821186066 0.4410000145435333 -0.46700000762939453
C 0.18000000715255737 -0.054999999701976776 -1.8359999656677246
O -0.5910000205039978 -0.7310000061988831 -2.4739999771118164
C 0.22099997103214264 -0.5829999446868896 0.5849999189376831
C 1.4454271793365479 -0.06060007959604263 1.3397538661956787
C 1.8716838359832764 -1.0852667093276978 2.392974376678467
C 2.5924928188323975 0.1674693077802658 0.35557645559310913
O 1.3819999694824219 0.2540000081062317 -2.3480000495910645
H -2.0769999027252197 -0.2720000147819519 -0.5920000076293945
H -1.8839999437332153 0.8579999804496765 0.550000011920929
H 0.29100000858306885 1.3910000324249268 -0.2709999978542328
H 0.4710589051246643 -1.5240180492401123 0.0954069122672081
H -0.5967926979064941 -0.7461778521537781 1.287160873413086
H 1.1943156719207764 0.8792166709899902 1.8305504322052002
H 2.7433793544769287 -0.7135131359100342 2.9298274517059326
H 1.0531083345413208 -1.2483786344528198 3.0945167541503906
H 2.1217427253723145 -2.02628493309021 1.9033814668655396
H 2.8425519466400146 -0.7735487818717957 -0.13401655852794647
H 2.288668632507324 0.8977177143096924 -0.394252747297287
H 3.46463942527771 0.5399536490440369 0.8935530185699463
H 1.6299999952316284 -0.06400000303983688 -3.2260000705718994
