N -1.6610000133514404 0.6269999742507935 -0.4059999883174896
C -0.20499999821186066 0.4410000145435333 -0.46700000762939453
C 0.18000000715255737 -0.054999999701976776 -1.8359999656677246
O -0.5910000205039978 -0.7310000061988831 -2.4739999771118164
C 0.22099998593330383 -0.5830000042915344 0.5849999785423279
C 0.7766689658164978 0.14518405497074127 1.8108700513839722
C 1.2027459144592285 -0.8796156048774719 2.8640339374542236
C 1.9842051267623901 0.9875132441520691 1.4001160860061646
O 1.3819999694824219 0.2540000081062317 -2.3480000495910645
H -2.0769999027252197 -0.2720000147819519 -0.5920000076293945
H -1.8839999437332153 0.8579999804496765 0.550000011920929
H 0.29100000858306885 1.3910000324249268 -0.2709999978542328
H 0.9911380410194397 -1.2321984767913818 0.16885726153850555
H -0.6398343443870544 -1.1841727495193481 0.8782532215118408
H 0.005733653903007507 0.7926405072212219 2.2275867462158203
H 1.5985639095306396 -0.3612346351146698 3.7363150119781494
H 0.3414359986782074 -1.4808597564697266 3.1564104557037354
H 1.9728838205337524 -1.5288140773773193 2.4478912353515625
H 2.754343271255493 0.33831480145454407 0.9839733242988586
H 1.6802531480789185 1.7176604270935059 0.6502399444580078
H 2.3797144889831543 1.5064516067504883 2.2736597061157227
H 1.6299999952316284 -0.06400000303983688 -3.2260000705718994
