N -1.6610000133514404 0.6269999742507935 -0.4059999883174896
C -0.20499999821186066 0.4410000145435333 -0.46700000762939453
C 0.18000000715255737 -0.054999999701976776 -1.8359999656677246
O -0.5910000205039978 -0.7310000061988831 -2.4739999771118164
C 0.22100000083446503 -0.5830000042915344 0.5850000381469727
C -0.3839317262172699 -0.20589309930801392 1.9391143321990967
C 0.04207717999815941 -1.2309401035308838 2.992065191268921
C 0.10816345363855362 1.1819648742675781 2.3490822315216064
O 1.3819999694824219 0.2540000081062317 -2.3480000495910645
H -2.0769999027252197 -0.2720000147819519 -0.5920000076293945
H -1.8839999437332153 0.8579999804496765 0.550000011920929
H 0.29100000858306885 1.3910000324249268 -0.2709999978542328
H 1.307975172996521 -0.5923426151275635 0.663381814956665
H -0.12959055602550507 -1.5731000900268555 0.2930580675601959
H -1.470662236213684 -0.19853366911411285 1.8606497049331665
H -0.3882218897342682 -0.9622218012809753 3.9558587074279785
H -0.3083999752998352 -2.220984935760498 2.6991310119628906
H 1.1290522813796997 -1.2402827739715576 3.0704469680786133
H 1.1951385736465454 1.1726223230361938 2.427464008331299
H -0.19582781195640564 1.911931037902832 1.5990456342697144
H -0.32323500514030457 1.4505112171173096 3.313748598098755
H 1.6299999952316284 -0.06400000303983688 -3.2260000705718994
