N -1.6610000133514404 0.6269999742507935 -0.4059999883174896
C -0.20499999821186066 0.4410000145435333 -0.46700000762939453
C 0.18000000715255737 -0.054999999701976776 -1.8359999656677246
O -0.5910000205039978 -0.7310000061988831 -2.4739999771118164
C 0.22099998593330383 -0.5829999446868896 0.5849999785423279
C 1.084286093711853 0.10352567583322525 1.645753026008606
C 1.510427474975586 -0.9212115406990051 2.698951482772827
C 2.3254005908966064 0.7022571563720703 0.984287679195404
O 1.3819999694824219 0.2540000081062317 -2.3480000495910645
H -2.0769999027252197 -0.2720000147819519 -0.5920000076293945
H -1.8839999437332153 0.8579999804496765 0.550000011920929
H 0.29100000858306885 1.3910000324249268 -0.2709999978542328
H 0.7957444190979004 -1.3764145374298096 0.1076027974486351
H -0.6638100147247314 -1.0104811191558838 1.0570306777954102
H 0.5085821151733398 0.8953947424888611 2.12398099899292
H 2.125159740447998 -0.4325501322746277 3.4536561965942383
H 0.6249963045120239 -1.3487281799316406 3.170199155807495
H 2.085171699523926 -1.7146261930465698 2.2215545177459717
H 2.9001450538635254 -0.09115736186504364 0.5068905353546143
H 2.021493673324585 1.4324513673782349 0.23443904519081116
H 2.940134048461914 1.1915878057479858 1.7402381896972656
H 1.6299999952316284 -0.06400000303983688 -3.2260000705718994
