N -1.6610000133514404 0.6269999742507935 -0.4059999883174896
C -0.20499999821186066 0.4410000145435333 -0.46700000762939453
C 0.18000000715255737 -0.054999999701976776 -1.8359999656677246
O -0.5910000205039978 -0.7310000061988831 -2.4739999771118164
C 0.22099998593330383 -0.5830000042915344 0.5849999785423279
C -0.8780472874641418 -0.7173900008201599 1.6413198709487915
C -0.4519425928592682 -1.7425506114959717 2.6941211223602295
C -1.1099183559417725 0.6366510391235352 2.3115358352661133
O 1.3819999694824219 0.2540000081062317 -2.3480000495910645
H -2.0769999027252197 -0.2720000147819519 -0.5920000076293945
H -1.8839999437332153 0.8579999804496765 0.550000011920929
H 0.29100000858306885 1.3910000324249268 -0.2709999978542328
H 1.1434420347213745 -0.25172874331474304 1.061556339263916
H 0.3866577446460724 -1.54893159866333 0.1075320914387703
H -1.799494743347168 -1.0503907203674316 1.1646239757537842
H -1.234082818031311 -1.8378299474716187 3.4460809230804443
H -0.2858923077583313 -2.708186388015747 2.215782403945923
H 0.4704994857311249 -1.411279559135437 3.170677423477173
H -0.18747630715370178 0.9679222702980042 2.7880923748016357
H -1.4138331413269043 1.36653733253479 1.5613908767700195
H -1.8932247161865234 0.5406702756881714 3.06387996673584
H 1.6299999952316284 -0.06400000303983688 -3.2260000705718994
