N -1.6610000133514404 0.6269999742507935 -0.4059999883174896
C -0.20499999821186066 0.4410000145435333 -0.46700000762939453
C 0.18000000715255737 -0.054999999701976776 -1.8359999656677246
O -0.5910000205039978 -0.7310000061988831 -2.4739999771118164
C 0.22099991142749786 -0.5829998254776001 0.5849998593330383
C -0.6392725706100464 -1.8414204120635986 0.450516015291214
C -0.2127416580915451 -2.8665578365325928 1.503166913986206
C -2.109696865081787 -1.4787964820861816 0.6572460532188416
O 1.3819999694824219 0.2540000081062317 -2.3480000495910645
H -2.0769999027252197 -0.2720000147819519 -0.5920000076293945
H -1.8839999437332153 0.8579999804496765 0.550000011920929
H 0.29100000858306885 1.3910000324249268 -0.2709999978542328
H 0.08886634558439255 -0.15801121294498444 1.579822063446045
H 1.2697291374206543 -0.8419186472892761 0.43813320994377136
H -0.5053470134735107 -2.266911268234253 -0.5435740947723389
H -0.8253480195999146 -3.7620153427124023 1.4075944423675537
H 0.8363525867462158 -3.1245903968811035 1.3560153245925903
H -0.34487512707710266 -2.4415693283081055 2.4979891777038574
H -2.241830348968506 -1.0538078546524048 1.6520682573318481
H -2.4132957458496094 -0.748881995677948 -0.09299930930137634
H -2.7224152088165283 -2.3755290508270264 0.5610725283622742
H 1.6299999952316284 -0.06400000303983688 -3.2260000705718994
