N -1.6610000133514404 0.6269999742507935 -0.4059999883174896
C -0.20499999821186066 0.4410000145435333 -0.46700000762939453
C 0.18000000715255737 -0.054999999701976776 -1.8359999656677246
O -0.5910000205039978 -0.7310000061988831 -2.4739999771118164
C 0.22100000083446503 -0.5830000042915344 0.5850000381469727
C -0.40417805314064026 -0.21985410153865814 1.9337234497070312
C 0.021832391619682312 -1.2449055910110474 2.9866693019866943
C 0.06635864824056625 1.1717610359191895 2.3560783863067627
O 1.3819999694824219 0.2540000081062317 -2.3480000495910645
H -2.0769999027252197 -0.2720000147819519 -0.5920000076293945
H -1.8839999437332153 0.8579999804496765 0.550000011920929
H 0.29100000858306885 1.3910000324249268 -0.2709999978542328
H 1.307020902633667 -0.579704225063324 0.6760702133178711
H -0.11421693116426468 -1.5757774114608765 0.28422656655311584
H -1.489929437637329 -0.22512952983379364 1.8425638675689697
H -0.4228808283805847 -0.9861209392547607 3.9466307163238525
H -0.3132602274417877 -2.237621307373047 2.684905529022217
H 1.1078532934188843 -1.2416099309921265 3.0777394771575928
H 1.1523795127868652 1.1750568151474 2.447148561477661
H -0.23763129115104675 1.9017239809036255 1.606038212776184
H -0.3794619143009186 1.4303562641143799 3.3168985843658447
H 1.6299999952316284 -0.06400000303983688 -3.2260000705718994
