N -1.6610000133514404 0.6269999742507935 -0.4059999883174896
C -0.20499999821186066 0.4410000145435333 -0.46700000762939453
C 0.18000000715255737 -0.054999999701976776 -1.8359999656677246
O -0.5910000205039978 -0.7310000061988831 -2.4739999771118164
C 0.22099995613098145 -0.5829999446868896 0.5849999189376831
C -1.0192934274673462 -1.270581841468811 1.160048246383667
C -0.5930210947990417 -2.2957844734191895 2.212740659713745
C -1.9295562505722046 -0.2253129482269287 1.8044204711914062
O 1.3819999694824219 0.2540000081062317 -2.3480000495910645
H -2.0769999027252197 -0.2720000147819519 -0.5920000076293945
H -1.8839999437332153 0.8579999804496765 0.550000011920929
H 0.29100000858306885 1.3910000324249268 -0.2709999978542328
H 0.7598100304603577 -0.07769359648227692 1.3863083124160767
H 0.8703719973564148 -1.3287131786346436 0.12601235508918762
H -1.55655038356781 -1.777144432067871 0.35883477330207825
H -1.4758824110031128 -2.7848165035247803 2.6222140789031982
H 0.05685506388545036 -3.0409231185913086 1.7531081438064575
H -0.054210953414440155 -1.7904781103134155 3.0140490531921387
H -1.3907461166381836 0.27999335527420044 2.6057288646698
H -2.233344554901123 0.5045474767684937 1.054198980331421
H -2.8132994174957275 -0.7154440879821777 2.213776111602783
H 1.6299999952316284 -0.06400000303983688 -3.2260000705718994
