N -1.6610000133514404 0.6269999742507935 -0.4059999883174896
C -0.20499999821186066 0.4410000145435333 -0.46700000762939453
C 0.18000000715255737 -0.054999999701976776 -1.8359999656677246
O -0.5910000205039978 -0.7310000061988831 -2.4739999771118164
C 0.22099991142749786 -0.5829998254776001 0.5849998593330383
C -0.5521259903907776 -1.8862661123275757 0.3715745210647583
C -0.12556540966033936 -2.911386728286743 1.4242298603057861
C -2.0513157844543457 -1.6169378757476807 0.4991403818130493
O 1.3819999694824219 0.2540000081062317 -2.3480000495910645
H -2.0769999027252197 -0.2720000147819519 -0.5920000076293945
H -1.8839999437332153 0.8579999804496765 0.550000011920929
H 0.29100000858306885 1.3910000324249268 -0.2709999978542328
H 0.006182385608553886 -0.1926420032978058 1.5795953273773193
H 1.2902295589447021 -0.7753930687904358 0.49458661675453186
H -0.3355344533920288 -2.277038097381592 -0.6221956610679626
H -0.6761660575866699 -3.8387856483459473 1.272457242012024
H 0.9439905881881714 -3.1028664112091064 1.333573818206787
H -0.34038281440734863 -2.521028995513916 2.418825387954712
H -2.2661333084106445 -1.226580023765564 1.4937357902526855
H -2.354893445968628 -0.8870103359222412 -0.2511008381843567
H -2.6019160747528076 -2.545600414276123 0.3467326760292053
H 1.6299999952316284 -0.06400000303983688 -3.2260000705718994
