N -1.6610000133514404 0.6269999742507935 -0.4059999883174896
C -0.20499999821186066 0.4410000145435333 -0.46700000762939453
C 0.18000000715255737 -0.054999999701976776 -1.8359999656677246
O -0.5910000205039978 -0.7310000061988831 -2.4739999771118164
C 0.22099998593330383 -0.5830000042915344 0.5850000381469727
C -0.7938306331634521 -0.5908867716789246 1.7303532361984253
C -0.36775580048561096 -1.6160271167755127 2.783186435699463
C -0.8567564487457275 0.7978190779685974 2.3658981323242188
O 1.3819999694824219 0.2540000081062317 -2.3480000495910645
H -2.0769999027252197 -0.2720000147819519 -0.5920000076293945
H -1.8839999437332153 0.8579999804496765 0.550000011920929
H 0.29100000858306885 1.3910000324249268 -0.2709999978542328
H 1.2040088176727295 -0.3171907663345337 0.9733105897903442
H 0.26618918776512146 -1.5736618041992188 0.13224294781684875
H -1.7760059833526611 -0.8585073947906494 1.3418885469436646
H -1.0899144411087036 -1.6212745904922485 3.5984926223754883
H -0.32222476601600647 -2.606454372406006 2.329519271850586
H 0.6152530312538147 -1.3502180576324463 3.171496868133545
H 0.12625230848789215 1.0636283159255981 2.75420880317688
H -1.1606944799423218 1.527719259262085 1.6157760620117188
H -1.5800992250442505 0.7919841408729553 3.1817071437835693
H 1.6299999952316284 -0.06400000303983688 -3.2260000705718994
