N -1.6610000133514404 0.6269999742507935 -0.4059999883174896
C -0.20499999821186066 0.4410000145435333 -0.46700000762939453
C 0.18000000715255737 -0.054999999701976776 -1.8359999656677246
O -0.5910000205039978 -0.7310000061988831 -2.4739999771118164
C 0.22099991142749786 -0.5829997658729553 0.5849997997283936
C 1.7166216373443604 -0.87244713306427 0.439696341753006
C 2.143202304840088 -1.8970767259597778 1.492821455001831
C 1.9953913688659668 -1.428803563117981 -0.9564181566238403
O 1.3819999694824219 0.2540000081062317 -2.3480000495910645
H -2.0769999027252197 -0.2720000147819519 -0.5920000076293945
H -1.8839999437332153 0.8579999804496765 0.550000011920929
H 0.29100000858306885 1.3910000324249268 -0.2709999978542328
H -0.34228017926216125 -1.5051372051239014 0.44314077496528625
H 0.02227897010743618 -0.1867859959602356 1.5809749364852905
H 2.2793617248535156 0.04942520707845688 0.5834627151489258
H 3.207615613937378 -2.1032843589782715 1.3890564441680908
H 1.9436306953430176 -1.5003657341003418 2.4886250495910645
H 1.579922080039978 -2.819214105606079 1.350962519645691
H 1.4321112632751465 -2.3509409427642822 -1.09827721118927
H 1.6918060779571533 -0.6985195875167847 -1.70630943775177
H 3.0611066818237305 -1.6346508264541626 -1.0597647428512573
H 1.6299999952316284 -0.06400000303983688 -3.2260000705718994
