N -1.6610000133514404 0.6269999742507935 -0.4059999883174896
C -0.20499999821186066 0.4410000145435333 -0.46700000762939453
C 0.18000000715255737 -0.054999999701976776 -1.8359999656677246
O -0.5910000205039978 -0.7310000061988831 -2.4739999771118164
C 0.22099988162517548 -0.5829997062683105 0.5849997401237488
C 0.7134953737258911 -1.8543651103973389 -0.10987824946641922
C 1.1402510404586792 -2.8792243003845215 0.9429524540901184
C -0.412047803401947 -2.437854290008545 -0.9637366533279419
O 1.3819999694824219 0.2540000081062317 -2.3480000495910645
H -2.0769999027252197 -0.2720000147819519 -0.5920000076293945
H -1.8839999437332153 0.8579999804496765 0.550000011920929
H 0.29100000858306885 1.3910000324249268 -0.2709999978542328
H -0.6295810341835022 -0.8242844343185425 1.222212314605713
H 1.0236761569976807 -0.16733118891716003 1.194403052330017
H 1.5650107860565186 -1.6128860712051392 -0.7453333735466003
H 1.4903961420059204 -3.784184455871582 0.44827064871788025
H 1.942638874053955 -2.462599277496338 1.5524035692214966
H 0.2896701991558075 -3.120508909225464 1.580165147781372
H -1.2626286745071411 -2.6791388988494873 -0.32652410864830017
H -0.7154924869537354 -1.7077319622039795 -1.7138421535491943
H -0.06077856570482254 -3.3434948921203613 -1.458941102027893
H 1.6299999952316284 -0.06400000303983688 -3.2260000705718994
