N -1.6610000133514404 0.6269999742507935 -0.4059999883174896
C -0.20499999821186066 0.4410000145435333 -0.46700000762939453
C 0.18000000715255737 -0.054999999701976776 -1.8359999656677246
O -0.5910000205039978 -0.7310000061988831 -2.4739999771118164
C 0.22099989652633667 -0.5829997658729553 0.5849997997283936
C 0.01974010281264782 -1.9960527420043945 0.03313666582107544
C 0.44643160700798035 -3.0210580825805664 1.0858510732650757
C -1.4544930458068848 -2.2033474445343018 -0.31334060430526733
O 1.3819999694824219 0.2540000081062317 -2.3480000495910645
H -2.0769999027252197 -0.2720000147819519 -0.5920000076293945
H -1.8839999437332153 0.8579999804496765 0.550000011920929
H 0.29100000858306885 1.3910000324249268 -0.2709999978542328
H -0.3838079273700714 -0.45464956760406494 1.4824849367141724
H 1.272371768951416 -0.4355449676513672 0.8326205611228943
H 0.626047670841217 -2.124419927597046 -0.8630256056785583
H 0.302785187959671 -4.026729106903076 0.693096399307251
H 1.4978618621826172 -2.8726062774658203 1.3334187269210815
H -0.158376082777977 -2.8927078247070312 1.983336329460144
H -2.0593008995056152 -2.0749971866607666 0.5841445326805115
H -1.7579786777496338 -1.4733328819274902 -1.0635343790054321
H -1.5975388288497925 -3.2100937366485596 -0.7067902684211731
H 1.6299999952316284 -0.06400000303983688 -3.2260000705718994
