N -1.6610000133514404 0.6269999742507935 -0.4059999883174896
C -0.20499999821186066 0.4410000145435333 -0.46700000762939453
C 0.18000000715255737 -0.054999999701976776 -1.8359999656677246
O -0.5910000205039978 -0.7310000061988831 -2.4739999771118164
C 0.22099989652633667 -0.5829997062683105 0.5849997401237488
C 1.2838678359985352 -1.5112959146499634 -0.0069083948619663715
C 1.710598111152649 -2.53602933883667 1.046054720878601
C 0.7074712514877319 -2.2375500202178955 -1.2221050262451172
O 1.3819999694824219 0.2540000081062317 -2.3480000495910645
H -2.0769999027252197 -0.2720000147819519 -0.5920000076293945
H -1.8839999437332153 0.8579999804496765 0.550000011920929
H 0.29100000858306885 1.3910000324249268 -0.2709999978542328
H -0.6442456841468811 -1.1708650588989258 0.8907946944236755
H 0.6320671439170837 -0.06557667255401611 1.4520286321640015
H 2.1493916511535645 -0.9232856631278992 -0.31072813272476196
H 2.4667959213256836 -3.196901559829712 0.6245362758636475
H 2.1210741996765137 -2.0178000926971436 1.9131078720092773
H 0.8453525900840759 -3.123894691467285 1.3518497943878174
H -0.15777426958084106 -2.8254151344299316 -0.9163101315498352
H 0.40400201082229614 -1.5073374509811401 -1.972112774848938
H 1.4650546312332153 -2.8986411094665527 -1.6438027620315552
H 1.6299999952316284 -0.06400000303983688 -3.2260000705718994
