N -1.6610000133514404 0.6269999742507935 -0.4059999883174896
C -0.20499999821186066 0.4410000145435333 -0.46700000762939453
C 0.18000000715255737 -0.054999999701976776 -1.8359999656677246
O -0.5910000205039978 -0.7310000061988831 -2.4739999771118164
C 0.22099994122982025 -0.5829998850822449 0.5849999189376831
C -0.9640665054321289 -1.4897853136062622 0.9243152737617493
C -0.537709653377533 -2.514981508255005 1.9769796133041382
C -2.1135621070861816 -0.6438555121421814 1.4715296030044556
O 1.3819999694824219 0.2540000081062317 -2.3480000495910645
H -2.0769999027252197 -0.2720000147819519 -0.5920000076293945
H -1.8839999437332153 0.8579999804496765 0.550000011920929
H 0.29100000858306885 1.3910000324249268 -0.2709999978542328
H 0.5496194958686829 -0.0636991634964943 1.4850454330444336
H 1.0409406423568726 -1.186558485031128 0.1953127682209015
H -1.290982961654663 -2.010098695755005 0.02454119734466076
H -1.3813443183898926 -3.160062551498413 2.218672752380371
H 0.28272566199302673 -3.1178500652313232 1.5867637395858765
H -0.20909000933170319 -1.9956809282302856 2.8770251274108887
H -1.7849425077438354 -0.12455478310585022 2.371575117111206
H -2.417287826538086 0.08601174503564835 0.7212895154953003
H -2.9578654766082764 -1.2901437282562256 1.7129135131835938
H 1.6299999952316284 -0.06400000303983688 -3.2260000705718994
