N -1.6610000133514404 0.6269999742507935 -0.4059999883174896
C -0.20499999821186066 0.4410000145435333 -0.46700000762939453
C 0.18000000715255737 -0.054999999701976776 -1.8359999656677246
O -0.5910000205039978 -0.7310000061988831 -2.4739999771118164
C 0.22099995613098145 -0.5829999446868896 0.5849999189376831
C -1.0063644647598267 -1.3576266765594482 1.070084571838379
C -0.5800600051879883 -2.382828712463379 2.1227645874023438
C -2.0140202045440674 -0.3852824866771698 1.68291175365448
O 1.3819999694824219 0.2540000081062317 -2.3480000495910645
H -2.0769999027252197 -0.2720000147819519 -0.5920000076293945
H -1.8839999437332153 0.8579999804496765 0.550000011920929
H 0.29100000858306885 1.3910000324249268 -0.2709999978542328
H 0.6810534596443176 -0.06768681108951569 1.4279406070709229
H 0.9398125410079956 -1.276707649230957 0.14851416647434235
H -1.464799404144287 -1.8741039037704468 0.22730210423469543
H -1.453750729560852 -2.9338252544403076 2.4682092666625977
H 0.13925734162330627 -3.0759165287017822 1.6856780052185059
H -0.12000637501478195 -1.8675155639648438 2.965705394744873
H -1.553966760635376 0.13003060221672058 2.5258524417877197
H -2.3177847862243652 0.3445792496204376 0.9326819181442261
H -2.888516426086426 -0.9374251365661621 2.0281617641448975
H 1.6299999952316284 -0.06400000303983688 -3.2260000705718994
