N -1.6610000133514404 0.6269999742507935 -0.4059999883174896
C -0.20499999821186066 0.4410000145435333 -0.46700000762939453
C 0.18000000715255737 -0.054999999701976776 -1.8359999656677246
O -0.5910000205039978 -0.7310000061988831 -2.4739999771118164
C 0.22100000083446503 -0.5830000042915344 0.5850000381469727
C -0.010197319090366364 -0.005272218491882086 1.983054280281067
C 0.41580331325531006 -1.0302375555038452 3.036087989807129
C 0.8137210607528687 1.2712730169296265 2.1503026485443115
O 1.3819999694824219 0.2540000081062317 -2.3480000495910645
H -2.0769999027252197 -0.2720000147819519 -0.5920000076293945
H -1.8839999437332153 0.8579999804496765 0.550000011920929
H 0.29100000858306885 1.3910000324249268 -0.2709999978542328
H 1.2783726453781128 -0.8148842453956604 0.45875072479248047
H -0.3662245273590088 -1.4937554597854614 0.4661141037940979
H -1.0677348375320435 0.2246202826499939 2.1093783378601074
H 0.2515600919723511 -0.6187893152236938 4.0310750007629395
H -0.17150428891181946 -1.941023588180542 2.916205883026123
H 1.4731758832931519 -1.2621217966079712 2.9098386764526367
H 1.8710936307907104 1.0393887758255005 2.0240533351898193
H 0.5097199082374573 2.001298189163208 1.4003275632858276
H 0.648567795753479 1.6828370094299316 3.1463661193847656
H 1.6299999952316284 -0.06400000303983688 -3.2260000705718994
