N -1.6610000133514404 0.6269999742507935 -0.4059999883174896
C -0.20499999821186066 0.4410000145435333 -0.46700000762939453
C 0.18000000715255737 -0.054999999701976776 -1.8359999656677246
O -0.5910000205039978 -0.7310000061988831 -2.4739999771118164
C 0.22099998593330383 -0.5829999446868896 0.5849999785423279
C 1.1251341104507446 0.09248166531324387 1.6184617280960083
C 1.5512858629226685 -0.9322474002838135 2.671663999557495
C 2.3643219470977783 0.6548150181770325 0.9223472476005554
O 1.3819999694824219 0.2540000081062317 -2.3480000495910645
H -2.0769999027252197 -0.2720000147819519 -0.5920000076293945
H -1.8839999437332153 0.8579999804496765 0.550000011920929
H 0.29100000858306885 1.3910000324249268 -0.2709999978542328
H 0.765239417552948 -1.3945263624191284 0.10232583433389664
H -0.6624408960342407 -0.9845276474952698 1.081738829612732
H 0.5799182653427124 0.9024940729141235 2.102004289627075
H 2.1950855255126953 -0.4514562487602234 3.40693736076355
H 0.6672050356864929 -1.3338030576705933 3.167634963989258
H 2.0955252647399902 -1.7437738180160522 2.1889898777008057
H 2.9085614681243896 -0.1567113697528839 0.43967312574386597
H 2.060422420501709 1.3850153684616089 0.17250165343284607
H 3.0081679821014404 1.1362868547439575 1.6588592529296875
H 1.6299999952316284 -0.06400000303983688 -3.2260000705718994
