N -1.6610000133514404 0.6269999742507935 -0.4059999883174896
C -0.20499999821186066 0.4410000145435333 -0.46700000762939453
C 0.18000000715255737 -0.054999999701976776 -1.8359999656677246
O -0.5910000205039978 -0.7310000061988831 -2.4739999771118164
C 0.22099998593330383 -0.5830000042915344 0.5850000381469727
C -0.7665387988090515 -0.555577278137207 1.7536712884902954
C -0.34047165513038635 -1.5807111263275146 2.806513786315918
C -0.7813016772270203 0.8401833772659302 2.376579999923706
O 1.3819999694824219 0.2540000081062317 -2.3480000495910645
H -2.0769999027252197 -0.2720000147819519 -0.5920000076293945
H -1.8839999437332153 0.8579999804496765 0.550000011920929
H 0.29100000858306885 1.3910000324249268 -0.2709999978542328
H 1.2189337015151978 -0.33733370900154114 0.9476600885391235
H 0.23184563219547272 -1.5786958932876587 0.14125008881092072
H -1.7636864185333252 -0.803075909614563 1.3908560276031494
H -1.04319429397583 -1.560829758644104 3.6384096145629883
H -0.3293001353740692 -2.5761895179748535 2.3618438243865967
H 0.6574621200561523 -1.3350449800491333 3.1691739559173584
H 0.21663200855255127 1.085849642753601 2.7392401695251465
H -1.0852457284927368 1.5700880289077759 1.6264647245407104
H -1.4852100610733032 0.8595108389854431 3.2090117931365967
H 1.6299999952316284 -0.06400000303983688 -3.2260000705718994
