N -1.6610000133514404 0.6269999742507935 -0.4059999883174896
C -0.20499999821186066 0.4410000145435333 -0.46700000762939453
C 0.18000000715255737 -0.054999999701976776 -1.8359999656677246
O -0.5910000205039978 -0.7310000061988831 -2.4739999771118164
C 0.22099994122982025 -0.5829998254776001 0.5849998593330383
C 1.7291615009307861 -0.47553959488868713 0.8209620118141174
C 2.1556074619293213 -1.500157356262207 1.8741532564163208
C 2.471043825149536 -0.748873233795166 -0.48719698190689087
O 1.3819999694824219 0.2540000081062317 -2.3480000495910645
H -2.0769999027252197 -0.2720000147819519 -0.5920000076293945
H -1.8839999437332153 0.8579999804496765 0.550000011920929
H 0.29100000858306885 1.3910000324249268 -0.2709999978542328
H -0.02056989073753357 -1.5861074924468994 0.2340513914823532
H -0.30792534351348877 -0.3886275291442871 1.5182197093963623
H 1.969847559928894 0.5269185900688171 1.1735827922821045
H 3.2290868759155273 -1.423833966255188 2.0417282581329346
H 1.6257944107055664 -1.3054919242858887 2.8070180416107178
H 1.9140374660491943 -2.503265142440796 1.5232049226760864
H 2.2294740676879883 -1.7519809007644653 -0.8381454348564148
H 2.167357921600342 -0.018584396690130234 -1.237042784690857
H 3.5455408096313477 -0.671943724155426 -0.3188491463661194
H 1.6299999952316284 -0.06400000303983688 -3.2260000705718994
