N -1.6610000133514404 0.6269999742507935 -0.4059999883174896
C -0.20499999821186066 0.4410000145435333 -0.46700000762939453
C 0.18000000715255737 -0.054999999701976776 -1.8359999656677246
O -0.5910000205039978 -0.7310000061988831 -2.4739999771118164
C 0.22099997103214264 -0.5829999446868896 0.5849999785423279
C -1.0197094678878784 -1.144454002380371 1.2829875946044922
C -0.59348064661026 -2.1696536540985107 2.335700511932373
C -1.7839767932891846 -0.006200270261615515 1.9587498903274536
O 1.3819999694824219 0.2540000081062317 -2.3480000495910645
H -2.0769999027252197 -0.2720000147819519 -0.5920000076293945
H -1.8839999437332153 0.8579999804496765 0.550000011920929
H 0.29100000858306885 1.3910000324249268 -0.2709999978542328
H 0.8643443584442139 -0.10124856233596802 1.3210499286651611
H 0.7662761211395264 -1.3950260877609253 0.10361730307340622
H -1.6616071462631226 -1.6275861263275146 0.5469545125961304
H -1.476593017578125 -2.5689032077789307 2.8326685428619385
H -0.04770999401807785 -2.981170654296875 1.8536133766174316
H 0.049863845109939575 -1.6879024505615234 3.0717504024505615
H -1.1406323909759521 0.4755510985851288 2.6947996616363525
H -2.0877976417541504 0.7236610651016235 1.2085423469543457
H -2.6680655479431152 -0.40647265315055847 2.4557125568389893
H 1.6299999952316284 -0.06400000303983688 -3.2260000705718994
