N -1.6610000133514404 0.6269999742507935 -0.4059999883174896
C -0.20499999821186066 0.4410000145435333 -0.46700000762939453
C 0.18000000715255737 -0.054999999701976776 -1.8359999656677246
O -0.5910000205039978 -0.7310000061988831 -2.4739999771118164
C 0.22099992632865906 -0.5829998254776001 0.5849998593330383
C -0.7900696396827698 -1.7312021255493164 0.6188650131225586
C -0.3636012375354767 -2.7563681602478027 1.6715134382247925
C -2.17293381690979 -1.1831684112548828 0.9706130623817444
O 1.3819999694824219 0.2540000081062317 -2.3480000495910645
H -2.0769999027252197 -0.2720000147819519 -0.5920000076293945
H -1.8839999437332153 0.8579999804496765 0.550000011920929
H 0.29100000858306885 1.3910000324249268 -0.2709999978542328
H 0.25891873240470886 -0.10423140972852707 1.5633090734481812
H 1.2073148488998413 -0.9741294980049133 0.3347155749797821
H -0.8261928558349609 -2.2106575965881348 -0.3588933050632477
H -1.0834895372390747 -3.573336124420166 1.6957846879959106
H 0.6231430172920227 -3.1466753482818604 1.42085599899292
H -0.32568231225013733 -2.277599811553955 2.64982271194458
H -2.1350150108337402 -0.7044000029563904 1.9489221572875977
H -2.4765779972076416 -0.45327627658843994 0.22036422789096832
H -2.893152952194214 -2.0014119148254395 0.9943714141845703
H 1.6299999952316284 -0.06400000303983688 -3.2260000705718994
