N -1.6610000133514404 0.6269999742507935 -0.4059999883174896
C -0.20499999821186066 0.4410000145435333 -0.46700000762939453
C 0.18000000715255737 -0.054999999701976776 -1.8359999656677246
O -0.5910000205039978 -0.7310000061988831 -2.4739999771118164
C 0.22099988162517548 -0.5829997062683105 0.5849997401237488
C 0.8742417097091675 -1.7825335264205933 -0.10505165159702301
C 1.3009986877441406 -2.8073577880859375 0.9478123784065247
C -0.1253286749124527 -2.4245243072509766 -1.0668665170669556
O 1.3819999694824219 0.2540000081062317 -2.3480000495910645
H -2.0769999027252197 -0.2720000147819519 -0.5920000076293945
H -1.8839999437332153 0.8579999804496765 0.550000011920929
H 0.29100000858306885 1.3910000324249268 -0.2709999978542328
H -0.6542704105377197 -0.9172779321670532 1.1416916847229004
H 0.9338387846946716 -0.12562693655490875 1.271376371383667
H 1.7502825260162354 -1.4480504989624023 -0.6599094867706299
H 1.7655715942382812 -3.661220073699951 0.45653197169303894
H 2.0134658813476562 -2.349058151245117 1.6342417001724243
H 0.4257284998893738 -3.1416361331939697 1.5045044422149658
H -1.0005989074707031 -2.758802652359009 -0.510174572467804
H -0.4287738800048828 -1.6943769454956055 -1.8169472217559814
H 0.34046047925949097 -3.27895188331604 -1.5585949420928955
H 1.6299999952316284 -0.06400000303983688 -3.2260000705718994
