N -1.6610000133514404 0.6269999742507935 -0.4059999883174896
C -0.20499999821186066 0.4410000145435333 -0.46700000762939453
C 0.18000000715255737 -0.054999999701976776 -1.8359999656677246
O -0.5910000205039978 -0.7310000061988831 -2.4739999771118164
C 0.22100000083446503 -0.5830000042915344 0.5850000381469727
C 0.4927128851413727 0.13027507066726685 1.9113439321517944
C 0.9187487363815308 -0.8945834040641785 2.9644672870635986
C 1.6074378490447998 1.1582461595535278 1.7188740968704224
O 1.3819999694824219 0.2540000081062317 -2.3480000495910645
H -2.0769999027252197 -0.2720000147819519 -0.5920000076293945
H -1.8839999437332153 0.8579999804496765 0.550000011920929
H 0.29100000858306885 1.3910000324249268 -0.2709999978542328
H 1.127367377281189 -1.089022159576416 0.25305765867233276
H -0.5736277103424072 -1.316535234451294 0.7226038575172424
H -0.41425684094429016 0.6344263553619385 2.2436559200286865
H 1.1124716997146606 -0.38675472140312195 3.908313751220703
H 0.12378400564193726 -1.6281956434249878 3.10113263130188
H 1.8251160383224487 -1.4006056785583496 2.6325249671936035
H 2.5138051509857178 0.6522240042686462 1.3869317770004272
H 1.3034580945968628 1.8883496522903442 0.9689666032791138
H 1.8006057739257812 1.666496753692627 2.6639509201049805
H 1.6299999952316284 -0.06400000303983688 -3.2260000705718994
