N -1.6610000133514404 0.6269999742507935 -0.4059999883174896
C -0.20499999821186066 0.4410000145435333 -0.46700000762939453
C 0.18000000715255737 -0.054999999701976776 -1.8359999656677246
O -0.5910000205039978 -0.7310000061988831 -2.4739999771118164
C 0.22100000083446503 -0.5830000042915344 0.5850000381469727
C 0.5407727956771851 0.1360059529542923 1.897460699081421
C 0.9668144583702087 -0.8888425230979919 2.950591564178467
C 1.6749217510223389 1.1349142789840698 1.6688361167907715
O 1.3819999694824219 0.2540000081062317 -2.3480000495910645
H -2.0769999027252197 -0.2720000147819519 -0.5920000076293945
H -1.8839999437332153 0.8579999804496765 0.550000011920929
H 0.29100000858306885 1.3910000324249268 -0.2709999978542328
H 1.1069632768630981 -1.1138591766357422 0.23714421689510345
H -0.5874825119972229 -1.2958139181137085 0.7483840584754944
H -0.34582850337028503 0.6650128960609436 2.2457187175750732
H 1.1947433948516846 -0.3769446015357971 3.884547472000122
H 0.15797127783298492 -1.6017340421676636 3.1130459308624268
H 1.8527776002883911 -1.4197018146514893 2.602735757827759
H 2.560884952545166 0.6040551066398621 1.3209803104400635
H 1.3709458112716675 1.8650251626968384 0.9189342856407166
H 1.9023349285125732 1.647258996963501 2.6040308475494385
H 1.6299999952316284 -0.06400000303983688 -3.2260000705718994
