N -1.6610000133514404 0.6269999742507935 -0.4059999883174896
C -0.20499999821186066 0.4410000145435333 -0.46700000762939453
C 0.18000000715255737 -0.054999999701976776 -1.8359999656677246
O -0.5910000205039978 -0.7310000061988831 -2.4739999771118164
C 0.22100000083446503 -0.5830000042915344 0.5850000381469727
C -0.6101539134979248 -0.38662290573120117 1.8548017740249634
C -0.1841195523738861 -1.411720633506775 2.9076929092407227
C -0.3875975012779236 1.0250353813171387 2.3970844745635986
O 1.3819999694824219 0.2540000081062317 -2.3480000495910645
H -2.0769999027252197 -0.2720000147819519 -0.5920000076293945
H -1.8839999437332153 0.8579999804496765 0.550000011920929
H 0.29100000858306885 1.3910000324249268 -0.2709999978542328
H 1.2768536806106567 -0.44646772742271423 0.8179765343666077
H 0.06261777132749557 -1.5900498628616333 0.19872598350048065
H -1.6654647588729858 -0.52507483959198 1.6216837167739868
H -0.7754838466644287 -1.2716045379638672 3.8115296363830566
H -0.3422647714614868 -2.418632745742798 2.5204570293426514
H 0.871734082698822 -1.2751884460449219 3.140669345855713
H 0.6682561039924622 1.1615676879882812 2.630060911178589
H -0.6915675401687622 1.7549654245376587 1.6470041275024414
H -0.9801316261291504 1.1647695302963257 3.3016178607940674
H 1.6299999952316284 -0.06400000303983688 -3.2260000705718994
