N -1.6610000133514404 0.6269999742507935 -0.4059999883174896
C -0.20499999821186066 0.4410000145435333 -0.46700000762939453
C 0.18000000715255737 -0.054999999701976776 -1.8359999656677246
O -0.5910000205039978 -0.7310000061988831 -2.4739999771118164
C 0.22099988162517548 -0.5829997062683105 0.5849997401237488
C 1.0484904050827026 -1.6848598718643188 -0.08053836971521378
C 1.475242257118225 -2.709645986557007 0.9723649621009827
C 0.20842045545578003 -2.3757083415985107 -1.1544991731643677
O 1.3819999694824219 0.2540000081062317 -2.3480000495910645
H -2.0769999027252197 -0.2720000147819519 -0.5920000076293945
H -1.8839999437332153 0.8579999804496765 0.550000011920929
H 0.29100000858306885 1.3910000324249268 -0.2709999978542328
H -0.6646507382392883 -1.0218143463134766 1.0441410541534424
H 0.8200944066047668 -0.09080184251070023 1.3513344526290894
H 1.9347171783447266 -1.2458484172821045 -0.5377746224403381
H 2.063861608505249 -3.4940173625946045 0.4984939694404602
H 2.0738730430603027 -2.2165634632110596 1.7387486696243286
H 0.5895916819572449 -3.148460626602173 1.4315062761306763
H -0.6772301197052002 -2.8145229816436768 -0.6953578591346741
H -0.09503040462732315 -1.6455333232879639 -1.9045506715774536
H 0.7983413338661194 -3.160508394241333 -1.6287195682525635
H 1.6299999952316284 -0.06400000303983688 -3.2260000705718994
