N -1.6610000133514404 0.6269999742507935 -0.4059999883174896
C -0.20499999821186066 0.4410000145435333 -0.46700000762939453
C 0.18000000715255737 -0.054999999701976776 -1.8359999656677246
O -0.5910000205039978 -0.7310000061988831 -2.4739999771118164
C 0.22100000083446503 -0.5830000042915344 0.5850000381469727
C 0.03658990189433098 0.01331732701510191 1.9822028875350952
C 0.4625917673110962 -1.0116379261016846 3.035245895385742
C 0.8944891095161438 1.2711312770843506 2.1174583435058594
O 1.3819999694824219 0.2540000081062317 -2.3480000495910645
H -2.0769999027252197 -0.2720000147819519 -0.5920000076293945
H -1.8839999437332153 0.8579999804496765 0.550000011920929
H 0.29100000858306885 1.3910000324249268 -0.2709999978542328
H 1.269269347190857 -0.8415144681930542 0.43651553988456726
H -0.3904583156108856 -1.4804019927978516 0.48892542719841003
H -1.0118900537490845 0.2698454260826111 2.1307859420776367
H 0.33165332674980164 -0.5869669318199158 4.0296173095703125
H -0.1489737629890442 -1.9090778827667236 2.9381778240203857
H 1.5108610391616821 -1.2701524496078491 2.886761426925659
H 1.9427584409713745 1.0126168727874756 1.9689737558364868
H 0.5904884338378906 2.0011637210845947 1.3674901723861694
H 0.7626692056655884 1.6959502696990967 3.1129257678985596
H 1.6299999952316284 -0.06400000303983688 -3.2260000705718994
