N -1.6610000133514404 0.6269999742507935 -0.4059999883174896
C -0.20499999821186066 0.4410000145435333 -0.46700000762939453
C 0.18000000715255737 -0.054999999701976776 -1.8359999656677246
O -0.5910000205039978 -0.7310000061988831 -2.4739999771118164
C 0.22100000083446503 -0.5830000042915344 0.5850000381469727
C 0.2753414809703827 0.08871160447597504 1.9589097499847412
C 0.7013562321662903 -0.9361926317214966 3.0119969844818115
C 1.2840921878814697 1.236634612083435 1.9261127710342407
O 1.3819999694824219 0.2540000081062317 -2.3480000495910645
H -2.0769999027252197 -0.2720000147819519 -0.5920000076293945
H -1.8839999437332153 0.8579999804496765 0.550000011920929
H 0.29100000858306885 1.3910000324249268 -0.2709999978542328
H 1.2067158222198486 -0.9737393856048584 0.3331405520439148
H -0.49804311990737915 -1.4020572900772095 0.6087506413459778
H -0.7108019590377808 0.47751107811927795 2.211000919342041
H 0.7403625845909119 -0.4579041004180908 3.989741086959839
H -0.01791549101471901 -1.7553156614303589 3.034776210784912
H 1.6870719194412231 -1.3269320726394653 2.7601375579833984
H 2.269808053970337 0.8458953499794006 1.6742533445358276
H 0.9800987839698792 1.9667043685913086 1.176177978515625
H 1.3223774433135986 1.7152231931686401 2.9050357341766357
H 1.6299999952316284 -0.06400000303983688 -3.2260000705718994
