N -1.6610000133514404 0.6269999742507935 -0.4059999883174896
C -0.20499999821186066 0.4410000145435333 -0.46700000762939453
C 0.18000000715255737 -0.054999999701976776 -1.8359999656677246
O -0.5910000205039978 -0.7310000061988831 -2.4739999771118164
C 0.22099998593330383 -0.5829999446868896 0.5849999785423279
C 1.0635294914245605 0.10857850313186646 1.6590765714645386
C 1.4896657466888428 -0.91616290807724 2.712273120880127
C 2.3049752712249756 0.7253944873809814 1.015080213546753
O 1.3819999694824219 0.2540000081062317 -2.3480000495910645
H -2.0769999027252197 -0.2720000147819519 -0.5920000076293945
H -1.8839999437332153 0.8579999804496765 0.550000011920929
H 0.29100000858306885 1.3910000324249268 -0.2709999978542328
H 0.8107829093933105 -1.3671058416366577 0.11057399958372116
H -0.6640439629554749 -1.0233759880065918 1.0445736646652222
H 0.47279611229896545 0.8911234140396118 2.134314775466919
H 2.089627504348755 -0.4239002466201782 3.4764645099639893
H 0.6040103435516357 -1.35657799243927 3.1710565090179443
H 2.0794484615325928 -1.7002688646316528 2.237847328186035
H 2.8947582244873047 -0.05871133878827095 0.5406543016433716
H 2.0010647773742676 1.4555854797363281 0.2652300298213959
H 2.9049155712127686 1.2183201313018799 1.7805204391479492
H 1.6299999952316284 -0.06400000303983688 -3.2260000705718994
