N -1.6610000133514404 0.6269999742507935 -0.4059999883174896
C -0.20499999821186066 0.4410000145435333 -0.46700000762939453
C 0.18000000715255737 -0.054999999701976776 -1.8359999656677246
O -0.5910000205039978 -0.7310000061988831 -2.4739999771118164
C 0.22099992632865906 -0.5829998254776001 0.5849998593330383
C 1.7364267110824585 -0.5097408890724182 0.78472900390625
C 2.1628856658935547 -1.5343579053878784 1.8379156589508057
C 2.4406232833862305 -0.8132407069206238 -0.53753262758255
O 1.3819999694824219 0.2540000081062317 -2.3480000495910645
H -2.0769999027252197 -0.2720000147819519 -0.5920000076293945
H -1.8839999437332153 0.8579999804496765 0.550000011920929
H 0.29100000858306885 1.3910000324249268 -0.2709999978542328
H -0.052657827734947205 -1.5832560062408447 0.24982084333896637
H -0.28105583786964417 -0.36711499094963074 1.5282789468765259
H 2.0092251300811768 0.48990312218666077 1.1216069459915161
H 3.241523504257202 -1.482381820678711 1.9797024726867676
H 1.65994131565094 -1.318161964416504 2.780857563018799
H 1.8892278671264648 -2.534614086151123 1.5027368068695068
H 2.1669654846191406 -1.8134968280792236 -0.8727116584777832
H 2.1369469165802 -0.08295098692178726 -1.2873814105987549
H 3.520310878753662 -0.7606759071350098 -0.39500293135643005
H 1.6299999952316284 -0.06400000303983688 -3.2260000705718994
