N -1.6610000133514404 0.6269999742507935 -0.4059999883174896
C -0.20499999821186066 0.4410000145435333 -0.46700000762939453
C 0.18000000715255737 -0.054999999701976776 -1.8359999656677246
O -0.5910000205039978 -0.7310000061988831 -2.4739999771118164
C 0.22099991142749786 -0.5829997658729553 0.5849997997283936
C 1.662182331085205 -1.0218422412872314 0.31632229685783386
C 2.088805675506592 -2.0464863777160645 1.3694157600402832
C 1.7534106969833374 -1.6503041982650757 -1.0740351676940918
O 1.3819999694824219 0.2540000081062317 -2.3480000495910645
H -2.0769999027252197 -0.2720000147819519 -0.5920000076293945
H -1.8839999437332153 0.8579999804496765 0.550000011920929
H 0.29100000858306885 1.3910000324249268 -0.2709999978542328
H -0.437359094619751 -1.450082540512085 0.5352316498756409
H 0.15600349009037018 -0.1353575438261032 1.5768837928771973
H 2.320162773132324 -0.1549050658941269 0.3680487871170044
H 3.114421844482422 -2.359027624130249 1.1778581142425537
H 2.022996664047241 -1.598272681236267 2.361185312271118
H 1.4304466247558594 -2.913569211959839 1.3196477890014648
H 1.095051646232605 -2.5173869132995605 -1.1238032579421997
H 1.4498577117919922 -0.920029878616333 -1.8239487409591675
H 2.780390739440918 -1.9625996351242065 -1.2653110027313232
H 1.6299999952316284 -0.06400000303983688 -3.2260000705718994
