N -1.6610000133514404 0.6269999742507935 -0.4059999883174896
C -0.20499999821186066 0.4410000145435333 -0.46700000762939453
C 0.18000000715255737 -0.054999999701976776 -1.8359999656677246
O -0.5910000205039978 -0.7310000061988831 -2.4739999771118164
C 0.22100000083446503 -0.5830000042915344 0.5850000381469727
C 0.5886164903640747 0.14044404029846191 1.8824067115783691
C 1.0146644115447998 -0.8843944668769836 2.935544490814209
C 1.7406344413757324 1.1094892024993896 1.6174777746200562
O 1.3819999694824219 0.2540000081062317 -2.3480000495910645
H -2.0769999027252197 -0.2720000147819519 -0.5920000076293945
H -1.8839999437332153 0.8579999804496765 0.550000011920929
H 0.29100000858306885 1.3910000324249268 -0.2709999978542328
H 1.0856029987335205 -1.1383458375930786 0.22195903956890106
H -0.600228488445282 -1.2745217084884644 0.7742709517478943
H -0.2766590118408203 0.6939573884010315 2.245882987976074
H 1.2766450643539429 -0.36934754252433777 3.858776807785034
H 0.1930517703294754 -1.5759938955307007 3.1238954067230225
H 1.8792673349380493 -1.4397403001785278 2.5725035667419434
H 2.6052372455596924 0.5541433691978455 1.2544368505477905
H 1.4366626739501953 1.8396074771881104 0.8675814867019653
H 2.0021393299102783 1.6250067949295044 2.5419557094573975
H 1.6299999952316284 -0.06400000303983688 -3.2260000705718994
