N -1.6610000133514404 0.6269999742507935 -0.4059999883174896
C -0.20499999821186066 0.4410000145435333 -0.46700000762939453
C 0.18000000715255737 -0.054999999701976776 -1.8359999656677246
O -0.5910000205039978 -0.7310000061988831 -2.4739999771118164
C 0.22099997103214264 -0.5829999446868896 0.5849999785423279
C -0.9846020340919495 -0.959075927734375 1.4492151737213135
C -0.5584313869476318 -1.9842641353607178 2.501962900161743
C -1.5247881412506104 0.2911134660243988 2.1431937217712402
O 1.3819999694824219 0.2540000081062317 -2.3480000495910645
H -2.0769999027252197 -0.2720000147819519 -0.5920000076293945
H -1.8839999437332153 0.8579999804496765 0.550000011920929
H 0.29100000858306885 1.3910000324249268 -0.2709999978542328
H 0.9992977976799011 -0.15352565050125122 1.2155158519744873
H 0.6065006256103516 -1.4748576879501343 0.09061054140329361
H -1.7616324424743652 -1.3900957107543945 0.8186285495758057
H -1.416491985321045 -2.2515618801116943 3.1172261238098145
H -0.17246773838996887 -2.875706434249878 2.0067903995513916
H 0.21986649930477142 -1.5547899007797241 3.132478713989258
H -0.7464903593063354 0.7205877900123596 2.773709535598755
H -1.8286527395248413 1.0209815502166748 1.3930106163024902
H -2.3839313983917236 0.022920522838830948 2.7586188316345215
H 1.6299999952316284 -0.06400000303983688 -3.2260000705718994
