N -1.6610000133514404 0.6269999742507935 -0.4059999883174896
C -0.20499999821186066 0.4410000145435333 -0.46700000762939453
C 0.18000000715255737 -0.054999999701976776 -1.8359999656677246
O -0.5910000205039978 -0.7310000061988831 -2.4739999771118164
C 0.22099988162517548 -0.5829997062683105 0.5849997401237488
C 0.9188724756240845 -1.7596107721328735 -0.10081186145544052
C 1.3456288576126099 -2.7844252586364746 0.9520618915557861
C -0.04227101430296898 -2.4156551361083984 -1.0918668508529663
O 1.3819999694824219 0.2540000081062317 -2.3480000495910645
H -2.0769999027252197 -0.2720000147819519 -0.5920000076293945
H -1.8839999437332153 0.8579999804496765 0.550000011920929
H 0.29100000858306885 1.3910000324249268 -0.2709999978542328
H -0.6586615443229675 -0.9436585307121277 1.1177914142608643
H 0.9064351320266724 -0.11560922861099243 1.2922242879867554
H 1.799256443977356 -1.3987470865249634 -0.6317499876022339
H 1.8419734239578247 -3.6219797134399414 0.46378955245018005
H 2.0306689739227295 -2.316117763519287 1.659339189529419
H 0.4659675359725952 -3.1450841426849365 1.4848536252975464
H -0.9219323992729187 -2.7763137817382812 -0.5590752363204956
H -0.3457171320915222 -1.6855005025863647 -1.8419402837753296
H 0.45531314611434937 -3.2537410259246826 -1.5805637836456299
H 1.6299999952316284 -0.06400000303983688 -3.2260000705718994
