N -1.6610000133514404 0.6269999742507935 -0.4059999883174896
C -0.20499999821186066 0.4410000145435333 -0.46700000762939453
C 0.18000000715255737 -0.054999999701976776 -1.8359999656677246
O -0.5910000205039978 -0.7310000061988831 -2.4739999771118164
C 0.22099989652633667 -0.5829997658729553 0.5849997997283936
C 1.4496691226959229 -1.3467305898666382 0.08613675832748413
C 1.8763697147369385 -2.3714261054992676 1.1391489505767822
C 1.1080125570297241 -2.0668323040008545 -1.2181274890899658
O 1.3819999694824219 0.2540000081062317 -2.3480000495910645
H -2.0769999027252197 -0.2720000147819519 -0.5920000076293945
H -1.8839999437332153 0.8579999804496765 0.550000011920929
H 0.29100000858306885 1.3910000324249268 -0.2709999978542328
H -0.5948823690414429 -1.2838269472122192 0.7608500123023987
H 0.46467727422714233 -0.06998169422149658 1.51552414894104
H 2.2655839920043945 -0.645836591720581 -0.08771493285894394
H 2.7506258487701416 -2.9151899814605713 0.7838150262832642
H 2.1193628311157227 -1.857679009437561 2.069660186767578
H 1.0604875087738037 -3.072253465652466 1.3149992227554321
H 0.29213038086891174 -2.7676594257354736 -1.0422773361206055
H 0.804519534111023 -1.3365930318832397 -1.968099594116211
H 1.9836819171905518 -2.6106414794921875 -1.5734831094741821
H 1.6299999952316284 -0.06400000303983688 -3.2260000705718994
