N -1.6610000133514404 0.6269999742507935 -0.4059999883174896
C -0.20499999821186066 0.4410000145435333 -0.46700000762939453
C 0.18000000715255737 -0.054999999701976776 -1.8359999656677246
O -0.5910000205039978 -0.7310000061988831 -2.4739999771118164
C 0.22099998593330383 -0.5830000042915344 0.5849999785423279
C -0.8987583518028259 -0.7541864514350891 1.6138895750045776
C -0.47264429926872253 -1.7793521881103516 2.666682243347168
C -1.17876398563385 0.5871507525444031 2.291231632232666
O 1.3819999694824219 0.2540000081062317 -2.3480000495910645
H -2.0769999027252197 -0.2720000147819519 -0.5920000076293945
H -1.8839999437332153 0.8579999804496765 0.550000011920929
H 0.29100000858306885 1.3910000324249268 -0.2709999978542328
H 1.1238443851470947 -0.23455879092216492 1.086205244064331
H 0.42098039388656616 -1.5398695468902588 0.10245422273874283
H -1.8005636930465698 -1.104331374168396 1.1125519275665283
H -1.2695374488830566 -1.9008201360702515 3.3991243839263916
H -0.272258460521698 -2.735907793045044 2.1832778453826904
H 0.43020012974739075 -1.4309110641479492 3.1678874492645264
H -0.2759195864200592 0.9355919361114502 2.7924368381500244
H -1.4826716184616089 1.3170336484909058 1.541080355644226
H -1.9768147468566895 0.4649498462677002 3.024024248123169
H 1.6299999952316284 -0.06400000303983688 -3.2260000705718994
