N -1.6610000133514404 0.6269999742507935 -0.4059999883174896
C -0.20499999821186066 0.4410000145435333 -0.46700000762939453
C 0.18000000715255737 -0.054999999701976776 -1.8359999656677246
O -0.5910000205039978 -0.7310000061988831 -2.4739999771118164
C 0.22099989652633667 -0.5829997658729553 0.5849997997283936
C 0.04321581870317459 -1.9956228733062744 0.024048801511526108
C 0.46991100907325745 -3.020623207092285 1.0767664909362793
C -1.4242740869522095 -2.218855142593384 -0.3406725525856018
O 1.3819999694824219 0.2540000081062317 -2.3480000495910645
H -2.0769999027252197 -0.2720000147819519 -0.5920000076293945
H -1.8839999437332153 0.8579999804496765 0.550000011920929
H 0.29100000858306885 1.3910000324249268 -0.2709999978542328
H -0.39573436975479126 -0.466335266828537 1.4759398698806763
H 1.2675611972808838 -0.42418137192726135 0.8456296920776367
H 0.6614344120025635 -2.112292766571045 -0.8655509352684021
H 0.3429722487926483 -4.025993347167969 0.6775391101837158
H 1.5165191888809204 -2.860807180404663 1.3373486995697021
H -0.14682315289974213 -2.903958797454834 1.967706561088562
H -2.041008234024048 -2.1021907329559326 0.5502674579620361
H -1.727757215499878 -1.4888370037078857 -1.090863823890686
H -1.550591230392456 -3.225289821624756 -0.740592896938324
H 1.6299999952316284 -0.06400000303983688 -3.2260000705718994
