N -1.6610000133514404 0.6269999742507935 -0.4059999883174896
C -0.20499999821186066 0.4410000145435333 -0.46700000762939453
C 0.18000000715255737 -0.054999999701976776 -1.8359999656677246
O -0.5910000205039978 -0.7310000061988831 -2.4739999771118164
C 0.22099995613098145 -0.5829998850822449 0.5849999189376831
C 1.4603604078292847 -0.07176701724529266 1.3228371143341064
C 1.886623501777649 -1.096430778503418 2.3760576248168945
C 2.5984630584716797 0.1377561241388321 0.32423651218414307
O 1.3819999694824219 0.2540000081062317 -2.3480000495910645
H -2.0769999027252197 -0.2720000147819519 -0.5920000076293945
H -1.8839999437332153 0.8579999804496765 0.550000011920929
H 0.29100000858306885 1.3910000324249268 -0.2709999978542328
H 0.4540102481842041 -1.5292962789535522 0.09717285633087158
H -0.5904036164283752 -0.7329530119895935 1.2974464893341064
H 1.2262974977493286 0.8733465075492859 1.8118858337402344
H 2.7689428329467773 -0.7326294779777527 2.9008679389953613
H 1.0744305849075317 -1.2463114261627197 3.0878944396972656
H 2.119633674621582 -2.04272723197937 1.888230800628662
H 2.8314733505249023 -0.8085402250289917 -0.16359055042266846
H 2.2946434020996094 0.8680067658424377 -0.4255923628807068
H 3.481255292892456 0.5022881031036377 0.8501614332199097
H 1.6299999952316284 -0.06400000303983688 -3.2260000705718994
