N -1.6610000133514404 0.6269999742507935 -0.4059999883174896
C -0.20499999821186066 0.4410000145435333 -0.46700000762939453
C 0.18000000715255737 -0.054999999701976776 -1.8359999656677246
O -0.5910000205039978 -0.7310000061988831 -2.4739999771118164
C 0.22099995613098145 -0.5829998850822449 0.5849999189376831
C 1.6225708723068237 -0.23924818634986877 1.0941275358200073
C 2.0489180088043213 -1.2638823986053467 2.1473426818847656
C 2.609816551208496 -0.2651219666004181 -0.07251611351966858
O 1.3819999694824219 0.2540000081062317 -2.3480000495910645
H -2.0769999027252197 -0.2720000147819519 -0.5920000076293945
H -1.8839999437332153 0.8579999804496765 0.550000011920929
H 0.29100000858306885 1.3910000324249268 -0.2709999978542328
H 0.23062610626220703 -1.5779305696487427 0.14029079675674438
H -0.48285937309265137 -0.5650945901870728 1.417287826538086
H 1.6119295358657837 0.7547464966773987 1.5402833223342896
H 3.046621799468994 -1.019335150718689 2.5093491077423096
H 1.3442039489746094 -1.2458107471466064 2.9791388511657715
H 2.0585439205169678 -2.2588131427764893 1.7026338577270508
H 2.6194427013397217 -1.2600525617599487 -0.5172252058982849
H 2.306057929992676 0.4651522934436798 -0.8223466873168945
H 3.608264923095703 -0.01987307332456112 0.29046639800071716
H 1.6299999952316284 -0.06400000303983688 -3.2260000705718994
