N -1.6610000133514404 0.6269999742507935 -0.4059999883174896
C -0.20499999821186066 0.4410000145435333 -0.46700000762939453
C 0.18000000715255737 -0.054999999701976776 -1.8359999656677246
O -0.5910000205039978 -0.7310000061988831 -2.4739999771118164
C 0.22099991142749786 -0.5829997658729553 0.5849997997283936
C -0.33689120411872864 -1.9587795734405518 0.21383321285247803
C 0.08972939103841782 -2.9838573932647705 1.2665057182312012
C -1.8628215789794922 -1.8917640447616577 0.15529948472976685
O 1.3819999694824219 0.2540000081062317 -2.3480000495910645
H -2.0769999027252197 -0.2720000147819519 -0.5920000076293945
H -1.8839999437332153 0.8579999804496765 0.550000011920929
H 0.29100000858306885 1.3910000324249268 -0.2709999978542328
H -0.16639794409275055 -0.28537824749946594 1.5592124462127686
H 1.3092719316482544 -0.6311343908309937 0.6272945404052734
H 0.052203815430402756 -2.2566349506378174 -0.7593476176261902
H -0.30771592259407043 -3.9629201889038086 1.0024253129959106
H 1.1782293319702148 -3.0310311317443848 1.3086436986923218
H -0.29766833782196045 -2.6862359046936035 2.240718364715576
H -2.2502193450927734 -1.5941425561904907 1.129512071609497
H -2.1663568019866943 -1.1618040800094604 -0.5949273705482483
H -2.2600173950195312 -2.8720381259918213 -0.10946629196405411
H 1.6299999952316284 -0.06400000303983688 -3.2260000705718994
