N -1.6610000133514404 0.6269999742507935 -0.4059999883174896
C -0.20499999821186066 0.4410000145435333 -0.46700000762939453
C 0.18000000715255737 -0.054999999701976776 -1.8359999656677246
O -0.5910000205039978 -0.7310000061988831 -2.4739999771118164
C 0.22099989652633667 -0.5829997062683105 0.5849997401237488
C 1.3538477420806885 -1.4473376274108887 0.027009647339582443
C 1.7805674076080322 -2.472055435180664 1.079992651939392
C 0.8701568841934204 -2.175037145614624 -1.2271344661712646
O 1.3819999694824219 0.2540000081062317 -2.3480000495910645
H -2.0769999027252197 -0.2720000147819519 -0.5920000076293945
H -1.8839999437332153 0.8579999804496765 0.550000011920929
H 0.29100000858306885 1.3910000324249268 -0.2709999978542328
H -0.6279597282409668 -1.2175068855285645 0.8387993574142456
H 0.5659594535827637 -0.06455317884683609 1.4797947406768799
H 2.202986478805542 -0.8127132058143616 -0.22480155527591705
H 2.586592197418213 -3.087414503097534 0.6825985908508301
H 2.124896764755249 -1.9528322219848633 1.974798560142517
H 0.9316077828407288 -3.106562376022339 1.3337923288345337
H 0.02119731530547142 -2.809544324874878 -0.9733349084854126
H 0.566679060459137 -1.4448134899139404 -1.9771276712417603
H 1.67758309841156 -2.7905454635620117 -1.6246461868286133
H 1.6299999952316284 -0.06400000303983688 -3.2260000705718994
