N -1.6610000133514404 0.6269999742507935 -0.4059999883174896
C -0.20499999821186066 0.4410000145435333 -0.46700000762939453
C 0.18000000715255737 -0.054999999701976776 -1.8359999656677246
O -0.5910000205039978 -0.7310000061988831 -2.4739999771118164
C 0.22099997103214264 -0.5829999446868896 0.5849999785423279
C -1.003647804260254 -1.0336689949035645 1.3843199014663696
C -0.5774545669555664 -2.0588629245758057 2.4370529651641846
C -1.6353092193603516 0.1748851239681244 2.0748136043548584
O 1.3819999694824219 0.2540000081062317 -2.3480000495910645
H -2.0769999027252197 -0.2720000147819519 -0.5920000076293945
H -1.8839999437332153 0.8579999804496765 0.550000011920929
H 0.29100000858306885 1.3910000324249268 -0.2709999978542328
H 0.9475683569908142 -0.13005852699279785 1.2593058347702026
H 0.6717252731323242 -1.4451631307601929 0.09310244023799896
H -1.7288734912872314 -1.488092064857483 0.7099748849868774
H -1.4490965604782104 -2.3792548179626465 3.0061347484588623
H -0.1262512356042862 -2.9205729961395264 1.944402813911438
H 0.14911386370658875 -1.6059215068817139 3.111358642578125
H -0.9087408185005188 0.6278265118598938 2.749119520187378
H -1.9391567707061768 0.9047497510910034 1.324620246887207
H -2.50799560546875 -0.1464555710554123 2.6439898014068604
H 1.6299999952316284 -0.06400000303983688 -3.2260000705718994
