N -1.6610000133514404 0.6269999742507935 -0.4059999883174896
C -0.20499999821186066 0.4410000145435333 -0.46700000762939453
C 0.18000000715255737 -0.054999999701976776 -1.8359999656677246
O -0.5910000205039978 -0.7310000061988831 -2.4739999771118164
C 0.22099989652633667 -0.5829997658729553 0.5849997997283936
C 1.5463509559631348 -1.223597526550293 0.16684186458587646
C 1.973024845123291 -2.248270273208618 1.2198870182037354
C 1.3730517625808716 -1.9201418161392212 -1.1826671361923218
O 1.3819999694824219 0.2540000081062317 -2.3480000495910645
H -2.0769999027252197 -0.2720000147819519 -0.5920000076293945
H -1.8839999437332153 0.8579999804496765 0.550000011920929
H 0.29100000858306885 1.3910000324249268 -0.2709999978542328
H -0.5436245799064636 -1.3548160791397095 0.6709939241409302
H 0.3446264863014221 -0.0867920070886612 1.5477750301361084
H 2.3108417987823486 -0.4517868459224701 0.08284318447113037
H 2.916132688522339 -2.704403877258301 0.9219699501991272
H 2.0959107875823975 -1.7513924837112427 2.18261456489563
H 1.2084004878997803 -3.0200867652893066 1.3058812618255615
H 0.6084273457527161 -2.691957950592041 -1.0966730117797852
H 1.069537878036499 -1.1898868083953857 -1.9326152801513672
H 2.317568778991699 -2.3762032985687256 -1.480489730834961
H 1.6299999952316284 -0.06400000303983688 -3.2260000705718994
