N -1.6610000133514404 0.6269999742507935 -0.4059999883174896
C -0.20499999821186066 0.4410000145435333 -0.46700000762939453
C 0.18000000715255737 -0.054999999701976776 -1.8359999656677246
O -0.5910000205039978 -0.7310000061988831 -2.4739999771118164
C 0.22099988162517548 -0.5829997062683105 0.5849997401237488
C 0.7600620985031128 -1.8352123498916626 -0.11009211093187332
C 1.1868187189102173 -2.8600614070892334 0.9427480101585388
C -0.33090633153915405 -2.436866044998169 -0.9956324100494385
O 1.3819999694824219 0.2540000081062317 -2.3480000495910645
H -2.0769999027252197 -0.2720000147819519 -0.5920000076293945
H -1.8839999437332153 0.8579999804496765 0.550000011920929
H 0.29100000858306885 1.3910000324249268 -0.2709999978542328
H -0.6381030678749084 -0.8509118556976318 1.1997445821762085
H 0.9990189671516418 -0.15438178181648254 1.2169924974441528
H 1.6200535297393799 -1.567101240158081 -0.7230562567710876
H 1.5701119899749756 -3.7513978481292725 0.44790419936180115
H 1.9645253419876099 -2.430494785308838 1.5747907161712646
H 0.3277158737182617 -3.1279735565185547 1.5574928522109985
H -1.1900092363357544 -2.7047781944274902 -0.3808876574039459
H -0.6343507170677185 -1.706736445426941 -1.7457308769226074
H 0.05353894829750061 -3.328850746154785 -1.490978717803955
H 1.6299999952316284 -0.06400000303983688 -3.2260000705718994
