N -1.6610000133514404 0.6269999742507935 -0.4059999883174896
C -0.20499999821186066 0.4410000145435333 -0.46700000762939453
C 0.18000000715255737 -0.054999999701976776 -1.8359999656677246
O -0.5910000205039978 -0.7310000061988831 -2.4739999771118164
C 0.22099989652633667 -0.5829997658729553 0.5849997997283936
C -0.25179624557495117 -1.9758282899856567 0.16277967393398285
C 0.17484408617019653 -3.0008890628814697 1.2154608964920044
C -1.7748379707336426 -1.9802587032318115 0.03353186324238777
O 1.3819999694824219 0.2540000081062317 -2.3480000495910645
H -2.0769999027252197 -0.2720000147819519 -0.5920000076293945
H -1.8839999437332153 0.8579999804496765 0.550000011920929
H 0.29100000858306885 1.3910000324249268 -0.2709999978542328
H -0.22501839697360992 -0.3242313861846924 1.5451313257217407
H 1.307202935218811 -0.5801909565925598 0.6777198910713196
H 0.1958790123462677 -2.2347707748413086 -0.7962455749511719
H -0.16204577684402466 -3.992105722427368 0.91502845287323
H 1.2612351179122925 -2.9971063137054443 1.3080527782440186
H -0.2711741030216217 -2.7421207427978516 2.1755924224853516
H -2.220856189727783 -1.7214903831481934 0.9936633110046387
H -2.0783591270446777 -1.2502857446670532 -0.7166879773139954
H -2.1113884449005127 -2.9726593494415283 -0.267595499753952
H 1.6299999952316284 -0.06400000303983688 -3.2260000705718994
