N -1.6610000133514404 0.6269999742507935 -0.4059999883174896
C -0.20499999821186066 0.4410000145435333 -0.46700000762939453
C 0.18000000715255737 -0.054999999701976776 -1.8359999656677246
O -0.5910000205039978 -0.7310000061988831 -2.4739999771118164
C 0.22099989652633667 -0.5829997658729553 0.5849997401237488
C 0.30629250407218933 -1.9694715738296509 -0.05702700465917587
C 0.7330214977264404 -2.994417190551758 0.9957302808761597
C -1.060917615890503 -2.3556272983551025 -0.620943009853363
O 1.3819999694824219 0.2540000081062317 -2.3480000495910645
H -2.0769999027252197 -0.2720000147819519 -0.5920000076293945
H -1.8839999437332153 0.8579999804496765 0.550000011920929
H 0.29100000858306885 1.3910000324249268 -0.2709999978542328
H -0.5117418169975281 -0.6013081073760986 1.391535758972168
H 1.1960318088531494 -0.30801859498023987 0.9876660108566284
H 1.040327548980713 -1.9510613679885864 -0.8620409965515137
H 0.7933220267295837 -3.9812278747558594 0.5387471914291382
H 1.7079709768295288 -2.7184393405914307 1.398400068283081
H 0.00027990771923214197 -3.012725591659546 1.8022663593292236
H -1.7936592102050781 -2.3739356994628906 0.18559299409389496
H -1.3643780946731567 -1.6255685091018677 -1.3711038827896118
H -0.9997764229774475 -3.343369483947754 -1.0785783529281616
H 1.6299999952316284 -0.06400000303983688 -3.2260000705718994
