N -1.6610000133514404 0.6269999742507935 -0.4059999883174896
C -0.20499999821186066 0.4410000145435333 -0.46700000762939453
C 0.18000000715255737 -0.054999999701976776 -1.8359999656677246
O -0.5910000205039978 -0.7310000061988831 -2.4739999771118164
C 0.22099988162517548 -0.5829997062683105 0.5849997401237488
C 0.8061455488204956 -1.814950704574585 -0.10903091728687286
C 1.2329026460647583 -2.839789867401123 0.9438186883926392
C -0.24909235537052155 -2.433619499206543 -1.0256022214889526
O 1.3819999694824219 0.2540000081062317 -2.3480000495910645
H -2.0769999027252197 -0.2720000147819519 -0.5920000076293945
H -1.8839999437332153 0.8579999804496765 0.550000011920929
H 0.29100000858306885 1.3910000324249268 -0.2709999978542328
H -0.6454551815986633 -0.8775091767311096 1.1768323183059692
H 0.9735376834869385 -0.14225217700004578 1.2391177415847778
H 1.6734423637390137 -1.5202388763427734 -0.6990606784820557
H 1.6490004062652588 -3.7167131900787354 0.44972050189971924
H 1.9851042032241821 -2.398101806640625 1.597988247871399
H 0.36644768714904785 -3.1342992782592773 1.5356513261795044
H -1.1155474185943604 -2.7281289100646973 -0.43376970291137695
H -0.5525367856025696 -1.7034826278686523 -1.775693655014038
H 0.1681840866804123 -3.3111581802368164 -1.5201818943023682
H 1.6299999952316284 -0.06400000303983688 -3.2260000705718994
