N -1.6610000133514404 0.6269999742507935 -0.4059999883174896
C -0.20499999821186066 0.4410000145435333 -0.46700000762939453
C 0.18000000715255737 -0.054999999701976776 -1.8359999656677246
O -0.5910000205039978 -0.7310000061988831 -2.4739999771118164
C 0.22099988162517548 -0.5829997062683105 0.5849997401237488
C 0.8966383337974548 -1.7712010145187378 -0.1030900850892067
C 1.3233951330184937 -2.7960205078125 0.9497787952423096
C -0.08384628593921661 -2.4203696250915527 -1.0796202421188354
O 1.3819999694824219 0.2540000081062317 -2.3480000495910645
H -2.0769999027252197 -0.2720000147819519 -0.5920000076293945
H -1.8839999437332153 0.8579999804496765 0.550000011920929
H 0.29100000858306885 1.3910000324249268 -0.2709999978542328
H -0.6566150784492493 -0.9304841160774231 1.129786491394043
H 0.9202280044555664 -0.12051043659448624 1.2818682193756104
H 1.7749998569488525 -1.4235116243362427 -0.6460328698158264
H 1.803911566734314 -3.6418204307556152 0.4598897397518158
H 2.0222396850585938 -2.332609176635742 1.646700143814087
H 0.4457802474498749 -3.1435048580169678 1.4945656061172485
H -0.9614611864089966 -2.7678539752960205 -0.534833550453186
H -0.38729190826416016 -1.6902185678482056 -1.8296973705291748
H 0.3978983163833618 -3.2667181491851807 -1.5699458122253418
H 1.6299999952316284 -0.06400000303983688 -3.2260000705718994
